17.750 18.000 64 7 0 A[1]
18.000 18.500 64 7 1 TISKET[1]
18.500 18.625 61 4 0 TISKET[2]
18.625 18.875 62 5 0 A[1]
18.875 19.250 64 7 1 TASKET[1]
19.250 19.500 61 4 0 TASKET[2]
19.750 20.000 64 7 0 A[1]
20.000 20.250 69 0 1 BROWN[1]
20.250 20.500 68 11 0 AND[1]
20.500 20.625 66 9 1 YELLOW[1]
20.625 20.875 64 7 0 YELLOW[2]
20.875 21.250 64 7 1 BASKET[1]
21.250 21.750 61 4 0 BASKET[2]
21.750 22.000 61 4 0 I[1]
22.000 22.125 62 5 1 SEND[1]
22.125 22.375 62 5 0 A[1]
22.375 22.625 62 5 1 LETTER[1]
22.625 22.875 59 2 0 LETTER[2]
22.875 23.125 62 5 0 TO[1]
23.125 23.375 62 5 0 MY[1]
23.375 23.625 62 5 1 MOMMY[1]
23.625 24.000 59 2 0 MOMMY[2]
24.000 24.250 62 5 0 ON[1]
24.250 24.375 64 7 0 THE[1]
24.375 24.625 61 4 1 WAY[1]
24.625 24.875 59 2 0 I[1]
24.875 25.125 61 4 1 DROPPED[1]
25.125 25.250 64 7 0 IT[1]
25.750 26.000 61 4 0 I[1]
26.000 26.500 64 7 1 DROPPED[1]
26.500 26.625 61 4 0 IT[1]
26.625 26.875 62 5 0 I[1]
26.875 27.125 64 7 1 DROPPED[1]
27.125 27.500 61 4 0 IT[1]
27.750 28.000 64 7 1 YES[1]
28.000 28.250 64 7 0 ON[1]
28.250 28.375 64 7 0 THE[1]
28.375 28.625 64 7 1 WAY[1]
28.625 29.000 66 9 0 I[1]
29.000 29.250 64 7 1 DROPPED[1]
29.250 29.500 61 4 0 IT[1]
29.750 30.000 61 4 0 A[1]
30.000 30.125 62 5 1 LITTLE[1]
30.125 30.375 62 5 0 LITTLE[2]
30.375 30.625 62 5 1 GIRLIE[1]
30.625 30.875 59 2 0 GIRLIE[2]
30.875 31.125 62 5 1 PICKED[1]
31.125 31.375 62 5 0 IT[1]
31.375 31.750 62 5 0 UP[1]
31.750 32.000 59 2 0 AND[1]
32.000 32.125 62 5 1 PUT[1]
32.125 32.500 64 7 0 IT[1]
32.500 32.625 61 4 0 IN[1]
32.625 32.875 59 2 0 HER[1]
32.875 33.125 61 4 1 POCKET[1]
33.125 33.500 57 0 0 POCKET[2]
33.625 33.750 57 0 0 SHE[1]
33.750 34.000 57 0 1 WAS[1]
34.000 34.125 62 5 1 TRUCKIN'[1]
34.125 34.250 62 5 0 TRUCKIN'[2]
34.250 34.500 62 5 0 ON[1]
34.500 34.750 66 9 0 DOWN[1]
34.750 34.875 66 9 0 THE[1]
34.875 35.125 65 8 1 AVENUE[1]
35.125 35.250 65 8 0 AVENUE[2]
35.250 35.750 62 5 2 AVENUE[3]
35.875 36.000 59 2 0 WITHOUT[1]
36.000 36.125 61 4 1 WITHOUT[2]
36.125 36.375 64 7 0 A[1]
36.375 36.625 61 4 1 SINGLE[1]
36.625 36.875 64 7 0 SINGLE[2]
36.875 37.000 61 4 1 THING[1]
37.125 37.375 57 0 0 TO[1]
37.375 37.500 59 2 1 DO[1]
37.625 37.750 57 0 0 SHE[1]
37.750 38.000 59 2 1 WAS[1]
38.000 38.125 62 5 1 PECK[1]
38.250 38.375 62 5 1 PECK[1]
38.500 38.625 62 5 1 PECKING[1]
38.625 38.875 62 5 0 PECKING[2]
38.875 39.250 65 8 0 ALL[1]
39.250 39.375 62 5 0 AROUND[1]
39.375 40.000 64 7 1 AROUND[2]
40.000 40.250 61 4 0 WHEN[1]
40.250 40.500 64 7 0 SHE[1]
40.500 40.625 64 7 1 SPIED[1]
40.625 40.875 66 9 0 IT[1]
40.875 41.000 60 3 0 ON[1]
41.125 41.375 57 0 0 THE[1]
41.375 41.500 59 2 1 GROUND[1]
41.750 42.000 64 7 0 SHE[1]
42.000 42.500 64 7 1 TOOK[1]
42.500 42.750 61 4 0 IT[1]
42.750 43.000 64 7 0 SHE[1]
43.000 43.375 64 7 1 TOOK[1]
43.375 43.500 61 4 0 IT[1]
43.750 44.000 62 5 0 MY[1]
44.000 44.125 64 7 1 LITTLE[1]
44.125 44.375 64 7 0 LITTLE[2]
44.375 44.625 64 7 1 YELLOW[1]
44.625 44.875 66 9 0 YELLOW[2]
44.875 45.375 64 7 1 BASKET[1]
45.375 45.500 61 4 0 BASKET[2]
45.750 46.000 61 4 0 AND[1]
46.000 46.250 62 5 0 IF[1]
46.250 46.500 62 5 0 SHE[1]
46.500 46.625 62 5 1 DOESN'T[1]
46.625 46.875 59 2 0 DOESN'T[2]
46.875 47.125 62 5 1 BRING[1]
47.125 47.375 62 5 0 IT[1]
47.375 47.625 62 5 1 BACK[1]
47.625 48.000 64 7 0 I[1]
48.000 48.250 64 7 1 THINK[1]
48.250 48.500 62 5 0 THAT[1]
48.500 48.750 61 4 0 I[1]
48.750 49.000 59 2 0 WILL[1]
49.000 60.000 57 0 1 DIE[1]
60.750 61.000 64 7 0 A[1]
61.000 61.500 64 7 1 TISKET[1]
61.500 61.625 60 3 0 TISKET[2]
61.625 61.875 62 5 0 A[1]
61.875 62.250 64 7 1 TASKET[1]
62.250 62.500 60 3 0 TASKET[2]
62.750 63.000 62 5 0 I[1]
63.000 63.250 64 7 1 LOST[1]
63.250 63.500 69 0 0 MY[1]
63.500 63.625 67 10 1 YELLOW[1]
63.625 63.875 65 8 0 YELLOW[2]
63.875 64.250 64 7 1 BASKET[1]
64.250 64.750 60 3 0 BASKET[2]
64.750 65.000 60 3 0 AND[1]
65.000 65.250 62 5 0 IF[1]
65.250 65.500 62 5 0 THAT[1]
65.500 65.625 59 2 1 GIRLIE[1]
65.625 65.875 59 2 0 GIRLIE[2]
65.875 66.125 62 5 1 DON'T[1]
66.125 66.375 62 5 0 RETURN[1]
66.375 66.625 59 2 1 RETURN[2]
66.625 67.000 59 2 0 IT[1]
67.000 67.250 64 7 1 DON'T[1]
67.250 67.500 62 5 1 KNOW[1]
67.500 67.625 60 3 0 WHAT[1]
67.625 67.875 59 2 1 I'LL[1]
67.875 68.500 64 7 1 DO[1]
68.625 69.000 69 0 1 OH[1]
69.000 69.750 69 0 1 DEAR[1]
69.750 70.000 66 9 0 I[1]
70.000 70.250 69 0 1 WONDER[1]
70.250 70.500 73 4 0 WONDER[2]
70.500 70.750 69 0 0 WHERE[1]
70.750 71.000 66 9 0 MY[1]
71.000 71.500 69 0 1 BASKET[1]
71.500 71.750 69 0 0 BASKET[2]
71.750 72.000 69 0 0 CAN[1]
72.000 72.125 66 9 1 BE[1]
76.500 77.250 73 4 1 OH[1]
77.250 77.875 69 0 1 GEE[1]
77.875 78.125 69 0 0 I[1]
78.125 78.375 69 0 1 WISH[1]
78.375 78.625 69 0 0 THAT[1]
78.625 78.750 69 0 1 LITTLE[1]
78.750 78.875 66 9 0 LITTLE[2]
78.875 79.500 69 0 1 GIRL[1]
79.500 79.750 69 0 0 I[1]
79.750 80.000 69 0 0 COULD[1]
80.000 80.250 66 9 1 SEE[1]
84.625 85.000 71 2 1 OH[1]
85.000 85.250 71 2 1 WHY[1]
85.250 85.500 71 2 1 WAS[1]
85.500 85.750 71 2 0 I[1]
85.750 86.000 69 0 0 SO[1]
86.000 86.250 71 2 1 CARELESS[1]
86.250 86.500 71 2 0 CARELESS[2]
86.500 86.750 71 2 0 WITH[1]
86.750 87.000 69 0 0 THAT[1]
87.000 87.500 71 2 1 BASKET[1]
87.500 87.625 71 2 0 BASKET[2]
87.625 87.875 69 0 0 OF[1]
87.875 88.000 66 9 0 MINE[1]
88.750 89.000 71 2 0 THAT[1]
89.000 89.125 71 2 2 ITTY-BITTY[1]
89.125 89.375 69 0 0 ITTY-BITTY[2]
89.375 89.500 71 2 1 ITTY-BITTY[3]
89.500 89.875 69 0 0 ITTY-BITTY[4]
89.875 90.125 71 2 1 BASKET[1]
90.125 90.500 69 0 0 BASKET[2]
90.500 90.750 72 3 1 WAS[1]
90.750 91.000 71 2 0 A[1]
91.000 91.500 69 0 1 JOY[1]
91.500 91.750 66 9 0 OF[1]
91.750 92.500 64 7 0 MINE[1]
92.875 93.000 61 4 0 A[1]
93.000 93.125 64 7 1 TISKET[1]
93.125 93.250 57 0 0 TISKET[2]
93.875 94.000 61 4 0 A[1]
94.000 94.125 64 7 1 TASKET[1]
94.125 94.250 57 0 0 TASKET[2]
94.875 95.000 64 7 0 I[1]
95.000 95.250 69 0 1 LOST[1]
95.250 95.500 67 10 0 MY[1]
95.500 95.625 64 7 1 YELLOW[1]
95.625 95.875 66 9 0 YELLOW[2]
95.875 96.000 72 3 1 BASKET[1]
96.250 96.500 69 0 0 BASKET[2]
96.750 97.000 76 7 1 WON'T[1]
97.000 97.125 76 7 1 SOMEONE[1]
97.125 97.375 76 7 2 SOMEONE[2]
97.375 97.625 73 4 1 HELP[1]
97.625 97.875 71 2 0 ME[1]
97.875 98.125 76 7 1 FIND[1]
98.125 98.375 76 7 0 MY[1]
98.375 98.625 73 4 1 BASKET(2)[1]
98.625 98.875 71 2 0 AND[1]
98.875 99.125 76 7 1 MAKE[1]
99.125 99.375 78 9 0 ME[1]
99.375 99.500 84 3 1 HAPPY[1]
99.625 99.750 81 0 0 HAPPY[2]
99.750 99.875 83 2 0 AGAIN[1]
99.875 100.125 81 0 1 AGAIN[2]
100.125 100.250 84 3 0 AGAIN[1]
100.375 100.500 81 0 1 AGAIN[2]
101.500 101.750 93 0 0 NO[1]
101.750 102.000 90 9 0 NO[1]
102.000 102.375 93 0 0 NO[1]
102.375 102.750 90 9 0 NO[1]
103.500 103.750 93 0 0 NO[1]
103.750 104.000 90 9 0 NO[1]
104.000 104.375 93 0 0 NO[1]
104.375 104.750 90 9 0 NO[1]
105.500 105.750 93 0 0 NO[1]
105.750 106.000 90 9 0 NO[1]
106.000 106.375 93 0 0 NO[1]
106.375 106.625 90 9 0 NO[1]
106.625 106.875 88 7 1 JUST[1]
106.875 107.000 90 9 0 A[1]
107.000 107.125 93 0 1 LITTLE[1]
107.125 107.375 90 9 0 LITTLE[2]
107.375 107.500 96 3 1 YELLOW[1]
107.625 107.875 95 2 0 YELLOW[2]
107.875 108.250 95 2 1 BASKET[1]
108.250 108.500 93 0 0 BASKET[2]
