5.2500 5.3750 52 4 1 OH[1]
5.3750 5.5000 51 3 1 MA[1]
5.5000 5.5625 52 4 1 HONEY[1]
5.5625 5.7500 55 7 0 HONEY[2]
6.2500 6.3750 52 4 1 OH[1]
6.3750 6.5000 51 3 1 MA[1]
6.5000 6.5625 52 4 1 HONEY[1]
6.5625 6.7500 55 7 0 HONEY[2]
7.2500 7.3750 57 9 1 BETTER[1]
7.3750 7.5000 56 8 0 BETTER[2]
7.5000 7.5625 57 9 1 HURRY[1]
7.5625 7.8750 60 0 0 HURRY[2]
7.8750 8.0000 57 9 0 AND[1]
8.0000 8.2500 55 7 1 LET'S[1]
8.2500 8.5000 53 5 0 MEANDER[1]
8.5000 8.7500 52 4 1 MEANDER[2]
8.7500 9.0000 50 2 0 MEANDER[3]
9.2500 9.3750 52 4 1 AIN'T[1]
9.3750 9.5000 51 3 0 YOU[1]
9.5000 9.5625 52 4 1 GOIN'[1]
9.5625 9.7500 55 7 0 GOIN'[2]
10.2500 10.3750 55 7 1 AIN'T[1]
10.3750 10.5000 57 9 0 YOU[1]
10.5000 10.5625 58 10 1 GOIN'[1]
10.5625 10.7500 59 11 0 GOIN'[2]
11.3750 11.5000 52 4 0 THE[1]
11.5000 11.6250 54 6 1 LEADER[1]
11.6250 11.7500 52 4 0 LEADER[2]
11.7500 12.0000 50 2 1 MAN[1]
13.2500 13.3750 52 4 1 OH[1]
13.3750 13.5000 51 3 1 MA[1]
13.5000 13.5625 52 4 1 HONEY[1]
13.5625 13.7500 55 7 0 HONEY[2]
14.1250 14.3750 52 4 1 OH[1]
14.3750 14.5000 51 3 1 MA[1]
14.5000 14.5625 52 4 1 HONEY[1]
14.5625 14.7500 55 7 0 HONEY[2]
15.2500 15.3750 57 9 1 LET[1]
15.3750 15.5000 56 8 0 ME[1]
15.5000 15.6250 57 9 1 TAKE[1]
15.6250 15.8750 60 0 0 YOU[1]
15.8750 16.0000 57 9 0 TO[1]
16.0000 16.2500 55 7 2 ALEXANDER'S[1]
16.2500 16.5000 53 5 0 ALEXANDER'S[2]
16.5000 16.7500 52 4 1 ALEXANDER'S[3]
16.7500 17.0000 50 2 0 ALEXANDER'S[4]
17.0000 17.5000 48 0 1 GRAND[1]
17.5000 18.0000 55 7 1 STAND[1]
18.0000 18.5000 53 5 1 BRASS[1]
18.5000 19.0000 57 9 1 BAND[1]
19.2500 19.3750 55 7 1 AIN'T[1]
19.3750 19.5000 57 9 0 YOU[1]
19.5000 19.6250 59 11 1 COMIN'[1]
19.6250 19.7500 57 9 0 COMIN'[2]
19.7500 20.0000 55 7 0 ALONG[1]
20.0000 20.5000 60 0 1 ALONG[2]
20.6250 20.7500 56 3 1 COME[1]
20.7500 20.8750 57 4 0 ON[1]
20.8750 21.0000 56 3 0 AND[1]
21.0000 21.5000 57 4 1 HEAR[1]
21.6250 21.7500 56 3 1 COME[1]
21.7500 21.8750 57 4 0 ON[1]
21.8750 22.0000 56 3 0 AND[1]
22.0000 22.5000 57 4 1 HEAR[1]
22.7500 22.8750 57 4 2 ALEXANDER'S[1]
22.8750 23.0000 55 2 0 ALEXANDER'S[2]
23.0000 23.2500 57 4 1 ALEXANDER'S[3]
23.2500 23.5000 55 2 0 ALEXANDER'S[4]
23.5000 23.7500 52 11 1 RAGTIME[1]
23.7500 24.0000 48 7 2 RAGTIME[2]
24.0000 24.5000 53 0 1 BAND[1]
24.6250 24.7500 61 8 1 COME[1]
24.7500 24.8750 62 9 0 ON[1]
24.8750 25.0000 61 8 0 AND[1]
25.0000 25.5000 62 9 1 HEAR[1]
25.6250 25.7500 61 8 1 COME[1]
25.7500 25.8750 62 9 0 ON[1]
25.8750 26.0000 61 8 0 AND[1]
26.0000 26.5000 62 9 1 HEAR[1]
26.7500 26.8750 62 9 1 IT'S[1]
26.8750 27.0000 60 7 0 THE[1]
27.0000 27.2500 62 9 1 BEST[1]
27.2500 27.5000 58 5 1 BAND[1]
27.5000 27.7500 53 0 0 IN[1]
27.7500 28.0000 58 5 0 THE[1]
28.0000 28.5000 62 9 1 LAND[1]
30.7500 31.0000 55 2 1 WHY[1]
31.0000 31.2500 53 0 0 SO[1]
31.2500 31.3750 57 4 1 NATURAL[1]
31.3750 31.5000 48 7 0 NATURAL[2]
31.5000 31.7500 53 0 0 NATURAL[3]
31.7500 31.8750 57 4 0 THAT[1]
31.8750 32.0000 48 7 0 YOU[1]
32.0000 32.1250 53 0 1 WANT[1]
32.1250 32.2500 53 0 0 TO[1]
32.2500 32.3750 57 4 1 GO[1]
32.3750 32.5000 48 7 0 TO[1]
32.5000 32.7500 53 0 1 WAR[1]
33.0000 33.2500 55 2 1 THAT'S[1]
33.2500 33.5000 55 2 1 JUST[1]
33.7500 34.0000 57 4 0 THE[1]
34.0000 34.2500 59 6 1 BESTEST[1]
34.2500 34.5000 55 2 0 BESTEST[2]
34.5000 34.7500 57 4 1 BAND[1]
34.7500 35.0000 59 6 0 WHAT[1]
35.0000 35.1250 60 7 1 AM[1]
36.0000 36.1250 58 5 1 HONEY[1]
36.1250 36.2500 57 4 0 HONEY[2]
36.2500 36.5000 55 2 1 LAMB[1]
36.6250 36.7500 56 3 1 COME[1]
36.7500 36.8750 57 4 0 ON[1]
36.8750 37.0000 56 3 0 ALONG[1]
37.0000 37.5000 57 4 1 ALONG[2]
37.6250 37.7500 56 3 1 COME[1]
37.7500 37.8750 57 4 0 ON[1]
37.8750 38.0000 56 3 0 ALONG[1]
38.0000 38.5000 57 4 1 ALONG[2]
38.7500 38.8750 57 4 1 LET[1]
38.8750 39.0000 55 2 0 ME[1]
39.0000 39.2500 57 4 1 TAKE[1]
39.2500 39.5000 55 2 0 YOU[1]
39.5000 39.7500 52 11 0 BY[1]
39.7500 40.0000 48 7 0 THE[1]
40.0000 40.5000 53 0 1 HAND[1]
40.6250 40.7500 61 8 0 UP[1]
40.7500 40.8750 62 9 0 TO[1]
40.8750 41.0000 61 8 0 THE[1]
41.0000 41.5000 62 9 1 MAN[1]
41.6250 41.7500 61 8 0 UP[1]
41.7500 41.8750 62 9 0 TO[1]
41.8750 42.0000 61 8 0 THE[1]
42.0000 42.5000 62 9 1 MAN[1]
42.7500 42.8750 62 9 1 WHO'S[1]
42.8750 43.0000 61 8 0 THE[1]
43.0000 43.2500 62 9 1 LEADER[1]
43.2500 43.5000 58 5 0 LEADER[2]
43.5000 43.7500 53 0 0 OF[1]
43.7500 44.0000 58 5 0 THE[1]
44.0000 44.5000 62 9 1 BAND[1]
44.6250 44.7500 55 2 0 AND[1]
44.7500 44.8750 57 4 0 I[1]
44.8750 45.0000 58 5 0 WOULD[1]
45.0000 45.2500 60 7 0 LIKE[1]
45.2500 45.5000 60 7 0 TO[1]
45.5000 45.7500 60 7 1 HEAR[1]
45.7500 46.0000 57 4 0 THE[1]
46.0000 46.2500 55 2 1 SWANEE[1]
46.2500 46.5000 53 0 1 SWANEE[2]
46.5000 46.7500 57 4 1 RIVER[1]
46.7500 47.0000 55 2 0 RIVER[2]
47.0000 47.5000 58 5 1 PLAYED[1]
47.5000 47.8750 58 5 0 IN[1]
47.8750 48.0000 58 5 0 THE[1]
48.0000 48.2500 56 3 1 RAGTIME[1]
48.2500 48.5000 56 3 2 RAGTIME[2]
48.6250 48.7500 59 6 1 COME[1]
48.7500 48.8750 60 7 0 ON[1]
48.8750 49.0000 59 6 0 AND[1]
49.0000 49.5000 60 7 1 HEAR[1]
49.6250 49.7500 59 6 1 COME[1]
49.7500 49.8750 60 7 0 ON[1]
49.8750 50.0000 59 6 0 AND[1]
50.0000 50.5000 60 7 1 HEAR[1]
50.7500 50.8750 62 9 2 ALEXANDER'S[1]
50.8750 51.0000 60 7 0 ALEXANDER'S[2]
51.0000 51.2500 62 9 1 ALEXANDER'S[3]
51.2500 51.5000 60 7 0 ALEXANDER'S[4]
51.5000 51.7500 57 4 1 RAGTIME[1]
51.7500 52.0000 55 2 2 RAGTIME[2]
52.0000 52.5000 53 0 1 BAND[1]
52.6250 52.7500 56 3 1 COME[1]
52.7500 52.8750 57 4 0 ON[1]
52.8750 53.0000 56 3 0 AND[1]
53.0000 53.5000 57 4 1 HEAR[1]
53.6250 53.7500 56 3 1 COME[1]
53.7500 53.8750 57 4 0 ON[1]
53.8750 54.0000 56 3 0 AND[1]
54.0000 54.5000 57 4 1 HEAR[1]
54.7500 54.8750 57 4 2 ALEXANDER'S[1]
54.8750 55.0000 55 2 0 ALEXANDER'S[2]
55.0000 55.2500 57 4 1 ALEXANDER'S[3]
55.2500 55.5000 55 2 0 ALEXANDER'S[4]
55.5000 55.7500 52 11 1 RAGTIME[1]
55.7500 56.0000 48 7 2 RAGTIME[2]
56.0000 56.5000 53 0 1 BAND[1]
56.6250 56.7500 61 8 1 COME[1]
56.7500 56.8750 62 9 0 ON[1]
56.8750 57.0000 61 8 0 AND[1]
57.0000 57.5000 62 9 1 HEAR[1]
57.6250 57.7500 61 8 1 COME[1]
57.7500 57.8750 62 9 0 ON[1]
57.8750 58.0000 61 8 0 AND[1]
58.0000 58.5000 62 9 1 HEAR[1]
58.7500 58.8750 62 9 1 IT'S[1]
58.8750 59.0000 61 8 0 THE[1]
59.0000 59.2500 62 9 1 BEST[1]
59.2500 59.5000 58 5 1 BAND[1]
59.5000 59.7500 53 0 0 IN[1]
59.7500 60.0000 58 5 0 THE[1]
60.0000 60.5000 62 9 1 LAND[1]
62.7500 62.8750 57 4 1 WHY[1]
62.8750 63.0000 48 7 1 IT'S[1]
63.0000 63.2500 53 0 0 SO[1]
63.2500 63.3750 57 4 1 NATURAL[1]
63.3750 63.5000 48 7 0 NATURAL[2]
63.5000 63.7500 53 0 0 NATURAL[3]
63.7500 63.8750 57 4 0 THAT[1]
63.8750 64.0000 48 7 0 YOU[1]
64.0000 64.1250 57 4 1 WANT[1]
64.1250 64.2500 57 4 0 TO[1]
64.2500 64.3750 58 5 1 GO[1]
64.3750 64.5000 60 7 0 TO[1]
64.5000 64.7500 53 0 1 WAR[1]
65.8750 66.2500 55 2 1 THAT'S[1]
66.2500 66.5000 55 2 1 JUST[1]
66.7500 67.0000 57 4 0 THE[1]
67.0000 67.2500 59 6 1 BESTEST[1]
67.2500 67.5000 55 2 0 BESTEST[2]
67.5000 67.7500 57 4 1 BAND[1]
67.7500 68.0000 59 6 0 WHAT[1]
68.0000 68.1250 60 7 1 AM[1]
69.0000 69.1250 58 5 1 HONEY[1]
69.1250 69.2500 57 4 0 HONEY[2]
69.2500 69.5000 55 2 1 LAMB[1]
69.6250 69.7500 56 3 1 COME[1]
69.7500 69.8750 57 4 0 ON[1]
69.8750 70.0000 56 3 0 ALONG[1]
70.0000 70.5000 57 4 1 ALONG[2]
70.6250 70.7500 56 3 1 COME[1]
70.7500 70.8750 57 4 0 ON[1]
70.8750 71.0000 56 3 0 ALONG[1]
71.0000 71.5000 57 4 1 ALONG[2]
71.7500 71.8750 57 4 1 LET[1]
71.8750 72.0000 55 2 0 ME[1]
72.0000 72.2500 57 4 1 TAKE[1]
72.2500 72.5000 55 2 0 YOU[1]
72.5000 72.7500 52 11 0 BY[1]
72.7500 73.0000 48 7 0 THE[1]
73.0000 73.5000 53 0 1 HAND[1]
73.6250 73.7500 60 7 0 UP[1]
73.7500 73.8750 62 9 0 TO[1]
73.8750 74.0000 60 7 0 THE[1]
74.0000 74.5000 62 9 1 MAN[1]
74.6250 74.7500 61 8 0 UP[1]
74.7500 74.8750 62 9 0 TO[1]
74.8750 75.0000 61 8 0 THE[1]
75.0000 75.5000 62 9 1 MAN[1]
75.7500 75.8750 62 9 1 WHO'S[1]
75.8750 76.0000 61 8 0 THE[1]
76.0000 76.2500 62 9 1 LEADER[1]
76.2500 76.5000 58 5 0 LEADER[2]
76.5000 76.7500 53 0 0 OF[1]
76.7500 77.0000 58 5 0 THE[1]
77.0000 77.5000 62 9 1 BAND[1]
77.6250 77.7500 55 2 0 AND[1]
77.7500 77.8750 57 4 0 I[1]
77.8750 78.0000 58 5 0 WOULD[1]
78.0000 78.2500 60 7 0 LIKE[1]
78.2500 78.5000 60 7 0 TO[1]
78.5000 78.7500 60 7 1 HEAR[1]
78.7500 79.0000 57 4 0 THE[1]
79.0000 79.2500 55 2 1 SWANEE[1]
79.2500 79.5000 53 0 1 SWANEE[2]
79.5000 79.7500 57 4 1 RIVER[1]
79.7500 80.0000 55 2 0 RIVER[2]
80.0000 80.5000 57 4 1 PLAYED[1]
80.5000 80.8750 58 5 0 IN[1]
80.8750 81.0000 58 5 0 THE[1]
81.0000 81.2500 56 3 1 RAGTIME[1]
81.2500 81.5000 56 3 2 RAGTIME[2]
81.6250 81.7500 59 6 1 COME[1]
81.7500 81.8750 60 7 0 ON[1]
81.8750 82.0000 59 6 0 AND[1]
82.0000 82.5000 60 7 1 HEAR[1]
82.6250 82.7500 59 6 1 COME[1]
82.7500 82.8750 60 7 0 ON[1]
82.8750 83.0000 59 6 0 AND[1]
83.0000 83.5000 60 7 1 HEAR[1]
83.7500 83.8750 62 9 2 ALEXANDER'S[1]
83.8750 84.0000 60 7 0 ALEXANDER'S[2]
84.0000 84.2500 62 9 1 ALEXANDER'S[3]
84.2500 84.5000 60 7 0 ALEXANDER'S[4]
84.5000 84.7500 57 4 1 RAGTIME[1]
84.7500 85.0000 55 2 2 RAGTIME[2]
85.0000 85.5000 53 0 1 BAND[1]
