0.000 0.125 56 4 1 DREAM[1]
1.000 1.250 61 9 1 DREAM[1]
1.250 1.500 61 9 1 DREAM[1]
1.500 1.750 59 7 1 DREAM[1]
2.000 2.125 56 4 1 DREAM[1]
3.000 3.250 61 9 1 DREAM[1]
3.250 3.500 61 9 1 DREAM[1]
3.500 3.750 59 7 1 DREAM[1]
3.875 4.000 57 5 0 WHEN[1]
4.000 4.250 56 4 0 I[1]
4.250 4.500 56 4 1 WANT[1]
4.500 5.000 56 4 0 YOU[1]
5.250 5.375 57 5 0 IN[1]
5.375 5.500 57 5 0 MY[1]
5.500 5.625 57 5 1 ARMS[1]
5.875 6.000 57 5 0 WHEN[1]
6.000 6.250 56 4 0 I[1]
6.250 6.500 56 4 1 WANT[1]
6.500 7.000 56 4 0 YOU[1]
7.125 7.250 57 5 0 AND[1]
7.250 7.375 57 5 0 ALL[1]
7.375 7.500 57 5 0 YOUR[1]
7.500 7.625 57 5 1 CHARMS[1]
7.875 8.000 57 5 0 WHENEVER[1]
8.000 8.125 56 4 1 WHENEVER[2]
8.125 8.250 54 2 0 WHENEVER[3]
8.250 8.500 56 4 0 I[1]
8.500 8.750 61 9 1 WANT[1]
8.750 8.875 55 3 0 YOU[1]
9.000 9.125 52 0 0 ALL[1]
9.125 9.250 52 0 0 I[1]
9.250 9.375 52 0 1 HAVE[1]
9.375 9.500 52 0 0 TO[1]
9.500 9.625 54 2 1 DO[1]
9.875 10.000 54 2 1 IS[1]
10.000 10.125 56 4 1 DREAM[1]
11.000 11.250 61 9 1 DREAM[1]
11.250 11.500 61 9 1 DREAM[1]
11.500 11.750 59 7 1 DREAM[1]
11.875 12.000 57 5 0 WHEN[1]
12.000 12.250 56 4 0 I[1]
12.250 12.500 56 4 1 FEEL[1]
12.500 13.000 56 4 1 BLUE[1]
13.250 13.375 57 5 0 IN[1]
13.375 13.500 57 5 0 THE[1]
13.500 13.625 57 5 1 NIGHT[1]
13.875 14.000 57 5 0 AND[1]
14.000 14.250 56 4 0 I[1]
14.250 14.500 56 4 1 NEED[1]
14.500 15.000 56 4 0 YOU[1]
15.125 15.250 57 5 0 TO[1]
15.250 15.375 57 5 1 HOLD[1]
15.375 15.500 57 5 0 ME[1]
15.500 15.625 57 5 1 TIGHT[1]
15.875 16.000 57 5 0 WHENEVER[1]
16.000 16.125 56 4 1 WHENEVER[2]
16.125 16.250 56 4 0 WHENEVER[3]
16.250 16.500 56 4 0 I[1]
16.500 16.750 61 9 1 WANT[1]
16.750 16.875 55 3 0 YOU[1]
17.000 17.125 52 0 0 ALL[1]
17.125 17.250 52 0 0 I[1]
17.250 17.375 52 0 1 HAVE[1]
17.375 17.500 52 0 0 TO[1]
17.500 17.625 54 2 1 DO[1]
17.875 18.000 54 2 1 IS[1]
18.000 18.125 56 4 1 DREAM[1]
20.000 20.125 61 9 0 I[1]
20.125 20.250 61 9 0 CAN[1]
20.250 20.375 61 9 1 MAKE[1]
20.375 20.500 61 9 0 YOU[1]
20.500 21.000 61 9 0 MINE[1]
21.000 21.125 59 7 1 TASTE[1]
21.125 21.250 59 7 0 YOUR[1]
21.250 21.375 59 7 1 LIPS[1]
21.375 21.500 59 7 0 OF[1]
21.500 22.000 59 7 1 WINE[1]
22.000 22.125 57 5 1 ANYTIME[1]
22.125 22.250 57 5 0 ANYTIME[2]
22.250 22.500 57 5 2 ANYTIME[3]
22.750 22.875 59 7 1 NIGHT[1]
22.875 23.000 57 5 0 OR[1]
23.000 23.500 56 4 1 DAY[1]
24.000 24.125 61 9 1 ONLY[1]
24.125 24.250 61 9 0 ONLY[2]
24.250 24.375 61 9 1 TROUBLE[1]
24.375 24.500 61 9 0 TROUBLE[2]
24.500 24.750 61 9 1 IS[1]
25.250 25.375 63 11 1 GEE[1]
25.500 25.875 59 7 1 WHIZ[1]
25.875 26.000 59 7 1 I'M[1]
26.000 26.167 61 9 1 DREAMIN'[1]
26.167 26.333 61 9 0 DREAMIN'[2]
26.333 26.500 61 9 0 MY[1]
26.500 26.625 61 9 1 LIFE[1]
26.875 27.000 61 9 0 AWAY[1]
27.000 27.500 59 7 1 AWAY[2]
27.750 27.875 57 5 0 I[1]
28.000 28.250 56 4 1 NEED[1]
28.250 28.500 56 4 0 YOU[1]
28.500 29.000 56 4 0 SO[1]
29.125 29.250 57 5 0 THAT[1]
29.250 29.375 57 5 0 I[1]
29.375 29.500 57 5 0 COULD[1]
29.500 29.625 57 5 1 DIE[1]
29.875 30.000 57 5 0 I[1]
30.000 30.250 56 4 1 LOVE[1]
30.250 30.500 56 4 0 YOU[1]
30.500 31.000 56 4 0 SO[1]
31.125 31.250 57 5 0 AND[1]
31.250 31.375 57 5 0 THAT[1]
31.375 31.500 57 5 1 IS[1]
31.500 31.625 57 5 1 WHY[1]
31.875 32.000 57 5 0 WHENEVER[1]
32.000 32.125 56 4 1 WHENEVER[2]
32.125 32.250 54 2 0 WHENEVER[3]
32.250 32.500 56 4 0 I[1]
32.500 32.750 61 9 1 WANT[1]
32.750 32.875 55 3 0 YOU[1]
33.000 33.125 52 0 0 ALL[1]
33.125 33.250 52 0 0 I[1]
33.250 33.375 52 0 1 HAVE[1]
33.375 33.500 52 0 0 TO[1]
33.500 33.625 54 2 1 DO[1]
33.875 34.000 54 2 1 IS[1]
34.000 34.125 56 4 1 DREAM[1]
35.000 35.250 61 9 1 DREAM[1]
35.250 35.500 61 9 1 DREAM[1]
35.500 35.750 59 7 1 DREAM[1]
36.000 36.125 56 4 1 DREAM[1]
38.000 38.125 61 9 0 I[1]
38.125 38.250 61 9 0 CAN[1]
38.250 38.375 61 9 1 MAKE[1]
38.375 38.500 61 9 0 YOU[1]
38.500 39.000 61 9 0 MINE[1]
39.000 39.125 59 7 1 TASTE[1]
39.125 39.250 59 7 0 YOUR[1]
39.250 39.375 59 7 1 LIPS[1]
39.375 39.500 59 7 0 OF[1]
39.500 40.000 59 7 1 WINE[1]
40.000 40.125 57 5 1 ANYTIME[1]
40.125 40.250 57 5 0 ANYTIME[2]
40.250 40.500 57 5 2 ANYTIME[3]
40.750 40.875 59 7 1 NIGHT[1]
40.875 41.000 57 5 0 OR[1]
41.000 41.500 56 4 1 DAY[1]
42.000 42.125 59 7 1 ONLY[1]
42.125 42.250 61 9 0 ONLY[2]
42.250 42.375 61 9 1 TROUBLE[1]
42.375 42.500 61 9 0 TROUBLE[2]
42.500 42.750 61 9 1 IS[1]
43.250 43.375 63 11 1 GEE[1]
43.500 43.875 59 7 1 WHIZ[1]
43.875 44.000 59 7 1 I'M[1]
44.000 44.167 61 9 1 DREAMIN'[1]
44.167 44.333 61 9 0 DREAMIN'[2]
44.333 44.500 61 9 0 MY[1]
44.500 44.625 61 9 1 LIFE[1]
44.875 45.000 61 9 0 AWAY[1]
45.000 45.750 59 7 1 AWAY[2]
45.750 45.875 57 5 0 I[1]
46.000 46.250 56 4 1 NEED[1]
46.250 46.500 56 4 0 YOU[1]
46.500 47.000 56 4 0 SO[1]
47.125 47.250 57 5 0 THAT[1]
47.250 47.375 57 5 0 I[1]
47.375 47.500 57 5 0 COULD[1]
47.500 47.625 57 5 1 DIE[1]
47.875 48.000 57 5 0 I[1]
48.000 48.250 56 4 1 LOVE[1]
48.250 48.500 56 4 0 YOU[1]
48.500 49.000 56 4 0 SO[1]
49.125 49.250 57 5 0 AND[1]
49.250 49.375 57 5 0 THAT[1]
49.375 49.500 57 5 1 IS[1]
49.500 49.625 57 5 1 WHY[1]
49.875 50.000 57 5 0 WHENEVER[1]
50.000 50.125 56 4 1 WHENEVER[2]
50.125 50.250 55 3 0 WHENEVER[3]
50.250 50.500 56 4 0 I[1]
50.500 50.750 61 9 1 WANT[1]
50.750 50.875 55 3 0 YOU[1]
51.000 51.125 52 0 0 ALL[1]
51.125 51.250 52 0 0 I[1]
51.250 51.375 52 0 1 HAVE[1]
51.375 51.500 52 0 0 TO[1]
51.500 51.625 54 2 1 DO[1]
51.875 52.000 54 2 1 IS[1]
52.000 52.125 56 4 1 DREAM[1]
53.000 53.250 61 9 1 DREAM[1]
53.250 53.500 61 9 1 DREAM[1]
53.500 53.750 59 7 1 DREAM[1]
54.000 54.125 56 4 1 DREAM[1]
55.000 55.250 61 9 1 DREAM[1]
55.250 55.500 61 9 1 DREAM[1]
55.500 55.750 59 7 1 DREAM[1]
56.000 56.125 56 4 1 DREAM[1]
57.000 57.250 61 9 1 DREAM[1]
57.250 57.500 61 9 1 DREAM[1]
57.500 57.750 59 7 1 DREAM[1]
