4.6250 4.7500 53 7 0 A[1]
4.7500 4.8750 55 9 1 WELL[1]
4.8750 5.0000 53 7 0 A[1]
5.0000 5.1250 58 0 1 BLESS[1]
5.1250 5.2500 58 0 0 A[1]
5.2500 5.5000 58 0 0 MY[1]
5.5000 5.6250 58 0 1 SOUL[1]
5.6250 5.7500 53 7 0 A[1]
5.7500 5.8750 55 9 1 WHAT'S[1]
5.8750 6.0000 53 7 0 A[1]
6.0000 6.2500 58 0 1 WRONG[1]
6.2500 6.3750 58 0 0 WITH[1]
6.3750 6.5000 53 7 0 ME[1]
6.8750 7.0000 53 7 1 I'M[1]
7.0000 7.1250 58 0 1 ITCHING[1]
7.1250 7.2500 58 0 0 ITCHING[2]
7.2500 7.3750 58 0 0 LIKE[1]
7.3750 7.5000 58 0 0 A[1]
7.5000 7.6250 58 0 1 MAN[1]
7.7500 7.8750 55 9 0 ON[1]
7.8750 8.0000 53 7 0 A[1]
8.0000 8.1250 58 0 1 FUZZY[1]
8.1250 8.3750 58 0 0 FUZZY[2]
8.3750 8.5000 53 7 1 TREE[1]
8.8750 9.0000 53 7 0 MY[1]
9.0000 9.2500 58 0 1 FRIENDS[1]
9.2500 9.3750 58 0 1 SAY[1]
9.3750 9.5000 58 0 1 I'M[1]
9.5000 9.7500 58 0 1 ACTIN'[1]
9.7500 10.0000 53 7 0 ACTIN'[2]
10.0000 10.1250 58 0 1 WILD[1]
10.1250 10.2500 58 0 0 AS[1]
10.2500 10.3750 58 0 0 A[1]
10.3750 10.6250 53 7 1 BUG[1]
10.6250 10.7500 53 7 1 I'M[1]
10.7500 10.8750 55 9 0 IN[1]
11.0000 11.2500 58 0 1 LOVE[1]
11.8750 12.0000 55 9 1 I'M[1]
12.0000 12.2500 58 0 0 ALL[1]
12.2500 12.3750 58 0 1 SHOOK[1]
12.3750 12.5000 58 0 0 UP[1]
12.6250 12.7500 53 7 1 MM[1]
13.8750 14.0000 58 0 1 MM[1]
14.6250 14.7500 60 2 1 YEAH[1]
15.1250 15.8750 58 0 1 YEAH[1]
15.8750 16.0000 58 0 1 YEAH[1]
16.6250 16.7500 53 7 1 OH[1]
16.7500 16.8750 55 9 1 WELL[1]
16.8750 17.0000 53 7 0 MY[1]
17.0000 17.2500 58 0 1 HANDS[1]
17.2500 17.3750 58 0 1 ARE[1]
17.3750 17.6250 58 0 1 SHAKY[1]
17.6250 17.7500 53 7 0 SHAKY[2]
17.7500 17.8750 55 9 0 AND[1]
17.8750 18.0000 53 7 0 MY[1]
18.0000 18.2500 58 0 1 KNEES[1]
18.2500 18.3750 58 0 1 ARE[1]
18.3750 18.5000 58 0 1 WEAK[1]
18.8750 19.0000 53 7 0 I[1]
19.0000 19.2500 58 0 1 CAN'T[1]
19.2500 19.3750 58 0 1 SEEM[1]
19.3750 19.5000 58 0 0 TO[1]
19.5000 19.6250 58 0 1 STAND[1]
19.7500 19.8750 55 9 0 ON[1]
19.8750 20.0000 53 7 0 MY[1]
20.0000 20.2500 58 0 1 OWN[1]
20.2500 20.3750 58 0 1 TWO[1]
20.3750 20.5000 58 0 1 FEET[1]
20.8750 21.0000 61 3 0 WHO[1]
21.2500 21.3750 58 0 1 DO[1]
21.3750 21.5000 58 0 0 YOU[1]
21.5000 21.6250 58 0 1 THANK[1]
21.6250 21.7500 53 7 1 OH[1]
21.7500 21.8750 55 9 0 WHEN[1]
21.8750 22.0000 53 7 0 YOU[1]
22.0000 22.2500 58 0 1 HAVE[1]
22.2500 22.5000 58 0 0 SUCH[1]
22.5000 22.6250 58 0 1 LUCK[1]
22.6250 22.7500 53 7 1 I'M[1]
22.7500 22.8750 55 9 0 IN[1]
23.0000 23.2500 58 0 1 LOVE[1]
23.8750 24.0000 55 9 1 I'M[1]
24.0000 24.2500 58 0 0 ALL[1]
24.2500 24.3750 58 0 1 SHOOK[1]
24.3750 24.5000 58 0 0 UP[1]
24.6250 24.7500 53 7 1 MM[1]
25.8750 26.0000 58 0 1 MM[1]
26.7500 26.8750 60 2 1 YEAH[1]
27.1250 27.8750 58 0 1 YEAH[1]
27.8750 28.0000 58 0 1 YEAH[1]
28.7500 28.8750 60 2 1 WELL[1]
28.8750 29.2500 61 3 1 PLEASE[1]
29.2500 29.3750 60 2 1 DON'T[1]
29.3750 29.6250 58 0 1 ASK[1]
29.6250 29.7500 58 0 0 ME[1]
29.7500 29.8750 58 0 1 WHAT'S[1]
29.8750 30.0000 55 9 0 A[1]
30.0000 30.2500 58 0 0 ON[1]
30.2500 30.3750 58 0 0 MY[1]
30.3750 30.5000 60 2 1 MIND[1]
30.6250 30.8750 58 0 1 I'M[1]
30.8750 31.0000 58 0 0 A[1]
31.0000 31.1250 61 3 1 LITTLE[1]
31.1250 31.2500 61 3 0 LITTLE[2]
31.2500 31.5000 61 3 1 MIXED[1]
31.5000 31.6250 60 2 0 UP[1]
31.7500 31.8750 60 2 0 BUT[1]
31.8750 32.0000 55 9 1 I'M[1]
32.0000 32.1250 58 0 1 FEELIN'[1]
32.1250 32.3750 58 0 0 FEELIN'[2]
32.3750 32.5000 53 7 1 FINE[1]
32.8750 33.0000 58 0 0 WHEN[1]
33.0000 33.1250 58 0 1 I'M[1]
33.1250 33.2500 58 0 0 NEAR[1]
33.2500 33.3750 58 0 0 THAT[1]
33.3750 33.7500 58 0 1 GIRL[1]
33.8750 34.0000 58 0 0 THAT[1]
34.0000 34.1250 58 0 0 I[1]
34.1250 34.3750 58 0 1 LOVE[1]
34.3750 34.5000 58 0 1 BEST[1]
34.8750 35.0000 58 0 0 MY[1]
35.0000 35.2500 60 2 1 HEART[1]
35.2500 35.5000 60 2 1 BEATS[1]
35.5000 35.6250 60 2 0 SO[1]
35.6250 35.7500 60 2 0 IT[1]
35.8750 36.2500 67 9 1 SCARES[1]
36.2500 36.3750 67 9 0 ME[1]
36.3750 36.5000 65 7 0 TO[1]
36.5000 36.6250 67 9 1 DEATH[1]
36.6250 36.7500 65 7 1 WELL[1]
36.7500 36.8750 65 7 0 SHE[1]
36.8750 37.1250 65 7 1 TOUCHED[1]
37.1250 37.2500 58 0 0 A[1]
37.2500 37.5000 58 0 0 MY[1]
37.5000 37.6250 58 0 1 HAND[1]
37.6250 37.7500 53 7 0 A[1]
37.7500 37.8750 55 9 0 WHAT[1]
37.8750 38.0000 53 7 0 A[1]
38.0000 38.2500 58 0 1 CHILL[1]
38.2500 38.3750 58 0 0 I[1]
38.3750 38.5000 53 7 1 GOT[1]
38.8750 39.0000 53 7 0 HER[1]
39.0000 39.2500 58 0 1 LIPS[1]
39.2500 39.3750 58 0 1 ARE[1]
39.3750 39.5000 58 0 0 LIKE[1]
39.6250 39.7500 53 7 0 A[1]
39.7500 40.0000 55 9 0 VOLCANO[1]
40.0000 40.1250 58 0 1 VOLCANO[2]
40.1250 40.2500 58 0 0 VOLCANO[3]
40.2500 40.3750 58 0 1 THAT'S[1]
40.3750 40.5000 53 7 1 HOT[1]
40.8750 41.1250 58 0 1 I'M[1]
41.1250 41.3750 58 0 1 PROUD[1]
41.3750 41.5000 58 0 0 TO[1]
41.5000 41.6250 58 0 1 SAY[1]
41.6250 41.7500 53 7 0 THAT[1]
41.7500 41.8750 55 9 1 SHE'S[1]
41.8750 42.1250 53 7 0 MY[1]
42.1250 42.2500 58 0 1 BUTTERCUP[1]
42.2500 42.3750 58 0 0 BUTTERCUP[2]
42.3750 42.6250 58 0 2 BUTTERCUP[3]
42.6250 42.7500 53 7 1 I'M[1]
42.7500 42.8750 55 9 0 IN[1]
43.0000 43.2500 58 0 1 LOVE[1]
43.8750 44.0000 55 9 1 I'M[1]
44.0000 44.2500 58 0 0 ALL[1]
44.2500 44.3750 58 0 1 SHOOK[1]
44.3750 44.5000 58 0 0 UP[1]
44.6250 44.7500 53 7 1 MM[1]
45.8750 46.0000 58 0 1 MM[1]
46.7500 46.8750 60 2 1 YEAH[1]
47.1250 47.8750 58 0 1 YEAH[1]
47.8750 48.2500 58 0 1 YEAH[1]
48.8750 49.0000 55 9 0 MY[1]
49.0000 49.2500 61 3 1 TONGUE[1]
49.2500 49.5000 61 3 1 GET[1]
49.5000 49.6250 60 2 1 TIED[1]
49.7500 49.8750 58 0 0 WHEN[1]
49.8750 50.0000 55 9 0 I[1]
50.0000 50.1250 58 0 1 TRY[1]
50.1250 50.3750 58 0 0 TO[1]
50.3750 50.5000 60 2 1 SPEAK[1]
50.8750 51.0000 55 9 0 MY[1]
51.0000 51.2500 61 3 2 INSIDES[1]
51.2500 51.5000 61 3 1 INSIDES[2]
51.5000 51.6250 60 2 1 SHAKE[1]
51.6250 51.7500 55 9 0 A[1]
51.7500 51.8750 58 0 0 LIKE[1]
51.8750 52.0000 55 9 0 A[1]
52.0000 52.1250 58 0 1 LEAF[1]
52.1250 52.2500 58 0 0 ON[1]
52.2500 52.3750 58 0 0 A[1]
52.3750 52.5000 53 7 1 TREE[1]
52.8750 53.0000 55 9 1 THERE'S[1]
53.0000 53.1250 58 0 1 ONLY[1]
53.1250 53.2500 58 0 0 ONLY[2]
53.2500 53.5000 58 0 0 ONE[1]
53.5000 53.7500 58 0 1 CURE[1]
53.7500 53.8750 58 0 0 FOR[1]
53.8750 54.0000 55 9 0 THIS[1]
54.0000 54.1250 58 0 1 BODY[1]
54.1250 54.2500 58 0 0 BODY[2]
54.2500 54.3750 58 0 0 OF[1]
54.3750 54.7500 58 0 0 MINE[1]
54.7500 54.8750 58 0 1 THAT'S[1]
54.8750 55.0000 58 0 0 TO[1]
55.0000 55.2500 60 2 1 HAVE[1]
55.2500 55.5000 60 2 0 THAT[1]
55.5000 55.7500 60 2 1 GIRL[1]
55.7500 55.8750 60 2 0 THAT[1]
55.8750 56.0000 60 2 0 I[1]
56.0000 56.2500 67 9 1 LOVE[1]
56.2500 56.3750 65 7 0 SO[1]
56.5000 56.7500 65 7 1 FINE[1]
56.7500 56.8750 65 7 0 WHEN[1]
56.8750 57.0000 65 7 0 SHE[1]
57.0000 57.1250 67 9 1 TOUCHED[1]
57.2500 57.3750 61 3 0 MY[1]
57.3750 57.5000 62 4 1 HAND[1]
57.6250 57.7500 53 7 0 AND[1]
57.7500 57.8750 55 9 0 WHAT[1]
57.8750 58.0000 53 7 0 A[1]
58.0000 58.1250 58 0 1 CHILL[1]
58.1250 58.3750 58 0 0 I[1]
58.3750 58.5000 53 7 1 GOT[1]
58.8750 59.0000 53 7 0 HER[1]
59.0000 59.2500 58 0 1 LIPS[1]
59.2500 59.3750 58 0 1 ARE[1]
59.3750 59.5000 58 0 0 LIKE[1]
59.6250 59.7500 53 7 0 A[1]
59.7500 59.8750 55 9 0 VOLCANO[1]
60.0000 60.1250 58 0 1 VOLCANO[2]
60.1250 60.2500 58 0 0 VOLCANO[3]
60.2500 60.3750 58 0 1 THAT'S[1]
60.3750 60.5000 53 7 1 HOT[1]
60.8750 61.1250 58 0 1 I'M[1]
61.1250 61.3750 58 0 1 PROUD[1]
61.3750 61.5000 58 0 0 TO[1]
61.5000 61.6250 58 0 1 SAY[1]
61.6250 61.7500 53 7 0 THAT[1]
61.7500 61.8750 55 9 1 SHE'S[1]
61.8750 62.1250 53 7 0 MY[1]
62.1250 62.2500 58 0 1 BUTTERCUP[1]
62.2500 62.3750 58 0 0 BUTTERCUP[2]
62.3750 62.6250 58 0 2 BUTTERCUP[3]
62.6250 62.7500 53 7 1 I'M[1]
62.7500 62.8750 55 9 0 IN[1]
63.0000 63.2500 58 0 1 LOVE[1]
63.8750 64.0000 55 9 1 I'M[1]
64.0000 64.2500 58 0 0 ALL[1]
64.2500 64.3750 58 0 1 SHOOK[1]
64.3750 64.5000 58 0 0 UP[1]
64.6250 64.7500 53 7 1 MM[1]
65.8750 66.0000 58 0 1 MM[1]
66.7500 66.8750 60 2 1 YEAH[1]
67.1250 67.8750 58 0 1 YEAH[1]
67.8750 68.2500 58 0 1 YEAH[1]
68.6250 68.7500 53 7 1 MM[1]
69.8750 70.0000 58 0 1 MM[1]
70.8750 71.0000 60 2 1 YEAH[1]
71.1250 71.5000 58 0 1 YEAH[1]
71.8750 72.0000 53 7 1 I'M[1]
72.0000 72.2500 58 0 0 ALL[1]
72.2500 72.3750 58 0 1 SHOOK[1]
72.3750 72.5000 58 0 0 UP[1]
