48.7500 49.0000 45 7 0 ALONE[1]
49.0000 49.7500 47 9 1 ALONE[2]
49.7500 50.0000 62 0 0 ALONE[1]
50.0000 50.2500 61 11 1 ALONE[2]
50.2500 50.3750 57 7 0 WITH[1]
50.3750 50.5000 61 11 0 THE[1]
50.5000 50.6667 59 9 1 SKY[1]
50.6667 50.8333 54 4 0 OF[1]
50.8333 51.0000 57 7 0 ROMANCE[1]
51.0000 51.7500 55 5 1 ROMANCE[2]
51.8750 52.0000 45 7 0 ABOVE[1]
52.0000 52.5000 52 2 1 ABOVE[2]
52.7500 53.0000 45 7 0 ALONE[1]
53.0000 53.7500 47 9 1 ALONE[2]
53.7500 54.0000 62 0 0 ALONE[1]
54.0000 54.2500 61 11 1 ALONE[2]
54.2500 54.3750 57 7 0 ON[1]
54.3750 54.5000 61 11 0 A[1]
54.5000 54.7500 59 9 1 NIGHT[1]
54.7500 54.8750 54 4 0 THAT[1]
54.8750 55.0000 57 7 1 WAS[1]
55.0000 55.5000 55 5 1 MEANT[1]
55.7500 56.0000 45 7 0 FOR[1]
56.0000 56.5000 52 2 1 LOVE[1]
56.7500 57.0000 54 4 1 THERE[1]
57.0000 57.2500 57 7 0 MUST[1]
57.2500 57.5000 57 7 1 BE[1]
57.5000 57.7500 57 7 1 SOMEONE[1]
57.7500 58.0000 54 4 2 SOMEONE[2]
58.0000 58.1250 59 9 1 WAITING[1]
58.1250 58.7500 59 9 0 WAITING[2]
58.7500 59.0000 59 9 0 WHO[1]
59.0000 59.3750 54 4 1 FEELS[1]
59.3750 59.5000 52 2 0 THE[1]
59.5000 59.6250 50 0 1 WAY[1]
59.6250 60.0000 50 0 0 I[1]
60.0000 61.0000 54 4 1 DO[1]
61.2500 61.5000 47 9 0 WHOEVER[1]
61.5000 61.7500 47 9 1 WHOEVER[2]
61.7500 61.8750 49 11 0 WHOEVER[3]
61.8750 62.0000 50 0 0 YOU[1]
62.0000 62.5000 54 4 1 ARE[1]
62.7500 63.0000 50 0 1 ARE[1]
63.0000 63.7500 52 2 0 YOU[1]
63.7500 64.0000 52 2 1 ARE[1]
64.0000 64.5000 53 3 0 YOU[1]
64.7500 65.0000 45 7 0 ALONE[1]
65.0000 65.7500 47 9 1 ALONE[2]
65.7500 66.0000 62 0 0 ALONE[1]
66.0000 66.2500 61 11 1 ALONE[2]
66.2500 66.3750 57 7 0 ON[1]
66.3750 66.5000 61 11 0 THIS[1]
66.5000 66.6667 59 9 1 NIGHT[1]
66.6667 66.8333 54 4 0 THAT[1]
66.8333 67.0000 57 7 0 WE[1]
67.0000 67.7500 55 5 1 TOO[1]
67.7500 68.0000 45 7 0 SHALL[1]
68.0000 68.5000 52 2 1 SHARE[1]
68.7500 69.0000 45 7 0 ALONE[1]
69.0000 69.7500 47 9 1 ALONE[2]
69.7500 70.0000 62 0 0 ALONE[1]
70.0000 70.1667 61 11 1 ALONE[2]
70.1667 70.3333 57 7 0 WITH[1]
70.3333 70.5000 61 11 0 YOU[1]
70.5000 70.6667 59 9 1 KISS[1]
70.6667 70.8333 54 4 0 THAT[1]
70.8333 71.0000 57 7 0 COULD[1]
71.0000 71.5000 55 5 1 MAKE[1]
71.7500 72.0000 45 7 0 ME[1]
72.0000 72.5000 52 2 1 CARE[1]
72.7500 73.0000 54 4 0 AND[1]
73.0000 73.2500 57 7 0 WHEN[1]
73.2500 73.5000 57 7 0 YOU[1]
73.5000 73.7500 57 7 1 COME[1]
73.7500 74.0000 54 4 0 I[1]
74.0000 74.1250 59 9 1 PROMISE[1]
74.1250 74.5000 59 9 0 PROMISE[2]
74.7500 75.0000 59 9 0 TO[1]
75.0000 75.2500 54 4 1 BE[1]
75.2500 75.5000 54 4 0 YOUR[1]
75.5000 75.7500 50 0 1 VERY[1]
75.7500 76.0000 50 0 0 VERY[2]
76.0000 76.5000 62 0 1 OWN[1]
76.7500 77.0000 45 7 0 ALONE[1]
77.0000 77.7500 47 9 1 ALONE[2]
77.7500 78.0000 62 0 0 ALONE[1]
78.0000 78.2500 61 11 1 ALONE[2]
78.2500 78.3750 57 7 0 WITH[1]
78.3750 78.5000 61 11 0 A[1]
78.5000 78.6667 59 9 1 HEART[1]
78.6667 78.8333 54 4 1 MEANT[1]
78.8333 79.0000 57 7 0 FOR[1]
79.0000 79.5000 55 5 0 YOU[1]
79.5000 79.8750 49 11 0 ALONE[1]
79.8750 80.5000 50 0 1 ALONE[2]
