4.750 5.000 50 7 0 A[1]
5.000 6.250 58 3 1 BOY[1]
6.250 6.375 60 5 1 FOUND[1]
6.375 6.500 58 3 0 A[1]
6.500 6.625 57 2 1 DREAM[1]
6.625 6.750 55 0 0 UPON[1]
6.750 6.875 54 11 1 UPON[2]
6.875 7.000 55 0 0 A[1]
7.000 7.125 57 2 1 DISTANT[1]
7.125 7.188 58 3 0 DISTANT[2]
7.375 8.500 57 2 1 SHORE[1]
8.750 9.000 50 7 0 A[1]
9.000 10.000 57 2 1 MAID[1]
10.250 10.375 58 3 0 WITH[1]
10.375 10.438 57 2 0 A[1]
10.438 10.625 55 0 1 WAY[1]
10.625 10.750 54 11 0 OF[1]
10.750 10.875 52 9 1 WHISPERING(3)[1]
10.875 11.000 54 11 0 WHISPERING(3)[2]
11.000 11.125 55 0 1 SI[1]
11.125 11.188 58 3 2 SENOR[1]
11.375 12.500 55 0 1 SENOR[2]
12.750 13.000 55 0 0 EACH[1]
13.000 14.000 55 0 1 NIGHT[1]
14.125 14.375 53 10 0 WHILE[1]
14.375 14.500 51 8 0 GUITARS[1]
14.500 14.625 50 7 1 GUITARS[2]
14.625 14.750 48 5 0 WOULD[1]
14.750 14.875 50 7 1 SOFTLY[1]
14.875 15.000 51 8 0 SOFTLY[2]
15.000 16.500 55 0 1 PLAY[1]
16.750 16.875 55 0 0 THE[1]
16.875 17.250 57 2 1 TUNE[1]
17.250 17.375 54 11 1 SEEMED[1]
17.375 17.500 55 0 0 TO[1]
17.500 18.000 57 2 1 DANCE[1]
18.250 18.375 52 9 1 'ROUND[1]
18.375 18.500 54 11 0 THE[1]
18.500 18.750 55 0 1 WORDS[1]
18.750 18.812 54 11 0 THAT[1]
18.812 19.000 55 0 1 HE'D[1]
19.000 20.000 57 2 1 SAY[1]
20.500 20.750 50 4 2 AMAPOLA[1]
20.750 21.000 53 7 0 AMAPOLA[2]
21.000 21.375 58 0 1 AMAPOLA[3]
21.375 21.500 58 0 0 AMAPOLA[4]
22.250 22.500 58 0 0 MY[1]
22.500 22.562 58 0 1 PRETTY[1]
22.562 22.750 57 11 0 PRETTY[2]
22.750 22.812 58 0 1 LITTLE[1]
22.812 23.000 60 2 0 LITTLE[2]
23.000 23.375 57 11 1 POPPY[1]
23.375 24.000 58 0 0 POPPY[2]
24.250 24.375 57 11 1 YOU'RE[1]
24.375 24.625 57 11 0 LIKE[1]
24.625 24.750 55 9 0 THAT[1]
24.750 24.875 57 11 1 LOVELY[1]
24.875 25.000 58 0 0 LOVELY[2]
25.000 25.625 57 11 1 FLOWER(1)[1]
25.625 26.125 58 0 0 SO[1]
26.125 26.750 58 0 1 SWEET[1]
26.750 27.000 57 11 0 AND[1]
27.000 27.125 57 11 1 HEAVENLY[1]
27.125 27.250 53 7 0 HEAVENLY[2]
27.250 28.000 51 5 0 HEAVENLY[3]
28.500 28.625 51 5 0 SINCE[1]
28.625 29.000 53 7 0 I[1]
29.000 29.375 57 11 1 FOUND[1]
29.375 30.000 58 0 0 YOU[1]
30.250 30.375 57 11 0 MY[1]
30.375 30.625 57 11 1 HEART[1]
30.625 30.750 55 9 1 IS[1]
30.750 30.875 57 11 1 WRAPPED[1]
30.875 31.000 58 0 0 AROUND[1]
31.000 31.375 55 9 1 AROUND[2]
31.375 32.000 57 11 0 YOU[1]
32.250 32.500 55 9 0 AND[1]
32.500 32.625 55 9 1 LOVING[1]
32.625 32.750 53 7 0 LOVING[2]
32.750 32.875 55 9 0 YOU[1]
32.875 33.000 57 11 0 IT[1]
33.000 33.875 55 9 1 SEEMS[1]
33.875 34.000 53 7 0 TO[1]
34.000 34.125 55 9 1 BEAT[1]
34.875 35.000 55 9 0 A[1]
35.000 35.188 53 7 1 RHAPSODY[1]
35.188 35.250 51 5 0 RHAPSODY[2]
35.250 36.000 50 4 0 RHAPSODY[3]
36.500 36.750 50 4 2 AMAPOLA[1]
36.750 37.000 53 7 0 AMAPOLA[2]
37.000 37.375 58 0 1 AMAPOLA[3]
37.375 37.500 58 0 0 AMAPOLA[4]
38.250 38.500 58 0 0 THE[1]
38.500 38.625 58 0 1 PRETTY[1]
38.625 38.750 57 11 0 PRETTY[2]
38.750 38.875 58 0 1 LITTLE[1]
38.875 39.000 60 2 0 LITTLE[2]
39.000 39.375 57 11 1 POPPY[1]
39.375 40.000 58 0 0 POPPY[2]
40.250 40.500 58 0 0 MUST[1]
40.500 40.625 57 11 1 COPY[1]
40.625 40.750 55 9 0 COPY[2]
40.750 40.875 57 11 1 IT'S[1]
40.875 41.000 58 0 0 ENDEARING[1]
41.000 41.750 57 11 1 ENDEARING[2]
41.750 42.000 55 9 0 ENDEARING[3]
42.000 42.750 60 2 1 CHARM[1]
42.750 43.000 62 4 0 FROM[1]
43.000 44.250 63 5 0 YOU[1]
44.250 44.750 63 5 2 AMAPOLA[1]
44.750 44.875 62 4 0 AMAPOLA[2]
44.875 45.375 55 9 1 AMAPOLA[3]
45.375 46.000 60 2 0 AMAPOLA[4]
46.375 46.875 62 4 2 AMAPOLA[1]
46.875 47.000 60 2 0 AMAPOLA[2]
47.000 47.375 53 7 1 AMAPOLA[3]
47.375 48.250 58 0 0 AMAPOLA[4]
48.500 48.750 60 2 1 HOW[1]
48.750 48.875 58 0 0 I[1]
48.875 49.250 58 0 1 LONG[1]
49.375 49.500 57 11 0 TO[1]
49.500 49.750 56 10 1 HEAR[1]
49.750 50.000 57 11 0 YOU[1]
50.000 50.250 60 2 1 SAY[1]
50.500 51.000 62 4 0 I[1]
51.000 51.062 62 4 1 LOVE[1]
51.250 51.500 58 0 0 YOU[1]
68.500 68.750 69 4 2 AMAPOLA[1]
68.750 69.000 69 4 0 AMAPOLA[2]
69.000 69.500 67 2 1 AMAPOLA[3]
69.500 70.000 65 0 0 AMAPOLA[4]
70.250 70.500 65 0 0 MY[1]
70.500 70.625 65 0 1 PRETTY[1]
70.625 70.750 64 11 0 PRETTY[2]
70.750 70.875 65 0 1 LITTLE[1]
70.875 71.000 67 2 0 LITTLE[2]
71.000 71.375 64 11 1 POPPY[1]
71.375 72.000 65 0 0 POPPY[2]
72.250 72.375 65 0 1 YOU'RE[1]
72.375 72.625 64 11 0 LIKE[1]
72.625 72.750 62 9 0 THAT[1]
72.750 72.875 64 11 1 LOVELY[1]
72.875 73.000 65 0 0 LOVELY[2]
73.125 73.750 64 11 1 FLOWER(1)[1]
73.750 74.000 62 9 0 SO[1]
74.000 74.625 65 0 1 SWEET[1]
74.625 75.000 64 11 0 AND[1]
75.000 75.125 65 0 1 HEAVENLY[1]
75.125 75.375 62 9 0 HEAVENLY[2]
75.375 76.000 58 5 0 HEAVENLY[3]
76.500 76.750 58 5 0 SINCE[1]
76.750 77.000 60 7 0 I[1]
77.000 77.375 64 11 1 FOUND[1]
77.375 78.000 65 0 0 YOU[1]
78.250 78.375 65 0 0 MY[1]
78.375 78.500 64 11 1 HEART[1]
78.500 78.625 62 9 1 IS[1]
78.625 79.000 64 11 1 WRAPPED[1]
79.000 79.125 65 0 0 AROUND[1]
79.125 79.500 62 9 1 AROUND[2]
79.500 80.000 64 11 0 YOU[1]
80.125 80.500 62 9 0 AND[1]
80.500 80.625 62 9 1 LOVING[1]
80.625 80.750 60 7 0 LOVING[2]
80.750 80.875 62 9 0 YOU[1]
80.875 81.000 64 11 0 IT[1]
81.000 81.750 62 9 1 SEEMS[1]
81.750 82.000 60 7 0 TO[1]
82.000 82.125 62 9 1 BEAT[1]
82.625 83.000 62 9 0 A[1]
83.000 83.250 60 7 1 RHAPSODY[1]
83.250 83.375 58 5 0 RHAPSODY[2]
83.375 84.000 57 4 0 RHAPSODY[3]
84.500 84.750 57 4 2 AMAPOLA[1]
84.750 85.000 60 7 0 AMAPOLA[2]
85.000 85.375 65 0 1 AMAPOLA[3]
85.375 85.500 65 0 0 AMAPOLA[4]
86.250 86.500 65 0 0 THE[1]
86.500 86.625 65 0 1 PRETTY[1]
86.625 86.750 64 11 0 PRETTY[2]
86.750 86.875 65 0 1 LITTLE[1]
86.875 87.000 67 2 0 LITTLE[2]
87.000 87.375 64 11 1 POPPY[1]
87.375 88.000 65 0 0 POPPY[2]
88.250 88.500 64 11 0 MUST[1]
88.500 88.625 64 11 1 COPY[1]
88.625 88.750 62 9 0 COPY[2]
88.750 88.875 64 11 1 IT'S[1]
88.875 89.125 65 0 0 ENDEARING[1]
89.125 89.375 64 11 1 ENDEARING[2]
89.375 90.000 62 9 0 ENDEARING[3]
90.000 90.750 67 2 1 CHARM[1]
90.750 91.000 69 4 0 FROM[1]
91.000 92.375 70 5 0 YOU[1]
92.375 92.750 70 5 2 AMAPOLA[1]
92.750 93.000 69 4 0 AMAPOLA[2]
93.000 93.375 62 9 1 AMAPOLA[3]
93.375 93.500 65 0 0 AMAPOLA[4]
94.500 94.750 69 4 2 AMAPOLA[1]
94.750 95.000 67 2 0 AMAPOLA[2]
95.000 95.375 60 7 1 AMAPOLA[3]
95.375 95.500 64 11 0 AMAPOLA[4]
96.500 96.625 67 2 1 HOW[1]
96.625 97.000 65 0 0 I[1]
97.000 97.375 65 0 1 LONG[1]
97.375 97.500 64 11 0 TO[1]
97.500 97.750 63 10 1 HEAR[1]
97.750 98.000 64 11 0 YOU[1]
98.000 98.250 67 2 1 SAY[1]
98.500 99.000 72 7 0 I[1]
99.000 99.062 69 4 1 LOVE[1]
99.188 105.000 65 0 0 YOU[1]
