4.000 4.125 62 0 1 WE[1]
4.125 4.250 64 2 1 DON'T[1]
4.375 4.625 65 3 1 NEED[1]
4.625 5.000 64 2 1 NO[1]
5.000 5.250 62 0 2 EDUCATION[1]
5.250 5.375 64 2 0 EDUCATION[2]
5.375 5.625 65 3 1 EDUCATION[3]
5.625 8.000 64 2 0 EDUCATION[4]
8.000 8.125 62 0 1 WE[1]
8.125 8.250 64 2 1 DON'T[1]
8.375 8.625 65 3 1 NEED[1]
8.625 9.000 64 2 1 NO[1]
9.000 9.250 62 0 1 THOUGHT[1]
9.250 9.375 64 2 0 CONTROL[1]
9.375 10.000 65 3 1 CONTROL[2]
11.875 12.000 57 7 1 NO[1]
12.000 12.250 62 0 1 DARK[1]
12.250 12.438 64 2 1 SARCASM[1]
12.438 12.625 65 3 2 SARCASM[2]
12.625 13.000 64 2 0 SARCASM[3]
13.000 13.250 62 0 0 IN[1]
13.250 13.375 64 2 0 THE[1]
13.375 13.625 65 3 1 CLASSROOM[1]
13.625 16.000 64 2 2 CLASSROOM[2]
16.000 16.250 62 0 1 TEACHERS[1]
16.250 16.375 64 2 0 TEACHERS[2]
16.375 16.625 65 3 1 LEAVE[1]
16.625 17.000 64 2 1 THEM[1]
17.000 17.250 62 0 1 KIDS[1]
17.250 17.375 64 2 0 ALONE[1]
17.375 20.000 65 3 1 ALONE[2]
20.500 20.750 81 7 1 HEY[1]
21.000 21.062 79 5 1 TEACHERS[1]
21.062 21.125 79 5 0 TEACHERS[2]
21.500 21.625 81 7 1 LEAVE[1]
21.625 21.750 79 5 1 THEM[1]
21.750 21.875 77 3 1 KIDS[1]
21.875 21.938 79 5 0 ALONE[1]
21.938 22.250 77 3 1 ALONE[2]
24.250 24.375 65 3 1 ALL[1]
24.375 24.438 65 3 0 IN[1]
24.438 24.625 65 3 1 ALL[1]
24.625 24.750 65 3 1 IT'S[1]
24.750 24.875 65 3 1 JUST[1]
24.875 25.250 64 2 0 ANOTHER[1]
25.250 25.312 64 2 1 ANOTHER[2]
25.312 25.500 64 2 0 ANOTHER[3]
25.500 25.667 64 2 1 BRICK[1]
25.667 25.833 62 0 0 IN[1]
25.833 26.000 60 10 0 THE[1]
26.000 26.250 62 0 1 WALL[1]
28.250 28.375 65 3 1 ALL[1]
28.375 28.438 65 3 0 IN[1]
28.438 28.625 65 3 1 ALL[1]
28.625 28.750 65 3 1 YOU'RE[1]
28.750 28.875 65 3 1 JUST[1]
28.875 29.250 64 2 0 ANOTHER[1]
29.250 29.312 64 2 1 ANOTHER[2]
29.312 29.500 64 2 0 ANOTHER[3]
29.500 29.688 64 2 1 BRICK[1]
29.688 29.875 62 0 0 IN[1]
29.875 30.000 60 10 0 THE[1]
30.000 30.250 62 0 1 WALL[1]
32.000 32.125 62 0 1 WE[1]
32.125 32.250 64 2 1 DON'T[1]
32.375 32.625 65 3 1 NEED[1]
32.625 33.000 64 2 1 NO[1]
33.000 33.250 62 0 2 EDUCATION[1]
33.250 33.375 64 2 0 EDUCATION[2]
33.375 33.625 65 3 1 EDUCATION[3]
33.625 36.000 64 2 0 EDUCATION[4]
36.000 36.125 62 0 1 WE[1]
36.125 36.250 64 2 1 DON'T[1]
36.375 36.625 65 3 1 NEED[1]
36.625 37.000 64 2 1 NO[1]
37.000 37.250 62 0 1 THOUGHT[1]
37.250 37.375 64 2 0 CONTROL[1]
37.375 37.750 65 3 1 CONTROL[2]
39.875 40.000 57 7 1 NO[1]
40.000 40.250 62 0 1 DARK[1]
40.250 40.438 64 2 1 SARCASM[1]
40.438 40.625 65 3 2 SARCASM[2]
40.625 41.000 64 2 0 SARCASM[3]
41.000 41.250 62 0 0 IN[1]
41.250 41.375 64 2 0 THE[1]
41.375 41.625 65 3 1 CLASSROOM[1]
41.625 44.000 64 2 2 CLASSROOM[2]
44.000 44.125 62 0 1 TEACHERS[1]
44.125 44.375 64 2 0 TEACHERS[2]
44.375 44.625 65 3 1 LEAVE[1]
44.625 45.000 64 2 1 THOSE[1]
45.000 45.250 62 0 1 KIDS[1]
45.250 45.375 64 2 0 ALONE[1]
45.375 45.750 65 3 1 ALONE[2]
48.500 48.750 69 7 1 HEY[1]
49.000 49.125 69 7 1 TEACHERS[1]
49.125 49.250 69 7 0 TEACHERS[2]
49.500 49.625 69 7 1 LEAVE[1]
49.625 49.750 67 5 1 THOSE[1]
49.750 49.875 65 3 1 KIDS[1]
49.875 49.938 67 5 0 ALONE[1]
49.938 50.250 65 3 1 ALONE[2]
52.250 52.375 65 3 1 ALL[1]
52.375 52.438 65 3 0 IN[1]
52.438 52.625 65 3 1 ALL[1]
52.625 52.750 65 3 1 YOU'RE[1]
52.750 52.875 65 3 1 JUST[1]
52.875 53.000 64 2 0 ANOTHER[1]
53.250 53.375 64 2 1 ANOTHER[2]
53.375 53.500 64 2 0 ANOTHER[3]
53.500 53.667 64 2 1 BRICK[1]
53.667 53.833 62 0 0 IN[1]
53.833 54.000 60 10 0 THE[1]
54.000 54.250 62 0 1 WALL[1]
56.250 56.375 65 3 1 ALL[1]
56.375 56.438 65 3 0 IN[1]
56.438 56.625 65 3 1 ALL[1]
56.625 56.750 65 3 1 YOU'RE[1]
56.750 56.875 65 3 1 JUST[1]
56.875 57.000 64 2 0 ANOTHER[1]
57.250 57.375 64 2 1 ANOTHER[2]
57.375 57.500 64 2 0 ANOTHER[3]
57.500 57.667 64 2 1 BRICK[1]
57.667 57.833 62 0 0 IN[1]
57.833 58.000 60 10 0 THE[1]
58.000 58.250 62 0 1 WALL[1]
