4.000 4.375 67 0 1 LIFE[1]
4.375 4.500 67 0 1 IS[1]
4.500 4.750 69 2 1 NOT[1]
4.750 5.000 69 2 0 A[1]
5.000 5.375 71 4 1 HIGHWAY[1]
5.375 5.500 71 4 2 HIGHWAY[2]
5.500 5.750 69 2 1 STREWN[1]
5.750 6.000 72 5 0 WITH[1]
6.000 6.250 71 4 1 FLOWERS[1]
6.250 7.250 74 7 0 FLOWERS[2]
8.000 8.125 67 0 1 STILL[1]
8.125 8.250 67 0 0 IT[1]
8.250 8.750 69 2 1 HOLDS[1]
8.750 9.000 69 2 0 A[1]
9.000 9.125 71 4 1 GOODLY[1]
9.125 9.375 71 4 0 GOODLY[2]
9.375 9.750 69 2 1 SHARE[1]
9.750 10.000 69 2 0 OF[1]
10.000 10.250 71 4 1 BLISS[1]
12.000 12.375 71 4 0 WHEN[1]
12.375 12.500 71 4 0 THE[1]
12.500 12.750 73 6 1 SUN[1]
12.750 13.000 73 6 1 GIVES[1]
13.000 13.250 74 7 1 WAY[1]
13.375 13.500 71 4 0 TO[1]
13.500 13.750 73 6 1 APRIL[1]
13.750 14.000 73 6 0 APRIL[2]
14.000 14.500 71 4 1 SHOWERS[1]
14.500 15.250 66 11 0 SHOWERS[2]
16.000 16.375 66 11 1 HERE'S[1]
16.375 16.500 66 11 0 THE[1]
16.500 16.750 69 2 1 THOUGHT[1]
17.000 17.375 64 9 0 WE[1]
17.375 17.500 64 9 0 SHOULD[1]
17.500 17.750 66 11 1 NEVER[1]
17.750 18.000 67 0 0 NEVER[2]
18.000 19.000 69 2 1 MISS[1]
19.375 19.500 62 7 0 THOUGH[1]
19.500 19.750 61 6 1 APRIL[1]
19.750 20.000 62 7 0 APRIL[2]
20.000 20.500 69 2 1 SHOWERS[1]
20.500 21.000 69 2 0 SHOWERS[2]
21.375 21.500 62 7 0 MAY[1]
21.500 21.750 61 6 1 COME[1]
21.750 22.000 62 7 0 YOUR[1]
22.000 23.000 71 4 1 WAY[1]
23.250 23.500 62 7 0 THEY[1]
23.500 23.750 61 6 1 BRING[1]
23.750 24.000 62 7 0 THE[1]
24.000 24.250 72 5 1 FLOWERS[1]
24.250 25.000 72 5 0 FLOWERS[2]
25.250 25.500 62 7 0 THAT[1]
25.500 25.750 61 6 1 BLOOM[1]
25.750 25.875 62 7 0 IN[1]
25.875 27.000 74 7 0 MAY[1]
27.250 27.500 71 4 0 AND[1]
27.500 27.625 72 5 0 IF[1]
27.625 28.000 74 7 1 IT'S[1]
28.000 28.500 74 7 1 RAINING[1]
28.500 29.000 64 9 0 RAINING[2]
29.250 29.500 74 7 1 HAVE[1]
29.500 29.750 72 5 0 NO[1]
29.750 29.875 71 4 0 REGRETS[1]
29.875 31.000 72 5 1 REGRETS[2]
31.375 31.500 64 9 0 BECAUSE[1]
31.500 31.750 66 11 1 BECAUSE[2]
32.125 32.250 76 9 0 IT[1]
32.250 32.375 76 9 1 ISN'T[1]
32.375 32.500 76 9 0 ISN'T[2]
32.500 32.875 76 9 1 RAINING[1]
32.875 33.000 71 4 0 RAINING[2]
33.000 33.375 71 4 1 RAIN[1]
33.375 33.500 76 9 0 YOU[1]
33.500 33.750 76 9 1 KNOW[1]
33.875 34.000 71 4 1 IT'S[1]
34.000 34.125 74 7 1 RAINING[1]
34.125 34.375 73 6 0 RAINING[2]
34.500 34.625 72 5 1 VIOLETS[1]
34.625 35.000 71 4 0 VIOLETS[2]
35.000 35.125 69 2 0 VIOLETS[3]
35.375 35.500 62 7 0 AND[1]
35.500 35.750 61 6 0 WHERE[1]
35.750 36.000 62 7 0 YOU[1]
36.000 36.500 69 2 1 SEE[1]
36.500 37.000 69 2 1 CLOUDS[1]
37.375 37.500 62 7 0 UPON[1]
37.500 37.750 61 6 1 UPON[2]
37.750 37.875 62 7 0 THE[1]
37.875 39.000 71 4 1 HILLS[1]
39.250 39.500 64 9 0 YOU[1]
39.500 39.750 63 8 1 SOON[1]
39.750 40.000 64 9 0 WILL[1]
40.000 40.250 71 4 1 SEE[1]
40.250 41.000 71 4 1 CROWDS[1]
41.250 41.500 64 9 0 OF[1]
41.500 41.625 63 8 1 DAFFODILS[1]
41.625 41.750 64 9 0 DAFFODILS[2]
41.750 43.000 72 5 2 DAFFODILS[3]
43.250 43.500 64 9 0 SO[1]
43.500 43.750 63 8 1 KEEP[1]
43.750 44.000 64 9 0 ON[1]
44.000 44.125 74 7 1 LOOKING[1]
44.125 44.500 72 5 0 LOOKING[2]
44.500 44.750 74 7 0 FOR[1]
44.750 45.000 72 5 0 A[1]
45.000 45.250 74 7 1 BLUE[1]
45.250 45.500 72 5 1 BIRD[1]
45.750 46.000 69 2 0 AND[1]
46.000 46.250 71 4 1 LISTENING(1)[1]
46.250 46.500 74 7 0 LISTENING(1)[2]
46.750 46.875 67 0 0 FOR[1]
46.875 47.000 69 2 0 HIS[1]
47.000 47.500 71 4 1 SONG[1]
47.750 48.000 64 9 0 WHENEVER[1]
48.000 48.250 64 9 1 WHENEVER[2]
48.250 48.500 66 11 0 WHENEVER[3]
48.500 48.750 64 9 1 APRIL[1]
48.750 49.000 66 11 0 APRIL[2]
49.000 49.250 64 9 1 SHOWERS[1]
49.250 49.500 62 7 0 SHOWERS[2]
49.500 49.750 69 2 1 COME[1]
49.750 50.000 71 4 0 ALONG[1]
50.000 50.500 71 4 1 ALONG[2]
51.250 51.500 62 7 0 THOUGH[1]
51.500 51.750 61 6 1 APRIL[1]
51.750 52.000 62 7 0 APRIL[2]
52.000 52.500 69 2 1 SHOWERS[1]
52.500 53.000 69 2 0 SHOWERS[2]
53.375 53.500 62 7 0 MAY[1]
53.500 53.750 61 6 1 COME[1]
53.750 53.875 62 7 0 YOUR[1]
53.875 55.000 71 4 1 WAY[1]
55.250 55.500 62 7 0 THEY[1]
55.500 55.750 61 6 1 BRING[1]
55.750 56.000 62 7 0 THE[1]
56.000 56.500 72 5 1 FLOWERS[1]
56.500 57.000 72 5 0 FLOWERS[2]
57.250 57.500 62 7 0 THAT[1]
57.500 57.750 61 6 1 BLOOM[1]
57.750 57.875 62 7 0 IN[1]
57.875 59.000 74 7 0 MAY[1]
59.250 59.500 71 4 0 AND[1]
59.500 59.625 72 5 0 IF[1]
59.625 60.000 74 7 1 IT'S[1]
60.000 60.500 74 7 1 RAINING[1]
60.500 61.000 64 9 0 RAINING[2]
61.250 61.500 74 7 1 HAVE[1]
61.500 61.750 72 5 0 NO[1]
61.750 61.875 71 4 0 REGRETS[1]
61.875 63.000 72 5 1 REGRETS[2]
63.250 63.375 64 9 0 BECAUSE[1]
63.375 63.750 66 11 1 BECAUSE[2]
64.125 64.250 76 9 0 IT[1]
64.250 64.375 76 9 1 ISN'T[1]
64.375 64.500 76 9 0 ISN'T[2]
64.500 64.875 76 9 1 RAINING[1]
64.875 65.000 71 4 0 RAINING[2]
65.000 65.250 71 4 1 RAIN[1]
65.375 65.500 76 9 0 YOU[1]
65.500 65.750 76 9 1 KNOW[1]
65.875 66.000 71 4 1 IT'S[1]
66.000 66.125 74 7 1 RAINING[1]
66.125 66.375 73 6 0 RAINING[2]
66.500 66.625 72 5 1 VIOLETS[1]
66.625 67.000 71 4 0 VIOLETS[2]
67.000 67.125 69 2 0 VIOLETS[3]
67.375 67.500 62 7 0 AND[1]
67.500 67.750 61 6 0 WHERE[1]
67.750 68.000 62 7 0 YOU[1]
68.000 68.500 69 2 1 SEE[1]
68.500 69.000 69 2 1 CLOUDS[1]
69.375 69.500 62 7 0 UPON[1]
69.500 69.750 61 6 1 UPON[2]
69.750 69.875 62 7 0 THE[1]
69.875 71.000 71 4 1 HILLS[1]
71.250 71.500 64 9 0 YOU[1]
71.500 71.750 63 8 1 SOON[1]
71.750 72.000 64 9 0 WILL[1]
72.000 72.250 71 4 1 SEE[1]
72.250 73.000 71 4 1 CROWDS[1]
73.250 73.500 64 9 0 OF[1]
73.500 73.750 63 8 1 DAFFODILS[1]
73.750 73.875 64 9 0 DAFFODILS[2]
73.875 75.000 72 5 2 DAFFODILS[3]
75.250 75.500 64 9 0 SO[1]
75.500 75.750 63 8 1 KEEP[1]
75.750 76.000 64 9 0 ON[1]
76.000 76.125 74 7 1 LOOKING[1]
76.125 76.375 72 5 0 LOOKING[2]
76.500 76.875 74 7 0 FOR[1]
76.875 77.000 72 5 0 A[1]
77.000 77.250 74 7 1 BLUE[1]
77.250 77.500 72 5 1 BIRD[1]
77.750 78.000 69 2 0 AND[1]
78.000 78.250 71 4 1 LISTENING(1)[1]
78.250 78.500 74 7 0 LISTENING(1)[2]
78.750 78.875 67 0 0 FOR[1]
78.875 79.000 69 2 0 HIS[1]
79.000 79.750 71 4 1 SONG[1]
79.750 80.000 64 9 0 WHENEVER[1]
80.000 80.250 64 9 1 WHENEVER[2]
80.250 80.500 66 11 0 WHENEVER[3]
80.500 80.750 64 9 1 APRIL[1]
80.750 81.000 66 11 0 APRIL[2]
81.000 81.250 64 9 1 SHOWERS[1]
81.250 81.500 62 7 0 SHOWERS[2]
81.500 81.750 69 2 1 COME[1]
81.750 82.000 71 4 0 ALONG[1]
82.000 82.125 71 4 1 ALONG[2]
