7.750 7.875 57 0 0 IN[1]
7.875 8.125 61 4 0 EIGHTEEN[1]
8.250 8.375 64 7 1 EIGHTEEN[2]
8.500 8.625 61 4 1 FOURTEEN[1]
8.750 8.875 57 0 1 FOURTEEN[2]
8.875 9.000 57 0 0 WE[1]
9.000 9.125 59 2 1 TOOK[1]
9.125 9.250 61 4 0 A[1]
9.250 9.375 59 2 1 LITTLE[1]
9.375 9.500 57 0 0 LITTLE[2]
9.500 9.625 54 9 1 TRIP[1]
9.875 10.000 57 0 0 ALONG[1]
10.000 10.125 59 2 1 ALONG[2]
10.125 10.250 59 2 0 WITH[1]
10.250 10.375 59 2 1 COLONEL[1]
10.375 10.500 61 4 0 COLONEL[2]
10.500 10.625 59 2 1 JACKSON[1]
10.625 10.750 57 0 0 JACKSON[2]
10.750 10.875 54 9 0 DOWN[1]
10.875 11.000 52 7 0 THE[1]
11.000 11.125 57 0 1 MIGHTY[1]
11.125 11.250 54 9 0 MIGHTY[2]
11.250 11.375 52 7 2 MISSISSIP[1]
11.375 11.500 49 4 0 MISSISSIP[2]
11.500 11.625 45 0 1 MISSISSIP[3]
11.875 12.000 57 0 0 WE[1]
12.000 12.125 61 4 1 TOOK[1]
12.125 12.250 61 4 0 A[1]
12.250 12.375 61 4 1 LITTLE[1]
12.375 12.500 61 4 0 LITTLE[2]
12.500 12.625 61 4 1 BACON[1]
12.625 12.750 59 2 0 BACON[2]
12.750 12.875 57 0 0 AND[1]
12.875 13.000 57 0 0 WE[1]
13.000 13.125 59 2 1 TOOK[1]
13.125 13.250 57 0 0 A[1]
13.250 13.375 59 2 1 LITTLE[1]
13.375 13.500 57 0 0 LITTLE[2]
13.500 13.750 54 9 1 BEANS[1]
13.750 13.875 57 0 0 AND[1]
13.875 14.000 57 0 0 WE[1]
14.000 14.125 59 2 1 CAUGHT[1]
14.125 14.250 57 0 0 THE[1]
14.250 14.375 59 2 1 BLOODY[1]
14.375 14.500 61 4 0 BLOODY[2]
14.500 14.625 59 2 1 BRITISH[1]
14.625 14.750 57 0 0 BRITISH[2]
14.750 14.875 54 9 0 IN[1]
14.875 15.000 52 7 0 A[1]
15.000 15.125 57 0 1 TOWN[1]
15.125 15.250 57 0 0 IN[1]
15.250 15.375 54 9 1 NEW[1]
15.375 15.500 52 7 1 ORLEANS[1]
15.500 15.625 49 4 2 ORLEANS[2]
15.875 16.000 45 0 0 WE[1]
16.000 16.125 47 2 1 FIRED(1)[1]
16.250 16.500 52 7 1 OUR(1)[1]
16.500 16.750 52 7 1 GUNS[1]
16.750 16.875 52 7 0 AND[1]
16.875 17.000 49 4 0 THE[1]
17.000 17.125 52 7 1 BRITISH[1]
17.125 17.250 54 9 0 BRITISH[2]
17.250 17.375 52 7 1 KEPT[1]
17.375 17.500 52 7 0 A-COMIN'[1]
17.500 17.625 47 2 1 A-COMIN'[2]
17.625 17.750 45 0 0 A-COMIN'[3]
17.875 18.000 47 2 1 THERE[1]
18.000 18.125 49 4 1 WASN'T[1]
18.125 18.250 49 4 0 WASN'T[2]
18.250 18.375 52 7 1 NIGH[1]
18.375 18.500 52 7 0 AS[1]
18.500 18.625 52 7 1 MANY[1]
18.625 18.750 52 7 0 MANY[2]
18.750 18.875 52 7 0 AS[1]
18.875 19.000 52 7 1 THERE[1]
19.000 19.125 52 7 1 WAS[1]
19.125 19.250 49 4 0 A[1]
19.250 19.375 47 2 0 WHILE[1]
19.375 19.500 44 11 0 AGO[1]
19.500 19.750 45 0 1 AGO[2]
19.875 20.000 52 7 0 WE[1]
20.000 20.125 47 2 1 FIRED(1)[1]
20.250 20.500 52 7 0 ONCE[1]
20.500 20.750 52 7 0 MORE[1]
20.750 20.875 52 7 0 AND[1]
20.875 21.000 49 4 0 THEY[1]
21.125 21.250 54 9 0 BEGIN[1]
21.250 21.375 52 7 1 BEGIN[2]
21.375 21.500 49 4 0 TO[1]
21.500 21.625 47 2 1 RUNNIN'[1]
21.625 21.750 45 0 0 RUNNIN'[2]
21.875 22.000 47 2 0 ON[1]
22.000 22.125 49 4 0 DOWN[1]
22.125 22.250 49 4 0 THE[1]
22.250 22.375 52 7 2 MISSISSIPPI[1]
22.375 22.500 52 7 0 MISSISSIPPI[2]
22.500 22.625 52 7 1 MISSISSIPPI[3]
22.625 22.750 52 7 0 MISSISSIPPI[4]
22.750 22.875 52 7 0 TO[1]
22.875 23.000 52 7 0 THE[1]
23.000 23.125 52 7 1 GULF[1]
23.125 23.250 49 4 0 OF[1]
23.250 23.375 47 2 1 MEXICO[1]
23.375 23.500 44 11 0 MEXICO[2]
23.500 23.750 45 0 2 MEXICO[3]
25.750 26.000 59 2 0 WE[1]
26.000 26.125 61 4 1 LOOKED[1]
26.250 26.375 61 4 0 DOWN[1]
26.375 26.500 61 4 0 A[1]
26.500 26.625 61 4 1 RIVER[1]
26.625 26.750 59 2 0 RIVER[2]
26.750 26.875 57 0 0 AND[1]
26.875 27.000 57 0 0 WE[1]
27.000 27.125 59 2 1 SEE[1]
27.125 27.250 59 2 0 THE[1]
27.250 27.375 59 2 1 BRITISH[1]
27.375 27.500 57 0 0 BRITISH[2]
27.500 27.750 54 9 1 COME[1]
27.750 27.875 57 0 0 AND[1]
27.875 28.000 57 0 1 THERE[1]
28.000 28.125 59 2 0 MUST[1]
28.125 28.250 59 2 1 HAVE[1]
28.250 28.375 59 2 1 BEEN[1]
28.375 28.500 61 4 0 A[1]
28.500 28.625 59 2 1 HUNDRED[1]
28.625 28.750 57 0 0 HUNDRED[2]
28.750 28.875 54 9 0 OF[1]
28.875 29.000 52 7 0 'EM[1]
29.000 29.125 57 0 1 BEATIN'[1]
29.125 29.250 57 0 0 BEATIN'[2]
29.250 29.375 57 0 0 ON[1]
29.375 29.500 57 0 0 THE[1]
29.500 29.750 52 7 1 DRUMS[1]
29.875 30.000 57 0 0 THEY[1]
30.000 30.125 61 4 1 STEPPED[1]
30.250 30.500 61 4 0 SO[1]
30.500 30.625 60 3 1 HIGH[1]
30.750 30.875 57 0 0 AND[1]
30.875 31.000 57 0 0 THEY[1]
31.000 31.125 59 2 1 MADE[1]
31.125 31.250 57 0 0 THEIR[1]
31.250 31.375 59 2 1 BUGLES[1]
31.375 31.500 57 0 0 BUGLES[2]
31.500 31.750 54 9 1 RING[1]
31.875 32.000 57 0 0 WE[1]
32.000 32.125 59 2 1 STOOD[1]
32.125 32.250 57 0 0 BESIDE[1]
32.250 32.375 59 2 1 BESIDE[2]
32.375 32.500 57 0 1 OUR(1)[1]
32.500 32.625 59 2 1 COTTON[1]
32.625 32.750 57 0 0 COTTON[2]
32.750 32.875 54 9 1 BALES[1]
32.875 33.000 52 7 0 AND[1]
33.000 33.125 57 0 1 DIDN'T[1]
33.125 33.250 57 0 0 DIDN'T[2]
33.250 33.375 57 0 1 SAY[1]
33.375 33.500 57 0 0 A[1]
33.500 33.750 45 0 1 THING[1]
33.875 34.000 45 0 0 WE[1]
34.000 34.125 47 2 1 FIRED(1)[1]
34.250 34.500 52 7 1 OUR(1)[1]
34.500 34.750 52 7 1 GUNS[1]
34.750 34.875 52 7 0 AND[1]
34.875 35.000 49 4 0 THE[1]
35.000 35.125 52 7 1 BRITISH[1]
35.125 35.250 54 9 0 BRITISH[2]
35.250 35.375 52 7 1 KEPT[1]
35.375 35.500 52 7 0 A-COMIN'[1]
35.500 35.625 47 2 1 A-COMIN'[2]
35.625 35.750 45 0 0 A-COMIN'[3]
35.875 36.000 47 2 1 THERE[1]
36.000 36.125 49 4 1 WASN'T[1]
36.125 36.250 49 4 0 WASN'T[2]
36.250 36.375 52 7 1 NIGH[1]
36.375 36.500 52 7 0 AS[1]
36.500 36.625 52 7 1 MANY[1]
36.625 36.750 52 7 0 MANY[2]
36.750 36.875 52 7 0 AS[1]
36.875 37.000 52 7 1 THERE[1]
37.000 37.125 52 7 1 WAS[1]
37.125 37.250 49 4 0 A[1]
37.250 37.375 47 2 0 WHILE[1]
37.375 37.500 44 11 0 AGO[1]
37.500 37.750 45 0 1 AGO[2]
37.875 38.000 52 7 0 WE[1]
38.000 38.125 47 2 1 FIRED(1)[1]
38.250 38.500 52 7 0 ONCE[1]
38.500 38.750 52 7 0 MORE[1]
38.750 38.875 52 7 0 AND[1]
38.875 39.000 49 4 0 THEY[1]
39.125 39.250 54 9 0 BEGIN[1]
39.250 39.375 52 7 1 BEGIN[2]
39.375 39.500 49 4 0 TO[1]
39.500 39.625 47 2 1 RUNNIN'[1]
39.625 39.750 45 0 0 RUNNIN'[2]
39.875 40.000 47 2 0 ON[1]
40.000 40.125 49 4 0 DOWN[1]
40.125 40.250 49 4 0 THE[1]
40.250 40.375 52 7 2 MISSISSIPPI[1]
40.375 40.500 52 7 0 MISSISSIPPI[2]
40.500 40.625 52 7 1 MISSISSIPPI[3]
40.625 40.750 52 7 0 MISSISSIPPI[4]
40.750 40.875 52 7 0 TO[1]
40.875 41.000 52 7 0 THE[1]
41.000 41.125 52 7 1 GULF[1]
41.125 41.250 49 4 0 OF[1]
41.250 41.375 47 2 1 MEXICO[1]
41.375 41.500 44 11 0 MEXICO[2]
41.500 41.750 45 0 2 MEXICO[3]
43.750 43.938 57 0 1 OH[1]
43.938 44.000 57 0 0 THE[1]
44.000 44.125 61 4 1 HICKORY(1)[1]
44.250 44.375 61 4 0 HICKORY(1)[2]
44.500 44.625 61 4 1 SAID[1]
44.750 44.875 57 0 0 WE[1]
44.875 45.000 57 0 0 COULD[1]
45.000 45.125 59 2 1 TAKE[1]
45.125 45.250 57 0 0 'EM[1]
45.250 45.375 59 2 0 BY[1]
45.375 45.500 57 0 0 SURPRISE[1]
45.500 45.750 54 9 1 SURPRISE[2]
45.750 45.875 57 0 0 IF[1]
45.875 46.000 57 0 0 WE[1]
46.000 46.125 59 2 1 DIDN'T[1]
46.125 46.250 57 0 0 DIDN'T[2]
46.250 46.375 59 2 1 FIRE(1)[1]
46.375 46.500 57 0 1 OUR(1)[1]
46.500 46.625 59 2 1 MUSKETS[1]
46.625 46.750 52 7 0 MUSKETS[2]
46.750 46.875 54 9 1 'TILL[1]
46.875 47.000 52 7 0 WE[1]
47.000 47.125 57 0 1 LOOKED[1]
47.125 47.250 57 0 0 'EM[1]
47.250 47.375 57 0 0 IN[1]
47.375 47.500 57 0 0 THE[1]
47.500 47.750 52 7 1 EYES[1]
47.875 48.000 59 2 0 WE[1]
48.000 48.125 61 4 1 HELD[1]
48.250 48.500 61 4 1 OUR(1)[1]
48.500 48.625 61 4 1 FIRE(1)[1]
48.750 48.875 57 0 1 'TILL[1]
48.875 49.000 57 0 0 WE[1]
49.000 49.125 59 2 1 SEE'D[1]
49.125 49.250 57 0 0 THEIR[1]
49.250 49.375 59 2 1 FACES[1]
49.375 49.500 57 0 0 FACES[2]
49.500 49.750 54 9 1 WELL[1]
49.750 49.875 57 0 0 THEN[1]
49.875 50.000 57 0 0 WE[1]
50.000 50.125 59 2 1 OPENED[1]
50.125 50.250 57 0 0 OPENED[2]
50.250 50.375 59 2 0 UP[1]
50.375 50.500 57 0 1 OUR(1)[1]
50.500 50.625 59 2 1 SQUIRREL(1)[1]
50.750 50.875 54 9 1 GUNS[1]
50.875 51.000 52 7 0 AND[1]
51.000 51.125 57 0 1 REALLY[1]
51.125 51.250 54 9 0 REALLY[2]
51.250 51.375 57 0 1 GAVE[1]
51.375 51.500 54 9 0 'EM[1]
51.500 51.750 57 0 1 WELL[1]
51.750 51.875 52 7 0 WE[1]
52.000 52.125 47 2 1 FIRED(1)[1]
52.250 52.500 52 7 1 OUR(1)[1]
52.500 52.750 52 7 1 GUNS[1]
52.750 52.875 52 7 0 AND[1]
52.875 53.000 49 4 0 THE[1]
53.000 53.125 52 7 1 BRITISH[1]
53.125 53.250 54 9 0 BRITISH[2]
53.250 53.375 52 7 1 KEPT[1]
53.375 53.500 52 7 0 A-COMIN'[1]
53.500 53.625 47 2 1 A-COMIN'[2]
53.625 53.750 45 0 0 A-COMIN'[3]
53.875 54.000 47 2 1 THERE[1]
54.000 54.125 49 4 1 WASN'T[1]
54.125 54.250 49 4 0 WASN'T[2]
54.250 54.375 52 7 1 NIGH[1]
54.375 54.500 52 7 0 AS[1]
54.500 54.625 52 7 1 MANY[1]
54.625 54.750 52 7 0 MANY[2]
54.750 54.875 52 7 0 AS[1]
54.875 55.000 52 7 1 THERE[1]
55.000 55.125 52 7 1 WAS[1]
55.125 55.250 49 4 0 A[1]
55.250 55.375 47 2 0 WHILE[1]
55.375 55.500 44 11 0 AGO[1]
55.500 55.750 45 0 1 AGO[2]
55.875 56.000 52 7 0 WE[1]
56.000 56.125 47 2 1 FIRED(1)[1]
56.250 56.500 52 7 0 ONCE[1]
56.500 56.750 52 7 0 MORE[1]
56.750 56.875 52 7 0 AND[1]
56.875 57.000 49 4 0 THEY[1]
57.125 57.250 54 9 0 BEGIN[1]
57.250 57.375 52 7 1 BEGIN[2]
57.375 57.500 49 4 0 TO[1]
57.500 57.625 47 2 1 RUNNIN'[1]
57.625 57.750 45 0 0 RUNNIN'[2]
57.875 58.000 47 2 0 ON[1]
58.000 58.125 49 4 0 DOWN[1]
58.125 58.250 49 4 0 THE[1]
58.250 58.375 52 7 2 MISSISSIPPI[1]
58.375 58.500 52 7 0 MISSISSIPPI[2]
58.500 58.625 52 7 1 MISSISSIPPI[3]
58.625 58.750 52 7 0 MISSISSIPPI[4]
58.750 58.875 52 7 0 TO[1]
58.875 59.000 52 7 0 THE[1]
59.000 59.125 52 7 1 GULF[1]
59.125 59.250 49 4 0 OF[1]
59.250 59.375 47 2 1 MEXICO[1]
59.375 59.500 44 11 0 MEXICO[2]
59.500 59.750 45 0 2 MEXICO[3]
61.750 61.938 64 7 1 YEAH[1]
61.938 62.000 64 7 0 THEY[1]
62.000 62.125 64 7 1 RAN[1]
62.250 62.375 64 7 0 THROUGH[1]
62.375 62.500 64 7 0 THE[1]
62.500 62.750 64 7 1 BRIARS[1]
62.750 62.875 64 7 0 AND[1]
62.875 63.000 64 7 0 THEY[1]
63.000 63.125 64 7 1 RAN[1]
63.250 63.375 64 7 0 THROUGH[1]
63.375 63.500 64 7 0 THE[1]
63.500 63.625 59 2 1 BRAMBLES[1]
63.625 63.750 57 0 0 BRAMBLES[2]
63.750 63.875 57 0 0 AND[1]
63.875 64.000 57 0 0 THEY[1]
64.000 64.125 61 4 1 RAN[1]
64.250 64.375 64 7 0 THROUGH[1]
64.375 64.500 64 7 0 THE[1]
64.500 64.625 64 7 1 BUSHES[1]
64.625 64.750 64 7 0 BUSHES[2]
64.750 64.875 64 7 0 WHERE[1]
64.875 65.000 64 7 0 THE[1]
65.000 65.125 64 7 1 RABBIT[1]
65.125 65.250 61 4 0 RABBIT[2]
65.250 65.375 59 2 1 COULDN'T[1]
65.375 65.500 56 11 0 COULDN'T[2]
65.500 65.750 57 0 1 GO[1]
65.938 66.000 57 0 0 THEY[1]
66.000 66.125 59 2 1 RAN[1]
66.250 66.500 64 7 0 SO[1]
66.500 66.750 64 7 1 FAST[1]
66.750 66.875 64 7 0 THAT[1]
66.875 67.000 61 4 0 THE[1]
67.000 67.250 64 7 1 HOUNDS[1]
67.250 67.375 64 7 1 COULDN'T[1]
67.375 67.500 64 7 0 COULDN'T[2]
67.500 67.625 59 2 1 CATCH[1]
67.625 67.750 57 0 0 'EM[1]
67.875 68.000 64 7 0 ON[1]
68.000 68.125 61 4 0 DOWN[1]
68.125 68.250 64 7 0 THE[1]
68.250 68.375 64 7 2 MISSISSIPPI[1]
68.375 68.500 64 7 0 MISSISSIPPI[2]
68.500 68.625 64 7 1 MISSISSIPPI[3]
68.625 68.750 64 7 0 MISSISSIPPI[4]
68.750 68.875 64 7 0 TO[1]
68.875 69.000 64 7 0 THE[1]
69.000 69.125 64 7 1 GULF[1]
69.125 69.250 61 4 0 OF[1]
69.250 69.375 59 2 1 MEXICO[1]
69.375 69.500 56 11 0 MEXICO[2]
69.500 74.000 57 0 2 MEXICO[3]
74.750 75.000 57 0 0 WE[1]
75.000 75.250 61 4 1 FIRED(1)[1]
75.250 75.500 61 4 1 OUR(1)[1]
75.500 75.625 61 4 1 CANNON[1]
75.625 75.750 59 2 0 CANNON[2]
75.750 75.875 57 0 1 'TIL[1]
75.875 76.000 57 0 0 THE[1]
76.000 76.125 59 2 1 BARREL[1]
76.125 76.250 59 2 0 BARREL[2]
76.250 76.375 59 2 1 MELTED[1]
76.375 76.500 57 0 0 MELTED[2]
76.500 76.750 54 9 0 DOWN[1]
76.750 76.875 57 0 0 SO[1]
76.875 77.000 57 0 0 WE[1]
77.000 77.125 59 2 1 GRABBED[1]
77.125 77.250 59 2 0 AN[1]
77.250 77.375 59 2 1 ALLIGATOR[1]
77.375 77.500 57 0 0 ALLIGATOR[2]
77.500 77.625 59 2 2 ALLIGATOR[3]
77.625 77.750 57 0 0 ALLIGATOR[4]
77.750 77.875 54 9 0 AND[1]
77.875 78.000 52 7 0 WE[1]
78.000 78.125 57 0 1 FOUGHT[1]
78.125 78.250 57 0 0 ANOTHER[1]
78.250 78.375 57 0 1 ANOTHER[2]
78.375 78.500 57 0 0 ANOTHER[3]
78.500 78.625 54 9 0 ROUND[1]
78.875 79.000 59 2 0 WE[1]
79.000 79.125 61 4 1 FILLED[1]
79.125 79.250 61 4 0 HIS[1]
79.250 79.375 61 4 1 HEAD[1]
79.375 79.500 61 4 0 WITH[1]
79.500 79.625 61 4 1 CANNON[1]
79.625 79.750 59 2 0 CANNON[2]
79.750 80.000 57 0 1 BALLS[1]
80.000 80.125 59 2 1 POWDERED[1]
80.125 80.250 57 0 0 POWDERED[2]
80.250 80.438 59 2 0 HIS[1]
80.438 80.500 57 0 0 BEHIND[1]
80.500 80.750 54 9 1 BEHIND[2]
80.875 81.000 57 0 0 AND[1]
81.000 81.125 59 2 0 WHEN[1]
81.125 81.250 57 0 0 WE[1]
81.250 81.375 59 2 1 TOUCHED[1]
81.375 81.500 57 0 0 THE[1]
81.500 81.625 59 2 1 POWDER[1]
81.625 81.750 57 0 0 POWDER[2]
81.750 81.875 54 9 0 OFF[1]
81.875 82.000 52 7 0 THE[1]
82.000 82.125 57 0 1 GATOR[1]
82.125 82.250 54 9 0 GATOR[2]
82.250 82.375 57 0 1 LOST[1]
82.375 82.500 52 7 0 HIS[1]
82.500 82.750 57 0 1 MIND[1]
82.875 83.000 52 7 0 WE[1]
83.000 83.125 47 2 1 FIRED(1)[1]
83.250 83.500 52 7 1 OUR(1)[1]
83.500 83.750 52 7 1 GUNS[1]
83.750 83.875 52 7 0 AND[1]
83.875 84.000 49 4 0 THE[1]
84.000 84.125 52 7 1 BRITISH[1]
84.125 84.250 54 9 0 BRITISH[2]
84.250 84.375 52 7 1 KEPT[1]
84.375 84.500 52 7 0 A-COMIN'[1]
84.500 84.625 47 2 1 A-COMIN'[2]
84.625 84.750 45 0 0 A-COMIN'[3]
84.875 85.000 47 2 1 THERE[1]
85.000 85.125 49 4 1 WASN'T[1]
85.125 85.250 49 4 0 WASN'T[2]
85.250 85.375 52 7 1 NIGH[1]
85.375 85.500 52 7 0 AS[1]
85.500 85.625 52 7 1 MANY[1]
85.625 85.750 52 7 0 MANY[2]
85.750 85.875 52 7 0 AS[1]
85.875 86.000 52 7 1 THERE[1]
86.000 86.125 52 7 1 WAS[1]
86.125 86.250 49 4 0 A[1]
86.250 86.375 47 2 0 WHILE[1]
86.375 86.500 44 11 0 AGO[1]
86.500 86.750 45 0 1 AGO[2]
86.875 87.000 52 7 0 WE[1]
87.000 87.125 47 2 1 FIRED(1)[1]
87.250 87.500 52 7 0 ONCE[1]
87.500 87.750 52 7 0 MORE[1]
87.750 87.875 52 7 0 AND[1]
87.875 88.000 49 4 0 THEY[1]
88.125 88.250 54 9 0 BEGIN[1]
88.250 88.375 52 7 1 BEGIN[2]
88.375 88.500 49 4 0 TO[1]
88.500 88.625 47 2 1 RUNNIN'[1]
88.625 88.750 45 0 0 RUNNIN'[2]
88.875 89.000 47 2 0 ON[1]
89.000 89.125 49 4 0 DOWN[1]
89.125 89.250 49 4 0 THE[1]
89.250 89.375 52 7 2 MISSISSIPPI[1]
89.375 89.500 52 7 0 MISSISSIPPI[2]
89.500 89.625 52 7 1 MISSISSIPPI[3]
89.625 89.750 52 7 0 MISSISSIPPI[4]
89.750 89.875 52 7 0 TO[1]
89.875 90.000 52 7 0 THE[1]
90.000 90.125 52 7 1 GULF[1]
90.125 90.250 49 4 0 OF[1]
90.250 90.375 47 2 1 MEXICO[1]
90.375 90.500 44 11 0 MEXICO[2]
90.500 90.750 45 0 2 MEXICO[3]
92.750 92.938 64 7 1 YEAH[1]
92.938 93.000 64 7 0 THEY[1]
93.000 93.125 64 7 1 RAN[1]
93.250 93.375 64 7 0 THROUGH[1]
93.375 93.500 64 7 0 THE[1]
93.500 93.750 64 7 1 BRIARS[1]
93.750 93.875 64 7 0 AND[1]
93.875 94.000 64 7 0 THEY[1]
94.000 94.125 64 7 1 RAN[1]
94.250 94.375 64 7 0 THROUGH[1]
94.375 94.500 64 7 0 THE[1]
94.500 94.625 59 2 1 BRAMBLES[1]
94.625 94.750 57 0 0 BRAMBLES[2]
94.750 94.875 57 0 0 AND[1]
94.875 95.000 57 0 0 THEY[1]
95.000 95.125 61 4 1 RAN[1]
95.250 95.375 64 7 0 THROUGH[1]
95.375 95.500 64 7 0 THE[1]
95.500 95.625 64 7 1 BUSHES[1]
95.625 95.750 64 7 0 BUSHES[2]
95.750 95.875 64 7 0 WHERE[1]
95.875 96.000 64 7 0 THE[1]
96.000 96.125 64 7 1 RABBIT[1]
96.125 96.250 61 4 0 RABBIT[2]
96.250 96.375 59 2 1 COULDN'T[1]
96.375 96.500 56 11 0 COULDN'T[2]
96.500 96.750 57 0 1 GO[1]
96.938 97.000 57 0 0 THEY[1]
97.000 97.125 59 2 1 RAN[1]
97.250 97.500 64 7 0 SO[1]
97.500 97.750 64 7 1 FAST[1]
97.750 97.875 64 7 0 THAT[1]
97.875 98.000 61 4 0 THE[1]
98.000 98.250 64 7 1 HOUNDS[1]
98.250 98.375 64 7 1 COULDN'T[1]
98.375 98.500 64 7 0 COULDN'T[2]
98.500 98.625 59 2 1 CATCH[1]
98.625 98.750 57 0 0 'EM[1]
98.875 99.000 64 7 0 ON[1]
99.000 99.125 61 4 0 DOWN[1]
99.125 99.250 64 7 0 THE[1]
99.250 99.375 64 7 2 MISSISSIPPI[1]
99.375 99.500 64 7 0 MISSISSIPPI[2]
99.500 99.625 64 7 1 MISSISSIPPI[3]
99.625 99.750 64 7 0 MISSISSIPPI[4]
99.750 99.875 64 7 0 TO[1]
99.875 100.000 64 7 0 THE[1]
100.000 100.125 64 7 1 GULF[1]
100.125 100.250 61 4 0 OF[1]
100.250 100.375 59 2 1 MEXICO[1]
100.375 100.500 56 11 0 MEXICO[2]
100.500 109.000 57 0 2 MEXICO[3]
