0.625 0.688 56 7 0 FOR[1]
0.688 0.812 61 0 0 ALL[1]
0.812 1.000 63 2 0 THOSE[1]
1.000 1.125 61 0 1 TIMES[1]
1.125 1.188 58 9 0 YOU[1]
1.188 1.312 61 0 1 STOOD[1]
1.312 1.375 58 9 0 BY[1]
1.375 1.500 61 0 0 ME[1]
1.625 1.688 56 7 0 FOR[1]
1.688 1.812 61 0 0 ALL[1]
1.812 2.000 63 2 0 THE[1]
2.000 2.125 61 0 1 TRUTH[1]
2.125 2.188 61 0 0 THAT[1]
2.188 2.250 58 9 0 YOU[1]
2.250 2.312 61 0 1 MADE[1]
2.312 2.375 58 9 0 ME[1]
2.375 2.438 61 0 1 SEE[1]
2.625 2.688 56 7 0 FOR[1]
2.688 2.812 61 0 0 ALL[1]
2.812 2.938 63 2 0 THE[1]
2.938 3.125 65 4 1 JOY[1]
3.125 3.188 65 4 0 YOU[1]
3.188 3.250 63 2 1 BROUGHT[1]
3.250 3.312 63 2 0 TO[1]
3.312 3.375 61 0 0 MY[1]
3.375 3.500 61 0 1 LIFE[1]
3.625 3.688 56 7 0 FOR[1]
3.688 3.875 65 4 0 ALL[1]
3.875 3.938 65 4 0 THE[1]
3.938 4.125 65 4 1 WRONG[1]
4.125 4.188 63 2 0 THAT[1]
4.188 4.312 63 2 0 YOU[1]
4.312 4.375 61 0 1 MADE[1]
4.375 4.500 63 2 1 RIGHT[1]
4.625 4.688 65 4 0 FOR[1]
4.688 4.812 68 7 1 EVERY(1)[1]
4.812 4.875 68 7 0 EVERY(1)[2]
4.875 4.938 65 4 1 DREAM[1]
5.125 5.188 68 7 0 YOU[1]
5.188 5.312 68 7 1 MADE[1]
5.312 5.375 68 7 1 COME[1]
5.375 5.500 68 7 1 TRUE[1]
5.625 5.688 68 7 0 FOR[1]
5.688 5.812 68 7 0 ALL[1]
5.812 5.938 68 7 0 THE[1]
5.938 6.125 70 9 1 LOVE[1]
6.125 6.188 68 7 0 I[1]
6.188 6.312 68 7 1 FOUND[1]
6.312 6.375 68 7 0 IN[1]
6.375 6.438 63 2 0 YOU[1]
6.812 7.000 65 4 1 I'LL[1]
7.000 7.125 65 4 1 BE[1]
7.125 7.188 63 2 0 FOREVER[1]
7.188 7.312 63 2 1 FOREVER[2]
7.312 7.375 61 0 0 FOREVER[3]
7.375 7.625 61 0 1 THANKFUL[1]
7.625 7.688 58 9 0 THANKFUL[2]
7.688 7.812 61 0 1 BABY[1]
7.812 8.000 63 2 0 BABY[2]
8.000 8.125 68 7 1 YOU'RE[1]
8.125 8.188 68 7 0 THE[1]
8.188 8.312 68 7 0 ONE[1]
8.312 8.375 68 7 0 WHO[1]
8.375 8.625 68 7 1 HELD[1]
8.625 8.688 68 7 0 ME[1]
8.688 8.750 68 7 0 UP[1]
9.000 9.125 68 7 1 NEVER[1]
9.125 9.188 66 5 0 NEVER[2]
9.188 9.312 65 4 1 LET[1]
9.312 9.375 66 5 0 ME[1]
9.375 9.750 65 4 1 FALL[1]
10.000 10.125 66 5 1 YOU'RE[1]
10.125 10.188 66 5 0 THE[1]
10.188 10.312 64 3 0 ONE[1]
10.312 10.375 63 2 0 WHO[1]
10.375 10.625 64 3 1 SAW[1]
10.625 10.688 64 3 0 ME[1]
10.688 10.750 66 5 0 THROUGH[1]
11.000 11.125 70 9 0 THROUGH[1]
11.125 11.188 70 9 0 IT[1]
11.188 11.250 71 10 0 ALL[1]
11.625 11.688 56 7 0 YOU[1]
11.688 11.812 61 0 1 WERE[1]
11.812 12.000 63 2 0 MY[1]
12.000 12.125 61 0 1 STRENGTH[1]
12.125 12.188 61 0 0 WHEN[1]
12.188 12.312 61 0 0 I[1]
12.312 12.375 58 9 1 WAS[1]
12.375 12.500 61 0 1 WEAK[1]
12.625 12.688 56 7 0 YOU[1]
12.688 12.812 61 0 1 WERE[1]
12.812 13.000 63 2 0 MY[1]
13.000 13.125 61 0 1 VOICE[1]
13.125 13.188 61 0 0 WHEN[1]
13.188 13.250 58 9 0 I[1]
13.250 13.312 61 0 1 COULDN'T[1]
13.312 13.375 58 9 0 COULDN'T[2]
13.375 13.438 61 0 1 SPEAK[1]
13.625 13.688 56 7 0 YOU[1]
13.688 13.812 61 0 1 WERE[1]
13.812 13.938 63 2 0 MY[1]
13.938 14.125 65 4 1 EYES[1]
14.125 14.188 65 4 0 WHEN[1]
14.188 14.250 63 2 0 I[1]
14.250 14.312 63 2 1 COULDN'T[1]
14.312 14.375 61 0 0 COULDN'T[2]
14.375 14.500 61 0 1 SEE[1]
14.625 14.688 61 0 0 YOU[1]
14.688 14.875 65 4 1 SAW[1]
14.875 14.938 65 4 0 THE[1]
14.938 15.125 65 4 1 BEST[1]
15.125 15.188 63 2 1 THERE[1]
15.188 15.312 63 2 1 WAS[1]
15.312 15.375 61 0 0 IN[1]
15.375 15.500 63 2 0 ME[1]
15.625 15.688 65 4 1 LIFTED[1]
15.688 15.812 68 7 0 LIFTED[2]
15.812 15.875 68 7 0 ME[1]
15.875 15.938 65 4 0 UP[1]
16.125 16.188 68 7 0 WHEN[1]
16.188 16.250 65 4 0 I[1]
16.250 16.312 68 7 1 COULDN'T[1]
16.312 16.375 65 4 0 COULDN'T[2]
16.375 16.500 70 9 1 REACH[1]
16.625 16.688 68 7 0 YOU[1]
16.688 16.812 70 9 1 GAVE[1]
16.812 16.938 72 11 0 ME[1]
16.938 17.125 73 0 1 FAITH[1]
17.125 17.188 72 11 0 'CAUSE[1]
17.188 17.312 70 9 0 YOU[1]
17.312 17.375 68 7 0 BELIEVED[1]
17.375 17.750 70 9 1 BELIEVED[2]
17.812 18.000 65 4 1 I'M[1]
18.000 18.125 65 4 1 EVERYTHING[1]
18.125 18.188 63 2 0 EVERYTHING[2]
18.188 18.312 63 2 2 EVERYTHING[3]
18.312 18.375 61 0 0 I[1]
18.375 18.625 63 2 1 AM[1]
18.625 18.688 56 7 0 BECAUSE[1]
18.688 18.812 61 0 1 BECAUSE[2]
18.812 19.062 63 2 0 YOU[1]
19.062 19.188 63 2 1 LOVED[1]
19.188 19.500 61 0 0 ME[1]
20.625 20.688 56 7 0 YOU[1]
20.688 20.812 61 0 1 GAVE[1]
20.812 21.000 63 2 0 ME[1]
21.000 21.125 61 0 1 WINGS[1]
21.125 21.188 61 0 0 AND[1]
21.188 21.312 61 0 1 MADE[1]
21.312 21.375 58 9 0 ME[1]
21.375 21.500 61 0 1 FLY[1]
21.625 21.688 56 7 0 YOU[1]
21.688 21.812 61 0 1 TOUCHED[1]
21.812 22.000 63 2 0 MY[1]
22.000 22.125 61 0 1 HAND[1]
22.125 22.188 61 0 0 I[1]
22.188 22.250 58 9 0 COULD[1]
22.250 22.312 61 0 1 TOUCH[1]
22.312 22.375 58 9 0 THE[1]
22.375 22.438 61 0 1 SKY[1]
22.625 22.688 56 7 0 I[1]
22.688 22.812 61 0 1 LOST[1]
22.812 22.938 63 2 0 MY[1]
22.938 23.062 65 4 1 FAITH[1]
23.062 23.125 63 2 0 YOU[1]
23.125 23.188 63 2 1 GAVE[1]
23.188 23.250 63 2 0 IT[1]
23.250 23.312 63 2 1 BACK[1]
23.312 23.375 61 0 0 TO[1]
23.375 23.500 61 0 0 ME[1]
23.625 23.688 56 7 0 YOU[1]
23.688 23.875 65 4 1 SAID[1]
23.875 23.938 65 4 0 NO[1]
23.938 24.125 65 4 1 STAR[1]
24.125 24.188 63 2 1 WAS[1]
24.188 24.312 63 2 0 OUT[1]
24.312 24.375 61 0 0 OF[1]
24.375 24.500 63 2 1 REACH[1]
24.625 24.688 65 4 0 YOU[1]
24.688 24.812 68 7 1 STOOD[1]
24.812 24.875 68 7 0 BY[1]
24.875 24.938 65 4 0 ME[1]
25.125 25.188 68 7 0 AND[1]
25.188 25.312 68 7 0 I[1]
25.312 25.375 68 7 1 STOOD[1]
25.375 25.500 68 7 1 TALL[1]
25.625 25.688 68 7 0 I[1]
25.688 25.812 68 7 1 HAD[1]
25.812 25.938 68 7 0 YOUR[1]
25.938 26.000 73 0 1 LOVE[1]
26.125 26.188 68 7 0 I[1]
26.188 26.312 68 7 1 HAD[1]
26.312 26.375 68 7 0 IT[1]
26.375 26.438 63 2 0 ALL[1]
26.812 27.000 65 4 1 I'M[1]
27.000 27.125 65 4 1 GRATEFUL[1]
27.125 27.188 63 2 0 GRATEFUL[2]
27.188 27.312 63 2 0 FOR[1]
27.312 27.375 61 0 0 EACH[1]
27.375 27.625 61 0 1 DAY[1]
27.625 27.688 58 9 0 YOU[1]
27.688 27.812 61 0 1 GAVE[1]
27.812 28.000 63 2 0 ME[1]
28.000 28.125 68 7 1 MAYBE[1]
28.125 28.188 68 7 0 MAYBE[2]
28.188 28.312 68 7 0 I[1]
28.312 28.375 68 7 1 DON'T[1]
28.375 28.625 68 7 1 KNOW[1]
28.625 28.688 68 7 0 THAT[1]
28.688 28.750 68 7 0 MUCH[1]
28.938 28.969 68 7 0 BUT[1]
28.969 29.000 68 7 0 I[1]
29.000 29.125 68 7 1 KNOW[1]
29.125 29.188 66 5 0 THIS[1]
29.188 29.312 65 4 0 MUCH[1]
29.312 29.375 66 5 1 IS[1]
29.375 29.750 65 4 1 TRUE[1]
30.000 30.125 66 5 0 I[1]
30.125 30.188 66 5 1 WAS[1]
30.188 30.312 64 3 1 BLESSED[1]
30.312 30.375 63 2 0 BECAUSE[1]
30.375 30.625 64 3 1 BECAUSE[2]
30.625 30.688 64 3 0 I[1]
30.688 30.750 66 5 1 WAS[1]
31.000 31.125 70 9 1 LOVED[1]
31.125 31.188 70 9 0 BY[1]
31.188 31.250 71 10 0 YOU[1]
31.625 31.688 56 7 0 YOU[1]
31.688 31.812 61 0 1 WERE[1]
31.812 32.000 63 2 0 MY[1]
32.000 32.125 61 0 1 STRENGTH[1]
32.125 32.188 61 0 0 WHEN[1]
32.188 32.312 61 0 0 I[1]
32.312 32.375 58 9 1 WAS[1]
32.375 32.500 61 0 1 WEAK[1]
32.625 32.688 56 7 0 YOU[1]
32.688 32.812 61 0 1 WERE[1]
32.812 33.000 63 2 0 MY[1]
33.000 33.125 61 0 1 VOICE[1]
33.125 33.188 61 0 0 WHEN[1]
33.188 33.250 58 9 0 I[1]
33.250 33.312 61 0 1 COULDN'T[1]
33.312 33.375 58 9 0 COULDN'T[2]
33.375 33.438 61 0 1 SPEAK[1]
33.625 33.688 56 7 0 YOU[1]
33.688 33.812 61 0 1 WERE[1]
33.812 33.938 63 2 0 MY[1]
33.938 34.125 65 4 1 EYES[1]
34.125 34.188 65 4 0 WHEN[1]
34.188 34.250 63 2 0 I[1]
34.250 34.312 63 2 1 COULDN'T[1]
34.312 34.375 61 0 0 COULDN'T[2]
34.375 34.500 61 0 1 SEE[1]
34.625 34.688 61 0 0 YOU[1]
34.688 34.875 65 4 1 SAW[1]
34.875 34.938 65 4 0 THE[1]
34.938 35.125 65 4 1 BEST[1]
35.125 35.188 63 2 1 THERE[1]
35.188 35.312 63 2 1 WAS[1]
35.312 35.375 61 0 0 IN[1]
35.375 35.500 63 2 0 ME[1]
35.625 35.688 65 4 1 LIFTED[1]
35.688 35.812 68 7 0 LIFTED[2]
35.812 35.875 68 7 0 ME[1]
35.875 35.938 65 4 0 UP[1]
36.125 36.188 68 7 0 WHEN[1]
36.188 36.250 65 4 0 I[1]
36.250 36.312 68 7 1 COULDN'T[1]
36.312 36.375 65 4 0 COULDN'T[2]
36.375 36.500 70 9 1 REACH[1]
36.625 36.688 68 7 0 YOU[1]
36.688 36.812 70 9 1 GAVE[1]
36.812 36.938 72 11 0 ME[1]
36.938 37.125 73 0 1 FAITH[1]
37.125 37.188 72 11 0 'CAUSE[1]
37.188 37.250 70 9 0 YOU[1]
37.312 37.375 68 7 0 BELIEVED[1]
37.375 37.438 75 2 1 BELIEVED[2]
37.812 38.000 65 4 1 I'M[1]
38.000 38.125 65 4 1 EVERYTHING[1]
38.125 38.188 63 2 0 EVERYTHING[2]
38.188 38.312 63 2 2 EVERYTHING[3]
38.312 38.375 61 0 0 I[1]
38.375 38.438 61 0 1 AM[1]
38.625 38.688 65 4 0 BECAUSE[1]
38.688 38.812 68 7 1 BECAUSE[2]
38.812 38.875 68 7 0 YOU[1]
38.938 39.062 68 7 1 LOVED[1]
39.062 39.125 63 2 0 ME[1]
40.000 40.125 65 4 0 YOU[1]
40.125 40.188 65 4 1 WERE[1]
40.188 40.375 65 4 1 ALWAYS[1]
40.375 40.438 65 4 2 ALWAYS[2]
40.438 40.625 65 4 1 THERE[1]
40.625 40.688 65 4 0 FOR[1]
40.688 40.750 65 4 0 ME[1]
40.938 41.000 65 4 0 THE[1]
41.000 41.118 70 9 1 TENDER[1]
41.118 41.176 68 7 0 TENDER[2]
41.176 41.235 68 7 1 WIND[1]
41.294 41.353 65 4 0 THAT[1]
41.353 41.647 70 9 1 CARRIED[1]
41.647 41.706 68 7 0 CARRIED[2]
41.706 41.765 63 2 0 ME[1]
41.941 42.000 61 0 0 A[1]
42.000 42.062 63 2 1 LIGHT[1]
42.062 42.125 65 4 0 IN[1]
42.125 42.188 65 4 0 THE[1]
42.188 42.250 63 2 1 DARK[1]
42.500 42.562 63 2 1 SHINING[1]
42.562 42.625 65 4 0 SHINING[2]
42.625 42.688 65 4 0 YOUR[1]
42.688 42.875 65 4 1 LOVE[1]
42.875 43.000 63 2 1 INTO[1]
43.000 43.188 63 2 0 INTO[2]
43.188 43.375 65 4 0 MY[1]
43.375 43.438 63 2 1 LIFE[1]
43.938 44.000 68 7 1 YOU'VE[1]
44.000 44.125 68 7 1 BEEN[1]
44.125 44.188 68 7 0 MY[1]
44.188 44.312 68 7 2 INSPIRATION[1]
44.312 44.375 66 5 0 INSPIRATION[2]
44.375 44.438 68 7 1 INSPIRATION[3]
44.438 44.562 70 9 0 INSPIRATION[4]
44.812 44.875 68 7 0 THROUGH[1]
44.875 44.938 70 9 0 THE[1]
44.938 45.000 71 10 1 LIES[1]
45.125 45.188 68 7 0 YOU[1]
45.188 45.312 68 7 1 WERE[1]
45.312 45.375 65 4 0 THE[1]
45.375 45.750 70 9 1 TRUTH[1]
45.938 46.000 68 7 0 MY[1]
46.000 46.062 68 7 1 WORLD[1]
46.062 46.125 68 7 1 IS[1]
46.125 46.188 68 7 0 A[1]
46.188 46.312 68 7 1 BETTER[1]
46.312 46.375 68 7 0 BETTER[2]
46.375 46.500 68 7 1 PLACE[1]
46.688 46.750 68 7 0 BECAUSE[1]
46.750 46.812 73 0 1 BECAUSE[2]
46.938 47.000 73 0 0 OF[1]
47.000 47.250 80 7 0 YOU[1]
47.625 47.688 56 7 0 YOU[1]
47.688 47.812 61 0 1 WERE[1]
47.812 48.000 63 2 0 MY[1]
48.000 48.125 61 0 1 STRENGTH[1]
48.125 48.188 61 0 0 WHEN[1]
48.188 48.312 61 0 0 I[1]
48.312 48.375 58 9 1 WAS[1]
48.375 48.500 61 0 1 WEAK[1]
48.625 48.688 56 7 0 YOU[1]
48.688 48.812 61 0 1 WERE[1]
48.812 49.000 63 2 0 MY[1]
49.000 49.125 61 0 1 VOICE[1]
49.125 49.188 61 0 0 WHEN[1]
49.188 49.250 58 9 0 I[1]
49.250 49.312 61 0 1 COULDN'T[1]
49.312 49.375 58 9 0 COULDN'T[2]
49.375 49.438 61 0 1 SPEAK[1]
49.625 49.688 56 7 0 YOU[1]
49.688 49.812 61 0 1 WERE[1]
49.812 49.938 63 2 0 MY[1]
49.938 50.125 65 4 1 EYES[1]
50.125 50.188 63 2 0 WHEN[1]
50.188 50.250 63 2 0 I[1]
50.250 50.312 63 2 1 COULDN'T[1]
50.312 50.375 61 0 0 COULDN'T[2]
50.375 50.500 61 0 1 SEE[1]
50.625 50.688 63 2 0 YOU[1]
50.688 50.875 65 4 1 SAW[1]
50.875 50.938 65 4 0 THE[1]
50.938 51.125 65 4 1 BEST[1]
51.125 51.188 63 2 1 THERE[1]
51.188 51.312 63 2 1 WAS[1]
51.312 51.375 61 0 0 IN[1]
51.375 51.500 63 2 0 ME[1]
51.625 51.688 65 4 1 LIFTED[1]
51.688 51.812 68 7 0 LIFTED[2]
51.812 51.875 68 7 0 ME[1]
51.938 52.125 68 7 0 UP[1]
52.125 52.188 68 7 0 WHEN[1]
52.188 52.250 65 4 0 I[1]
52.250 52.312 68 7 1 COULDN'T[1]
52.312 52.375 65 4 0 COULDN'T[2]
52.375 52.500 70 9 1 REACH[1]
52.625 52.688 68 7 0 YOU[1]
52.688 52.812 70 9 1 GAVE[1]
52.812 52.938 72 11 0 ME[1]
52.938 53.125 73 0 1 FAITH[1]
53.125 53.188 72 11 0 'CAUSE[1]
53.188 53.250 70 9 0 YOU[1]
53.312 53.375 68 7 0 BELIEVED[1]
53.375 53.438 75 2 1 BELIEVED[2]
53.812 54.000 65 4 1 I'M[1]
54.000 54.125 65 4 1 EVERYTHING[1]
54.125 54.188 63 2 0 EVERYTHING[2]
54.188 54.312 63 2 2 EVERYTHING[3]
54.312 54.375 61 0 0 I[1]
54.375 54.625 61 0 1 AM[1]
54.625 54.688 58 9 0 BECAUSE[1]
54.688 54.812 61 0 1 BECAUSE[2]
54.812 55.062 63 2 0 YOU[1]
55.062 55.188 63 2 1 LOVED[1]
55.188 55.500 61 0 0 ME[1]
55.625 55.688 58 7 0 YOU[1]
55.688 55.812 63 0 1 WERE[1]
55.812 56.000 65 2 0 MY[1]
56.000 56.125 67 4 1 STRENGTH[1]
56.125 56.188 65 2 0 WHEN[1]
56.188 56.312 67 4 0 I[1]
56.312 56.375 65 2 1 WAS[1]
56.375 56.500 63 0 1 WEAK[1]
56.625 56.688 58 7 0 YOU[1]
56.688 56.812 63 0 1 WERE[1]
56.812 57.000 65 2 0 MY[1]
57.000 57.125 63 0 1 VOICE[1]
57.125 57.188 63 0 0 WHEN[1]
57.188 57.250 60 9 0 I[1]
57.250 57.312 63 0 1 COULDN'T[1]
57.312 57.375 60 9 0 COULDN'T[2]
57.375 57.438 63 0 1 SPEAK[1]
57.625 57.688 58 7 0 YOU[1]
57.688 57.812 63 0 1 WERE[1]
57.812 57.938 65 2 0 MY[1]
57.938 58.125 67 4 1 EYES[1]
58.125 58.188 65 2 0 WHEN[1]
58.188 58.250 65 2 0 I[1]
58.250 58.312 65 2 1 COULDN'T[1]
58.312 58.375 63 0 0 COULDN'T[2]
58.375 58.500 63 0 1 SEE[1]
58.625 58.688 63 0 0 YOU[1]
58.688 58.875 67 4 1 SAW[1]
58.875 58.938 67 4 0 THE[1]
58.938 59.125 67 4 1 BEST[1]
59.125 59.188 65 2 1 THERE[1]
59.188 59.312 65 2 1 WAS[1]
59.312 59.375 63 0 0 IN[1]
59.375 59.500 65 2 0 ME[1]
59.625 59.688 67 4 1 LIFTED[1]
59.688 59.812 70 7 0 LIFTED[2]
59.812 59.875 70 7 0 ME[1]
59.938 60.125 70 7 0 UP[1]
60.125 60.188 70 7 0 WHEN[1]
60.188 60.250 67 4 0 I[1]
60.250 60.312 70 7 1 COULDN'T[1]
60.312 60.375 67 4 0 COULDN'T[2]
60.375 60.500 72 9 1 REACH[1]
60.625 60.688 70 7 0 YOU[1]
60.688 60.812 72 9 1 GAVE[1]
60.812 60.938 74 11 0 ME[1]
60.938 61.125 75 0 1 FAITH[1]
61.125 61.188 74 11 0 'CAUSE[1]
61.188 61.250 72 9 0 YOU[1]
61.312 61.375 70 7 0 BELIEVED[1]
61.375 61.438 77 2 1 BELIEVED[2]
61.812 62.000 67 4 1 I'M[1]
62.000 62.125 67 4 1 EVERYTHING[1]
62.125 62.188 65 2 0 EVERYTHING[2]
62.188 62.312 65 2 2 EVERYTHING[3]
62.312 62.375 63 0 0 I[1]
62.375 62.438 63 0 1 AM[1]
62.625 62.688 60 9 0 BECAUSE[1]
62.688 62.812 63 0 1 BECAUSE[2]
62.812 63.062 65 2 0 YOU[1]
63.062 63.125 67 4 1 LOVED[1]
63.188 63.500 63 0 0 ME[1]
63.938 64.000 67 4 1 I'M[1]
64.000 64.125 67 4 1 EVERYTHING[1]
64.125 64.188 65 2 0 EVERYTHING[2]
64.188 64.312 65 2 2 EVERYTHING[3]
64.312 64.375 63 0 0 I[1]
64.375 64.438 63 0 1 AM[1]
64.625 64.688 60 9 0 BECAUSE[1]
64.688 64.812 63 0 1 BECAUSE[2]
64.812 65.062 65 2 0 YOU[1]
65.062 65.125 67 4 1 LOVED[1]
65.188 65.500 63 0 0 ME[1]
