16.375 16.500 56 2 0 NO[1]
16.500 16.625 58 4 1 MATTER[1]
16.625 16.750 56 2 0 MATTER[2]
16.750 16.875 56 2 1 HOW[1]
17.000 17.250 58 4 1 HARD[1]
17.250 17.375 61 7 0 I[1]
17.375 17.438 56 2 1 TRY[1]
18.500 18.625 58 4 0 YOU[1]
18.625 18.750 61 7 1 KEEP[1]
18.750 18.875 61 7 1 PUSHING[1]
18.875 19.000 58 4 0 PUSHING[2]
19.000 19.125 63 9 0 ME[1]
19.250 19.375 58 4 0 ASIDE[1]
19.375 19.625 61 7 1 ASIDE[2]
19.625 19.750 61 7 0 AND[1]
19.750 19.875 61 7 0 I[1]
19.875 20.250 66 0 1 CAN'T[1]
20.250 20.500 63 9 1 BREAK[1]
20.500 20.750 63 9 0 THROUGH[1]
21.667 21.833 54 0 1 THERE'S[1]
21.833 22.000 54 0 0 NO[1]
22.000 22.167 58 4 1 TALKING[1]
22.167 22.333 61 7 0 TALKING[2]
22.333 22.500 58 4 0 TO[1]
22.500 22.667 61 7 0 YOU[1]
23.750 24.000 61 7 0 SO[1]
24.000 24.125 61 7 1 SAD[1]
24.625 24.750 61 7 0 THAT[1]
24.750 24.875 58 4 1 YOU'RE[1]
24.875 25.000 61 7 1 LEAVING[1]
25.125 25.500 58 4 0 LEAVING[2]
25.750 26.000 61 7 1 TAKES[1]
26.000 26.125 61 7 1 TIME[1]
26.625 26.750 61 7 0 TO[1]
26.750 26.875 58 4 0 BELIEVE[1]
26.875 27.000 61 7 1 BELIEVE[2]
27.125 27.500 58 4 0 IT[1]
28.125 28.250 61 7 0 BUT[1]
28.250 28.375 61 7 1 AFTER[1]
28.375 28.500 61 7 0 AFTER[2]
28.500 28.625 63 9 0 ALL[1]
28.875 29.000 58 4 1 IS[1]
29.000 29.125 61 7 1 SAID[1]
29.125 29.375 61 7 0 AND[1]
29.375 29.750 63 9 1 DONE[1]
30.375 30.500 61 7 1 YOU'RE[1]
30.500 30.625 61 7 1 GOING(2)[1]
30.625 30.750 61 7 0 TO[1]
30.750 30.875 61 7 1 BE[1]
30.875 31.000 61 7 0 THE[1]
31.000 31.125 63 9 1 LONELY[1]
31.250 31.375 58 4 0 LONELY[2]
31.375 31.625 61 7 0 ONE[1]
31.625 31.750 66 0 1 OH[1]
32.375 32.500 61 7 1 DO[1]
32.500 32.625 61 7 0 YOU[1]
32.625 32.875 61 7 0 BELIEVE[1]
32.875 33.000 70 4 1 BELIEVE[2]
33.250 33.375 68 2 0 IN[1]
33.375 33.625 68 2 1 LIFE[1]
33.625 33.750 68 2 1 AFTER[1]
33.750 33.875 66 0 0 AFTER[2]
33.875 34.250 68 2 1 LOVE[1]
35.625 35.750 66 0 0 I[1]
35.750 35.875 66 0 0 CAN[1]
35.875 36.250 66 0 1 FEEL[1]
36.250 36.375 61 7 1 SOMETHING[1]
36.375 36.750 66 0 0 SOMETHING[2]
36.750 36.875 61 7 2 INSIDE[1]
36.875 37.250 68 2 1 INSIDE[2]
37.250 37.375 68 2 0 ME[1]
37.375 37.500 68 2 1 SAY[1]
37.875 38.000 56 2 0 I[1]
38.000 38.125 68 2 1 REALLY[1]
38.125 38.250 68 2 0 REALLY[2]
38.250 38.500 68 2 1 DON'T[1]
38.500 38.750 68 2 1 THINK[1]
38.750 38.875 66 0 1 YOU'RE[1]
38.875 39.125 68 2 1 STRONG[1]
39.125 39.375 70 4 0 ENOUGH[1]
39.375 39.625 68 2 1 ENOUGH[2]
39.625 39.688 70 4 1 NOW[1]
40.375 40.500 61 7 1 DO[1]
40.500 40.625 61 7 0 YOU[1]
40.625 40.875 61 7 0 BELIEVE[1]
40.875 41.000 70 4 1 BELIEVE[2]
41.250 41.375 68 2 0 IN[1]
41.375 41.625 68 2 1 LIFE[1]
41.625 41.750 68 2 1 AFTER[1]
41.750 41.875 66 0 0 AFTER[2]
41.875 42.250 68 2 1 LOVE[1]
43.625 43.750 66 0 0 I[1]
43.750 43.875 66 0 0 CAN[1]
43.875 44.250 66 0 1 FEEL[1]
44.250 44.375 61 7 1 SOMETHING[1]
44.375 44.750 66 0 0 SOMETHING[2]
44.750 44.875 61 7 2 INSIDE[1]
44.875 45.250 68 2 1 INSIDE[2]
45.250 45.375 68 2 0 ME[1]
45.375 45.500 68 2 1 SAY[1]
45.875 46.000 68 2 0 I[1]
46.000 46.125 68 2 1 REALLY[1]
46.125 46.250 68 2 0 REALLY[2]
46.250 46.500 68 2 1 DON'T[1]
46.500 46.750 68 2 1 THINK[1]
46.750 46.875 66 0 1 YOU'RE[1]
46.875 47.125 68 2 1 STRONG[1]
47.125 47.375 70 4 0 ENOUGH[1]
47.375 47.625 68 2 1 ENOUGH[2]
47.625 47.688 70 4 1 NOW[1]
48.500 48.625 56 2 0 WHAT[1]
48.625 48.750 56 2 1 AM[1]
48.750 48.875 56 2 0 I[1]
48.875 49.000 54 0 0 SUPPOSED[1]
49.000 49.062 56 2 1 SUPPOSED[2]
49.250 49.375 61 7 0 TO[1]
49.375 49.438 56 2 1 DO[1]
50.500 50.625 58 4 1 SIT[1]
50.625 50.750 61 7 0 AROUND[1]
50.750 50.875 61 7 1 AROUND[2]
50.875 51.000 58 4 0 AND[1]
51.000 51.125 63 9 1 WAIT[1]
51.250 51.375 58 4 0 FOR[1]
51.375 51.625 61 7 0 YOU[1]
51.625 51.750 61 7 0 AND[1]
51.750 51.875 61 7 0 I[1]
51.875 52.250 66 0 1 CAN'T[1]
52.250 52.500 63 9 1 DO[1]
52.500 52.750 63 9 0 THAT[1]
53.750 53.875 54 0 1 THERE'S[1]
53.875 54.000 56 2 0 NO[1]
54.167 54.333 61 7 1 TURNING[1]
54.333 54.500 58 4 0 TURNING[2]
54.500 54.583 61 7 1 BACK[1]
55.625 55.750 61 7 0 I[1]
55.750 56.000 61 7 1 NEED[1]
56.000 56.125 61 7 1 TIME[1]
56.750 56.875 58 4 0 TO[1]
56.875 57.000 61 7 1 MOVE[1]
57.125 57.500 58 4 0 ON[1]
57.625 57.750 61 7 0 I[1]
57.750 58.000 61 7 1 NEED[1]
58.000 58.125 61 7 1 LOVE[1]
58.750 58.875 58 4 0 TO[1]
58.875 59.000 61 7 1 FEEL[1]
59.125 59.500 58 4 1 STRONG[1]
60.125 60.250 61 7 0 'CAUSE[1]
60.250 60.375 61 7 1 I'VE[1]
60.375 60.500 61 7 1 HAD[1]
60.500 60.625 63 9 1 TIME[1]
60.875 61.000 58 4 0 TO[1]
61.000 61.125 61 7 1 THINK[1]
61.125 61.375 61 7 0 IT[1]
61.375 61.750 63 9 0 THROUGH[1]
62.375 62.500 61 7 0 AND[1]
62.500 62.625 61 7 1 MAYBE[1]
62.625 62.750 61 7 0 MAYBE[2]
62.750 62.875 61 7 1 I'M[1]
62.875 63.000 61 7 1 TOO[1]
63.000 63.125 63 9 1 GOOD[1]
63.250 63.375 58 4 0 FOR[1]
63.375 63.625 61 7 0 YOU[1]
63.625 63.750 66 0 1 OH[1]
64.375 64.500 61 7 1 DO[1]
64.500 64.625 61 7 0 YOU[1]
64.625 64.875 61 7 0 BELIEVE[1]
64.875 65.000 70 4 1 BELIEVE[2]
65.250 65.375 68 2 0 IN[1]
65.375 65.625 68 2 1 LIFE[1]
65.625 65.750 68 2 1 AFTER[1]
65.750 65.875 66 0 0 AFTER[2]
65.875 66.250 68 2 1 LOVE[1]
67.625 67.750 66 0 0 I[1]
67.750 67.875 66 0 0 CAN[1]
67.875 68.250 66 0 1 FEEL[1]
68.250 68.375 61 7 1 SOMETHING[1]
68.375 68.750 66 0 0 SOMETHING[2]
68.750 68.875 61 7 2 INSIDE[1]
68.875 69.250 68 2 1 INSIDE[2]
69.250 69.375 68 2 0 ME[1]
69.375 69.500 68 2 1 SAY[1]
69.875 70.000 56 2 0 I[1]
70.000 70.125 68 2 1 REALLY[1]
70.125 70.250 68 2 0 REALLY[2]
70.250 70.500 68 2 1 DON'T[1]
70.500 70.750 68 2 1 THINK[1]
70.750 70.875 66 0 1 YOU'RE[1]
70.875 71.125 68 2 1 STRONG[1]
71.125 71.375 70 4 0 ENOUGH[1]
71.375 71.625 68 2 1 ENOUGH[2]
71.625 71.688 70 4 1 NOW[1]
72.375 72.500 61 7 1 DO[1]
72.500 72.625 61 7 0 YOU[1]
72.625 72.875 61 7 0 BELIEVE[1]
72.875 73.000 70 4 1 BELIEVE[2]
73.250 73.375 68 2 0 IN[1]
73.375 73.625 68 2 1 LIFE[1]
73.625 73.750 68 2 1 AFTER[1]
73.750 73.875 66 0 0 AFTER[2]
73.875 74.250 68 2 1 LOVE[1]
75.625 75.750 66 0 0 I[1]
75.750 75.875 66 0 0 CAN[1]
75.875 76.250 66 0 1 FEEL[1]
76.250 76.375 61 7 1 SOMETHING[1]
76.375 76.750 66 0 0 SOMETHING[2]
76.750 76.875 61 7 2 INSIDE[1]
76.875 77.250 68 2 1 INSIDE[2]
77.250 77.375 68 2 0 ME[1]
77.375 77.500 68 2 1 SAY[1]
77.875 78.000 68 2 0 I[1]
78.000 78.125 68 2 1 REALLY[1]
78.125 78.250 68 2 0 REALLY[2]
78.250 78.500 68 2 1 DON'T[1]
78.500 78.750 68 2 1 THINK[1]
78.750 78.875 66 0 1 YOU'RE[1]
78.875 79.125 68 2 1 STRONG[1]
79.125 79.375 70 4 0 ENOUGH[1]
79.375 79.625 68 2 1 ENOUGH[2]
79.625 79.688 70 4 1 NOW[1]
80.625 80.750 61 7 1 WELL[1]
80.750 80.875 61 7 0 I[1]
80.875 81.000 73 7 1 KNOW[1]
81.250 81.375 70 4 0 THAT[1]
81.375 81.625 73 7 1 I'LL[1]
81.625 81.875 70 4 1 GET[1]
81.875 82.000 73 7 0 THROUGH[1]
82.000 82.125 70 4 0 THIS[1]
84.625 84.750 61 7 0 'CAUSE[1]
84.750 84.875 61 7 0 I[1]
84.875 84.938 73 7 1 KNOW[1]
85.250 85.375 70 4 0 THAT[1]
85.375 85.500 73 7 0 I[1]
85.625 85.875 70 4 1 AM[1]
85.875 86.000 73 7 1 STRONG[1]
87.625 87.875 69 3 0 I[1]
87.875 88.000 70 4 1 DON'T[1]
88.000 88.188 68 2 1 NEED[1]
88.188 88.250 66 0 0 YOU[1]
88.250 88.312 66 0 2 ANYMORE[1]
88.312 88.375 63 9 0 ANYMORE[2]
88.375 88.625 66 0 1 ANYMORE[3]
89.375 89.625 70 4 0 I[1]
89.625 89.875 70 4 1 DON'T[1]
89.875 90.188 70 4 1 NEED[1]
90.188 90.250 68 2 0 YOU[1]
90.250 90.312 68 2 2 ANYMORE[1]
90.312 90.375 66 0 0 ANYMORE[2]
90.375 90.500 70 4 1 ANYMORE[3]
91.375 91.750 70 4 0 I[1]
91.750 91.875 70 4 1 DON'T[1]
91.875 92.188 68 2 1 NEED[1]
92.188 92.250 66 0 0 YOU[1]
92.250 92.312 66 0 2 ANYMORE[1]
92.312 92.375 63 9 0 ANYMORE[2]
92.375 92.625 66 0 1 ANYMORE[3]
93.375 93.500 66 0 0 NO[1]
93.500 93.625 66 0 0 I[1]
93.625 93.875 66 0 1 DON'T[1]
93.875 94.000 68 2 1 NEED[1]
94.188 94.250 73 7 0 YOU[1]
94.250 94.312 73 7 2 ANYMORE[1]
94.312 94.375 70 4 0 ANYMORE[2]
94.375 94.500 73 7 1 ANYMORE[3]
96.375 96.500 61 7 1 DO[1]
96.500 96.625 61 7 0 YOU[1]
96.625 96.875 61 7 0 BELIEVE[1]
96.875 97.000 70 4 1 BELIEVE[2]
97.250 97.375 68 2 0 IN[1]
97.375 97.625 68 2 1 LIFE[1]
97.625 97.750 68 2 1 AFTER[1]
97.750 97.875 66 0 0 AFTER[2]
97.875 98.250 68 2 1 LOVE[1]
99.625 99.750 66 0 0 I[1]
99.750 99.875 66 0 0 CAN[1]
99.875 100.250 66 0 1 FEEL[1]
100.250 100.375 61 7 1 SOMETHING[1]
100.375 100.750 66 0 0 SOMETHING[2]
100.750 100.875 61 7 2 INSIDE[1]
100.875 101.250 68 2 1 INSIDE[2]
101.250 101.375 68 2 0 ME[1]
101.375 101.500 68 2 1 SAY[1]
101.875 102.000 56 2 0 I[1]
102.000 102.125 68 2 1 REALLY[1]
102.125 102.250 68 2 0 REALLY[2]
102.250 102.500 68 2 1 DON'T[1]
102.500 102.750 68 2 1 THINK[1]
102.750 102.875 66 0 1 YOU'RE[1]
102.875 103.125 68 2 1 STRONG[1]
103.125 103.375 70 4 0 ENOUGH[1]
103.375 103.625 68 2 1 ENOUGH[2]
103.625 103.688 70 4 1 NOW[1]
104.375 104.500 61 7 1 DO[1]
104.500 104.625 61 7 0 YOU[1]
104.625 104.875 61 7 0 BELIEVE[1]
104.875 105.000 70 4 1 BELIEVE[2]
105.250 105.375 68 2 0 IN[1]
105.375 105.625 68 2 1 LIFE[1]
105.625 105.750 68 2 1 AFTER[1]
105.750 105.875 66 0 0 AFTER[2]
105.875 106.250 68 2 1 LOVE[1]
107.625 107.750 66 0 0 I[1]
107.750 107.875 66 0 0 CAN[1]
107.875 108.250 66 0 1 FEEL[1]
108.250 108.375 61 7 1 SOMETHING[1]
108.375 108.750 66 0 0 SOMETHING[2]
108.750 108.875 61 7 2 INSIDE[1]
108.875 109.250 68 2 1 INSIDE[2]
109.250 109.375 68 2 0 ME[1]
109.375 109.500 68 2 1 SAY[1]
109.875 110.000 68 2 0 I[1]
110.000 110.125 68 2 1 REALLY[1]
110.125 110.250 68 2 0 REALLY[2]
110.250 110.500 68 2 1 DON'T[1]
110.500 110.750 68 2 1 THINK[1]
110.750 110.875 66 0 1 YOU'RE[1]
110.875 111.125 68 2 1 STRONG[1]
111.125 111.375 70 4 0 ENOUGH[1]
111.375 111.625 68 2 1 ENOUGH[2]
111.625 111.688 70 4 1 NOW[1]
112.375 112.500 61 7 1 DO[1]
112.500 112.625 61 7 0 YOU[1]
112.625 112.875 61 7 0 BELIEVE[1]
112.875 113.000 70 4 1 BELIEVE[2]
113.250 113.375 68 2 0 IN[1]
113.375 113.625 68 2 1 LIFE[1]
113.625 113.750 68 2 1 AFTER[1]
113.750 113.875 66 0 0 AFTER[2]
113.875 114.250 68 2 1 LOVE[1]
115.625 115.750 66 0 0 I[1]
115.750 115.875 66 0 0 CAN[1]
115.875 116.250 66 0 1 FEEL[1]
116.250 116.375 61 7 1 SOMETHING[1]
116.375 116.750 66 0 0 SOMETHING[2]
116.750 116.875 61 7 2 INSIDE[1]
116.875 117.250 68 2 1 INSIDE[2]
117.250 117.375 68 2 0 ME[1]
117.375 117.500 68 2 1 SAY[1]
117.875 118.000 56 2 0 I[1]
118.000 118.125 68 2 1 REALLY[1]
118.125 118.250 68 2 0 REALLY[2]
118.250 118.500 68 2 1 DON'T[1]
118.500 118.750 68 2 1 THINK[1]
118.750 118.875 66 0 1 YOU'RE[1]
118.875 119.125 68 2 1 STRONG[1]
119.125 119.375 70 4 0 ENOUGH[1]
119.375 119.625 68 2 1 ENOUGH[2]
119.625 119.688 70 4 1 NOW[1]
120.375 120.500 61 7 1 DO[1]
120.500 120.625 61 7 0 YOU[1]
120.625 120.875 61 7 0 BELIEVE[1]
120.875 121.000 70 4 1 BELIEVE[2]
121.250 121.375 68 2 0 IN[1]
121.375 121.625 68 2 1 LIFE[1]
121.625 121.750 68 2 1 AFTER[1]
121.750 121.875 66 0 0 AFTER[2]
121.875 122.250 68 2 1 LOVE[1]
123.625 123.750 66 0 0 I[1]
123.750 123.875 66 0 0 CAN[1]
123.875 124.250 66 0 1 FEEL[1]
124.250 124.375 61 7 1 SOMETHING[1]
124.375 124.750 66 0 0 SOMETHING[2]
124.750 124.875 61 7 2 INSIDE[1]
124.875 125.250 68 2 1 INSIDE[2]
125.250 125.375 68 2 0 ME[1]
125.375 125.500 68 2 1 SAY[1]
125.875 126.000 68 2 0 I[1]
126.000 126.125 68 2 1 REALLY[1]
126.125 126.250 68 2 0 REALLY[2]
126.250 126.500 68 2 1 DON'T[1]
126.500 126.750 68 2 1 THINK[1]
126.750 126.875 66 0 1 YOU'RE[1]
126.875 127.125 68 2 1 STRONG[1]
127.125 127.375 70 4 0 ENOUGH[1]
127.375 127.625 68 2 1 ENOUGH[2]
127.625 127.688 70 4 1 NOW[1]
