7.125 7.250 62 9 0 HER[1]
7.250 7.375 65 0 1 HAIR[1]
7.375 7.500 62 9 1 IS[1]
7.500 7.625 65 0 1 HARLOWE[1]
7.625 7.875 65 0 0 HARLOWE[2]
7.875 8.000 67 2 1 GOLD[1]
9.125 9.250 57 4 0 HER[1]
9.250 9.500 65 0 1 LIPS[1]
9.500 9.750 63 10 1 SWEET[1]
9.750 9.875 69 4 0 SURPRISE[1]
9.875 10.000 70 5 1 SURPRISE[2]
11.125 11.250 74 9 0 HER[1]
11.250 11.375 77 0 1 HANDS[1]
11.375 11.500 74 9 1 ARE[1]
11.500 11.625 92 3 1 NEVER[1]
11.625 11.750 91 2 0 NEVER[2]
11.875 12.000 89 0 1 COLD[1]
13.000 13.125 86 9 1 SHE'S[1]
13.125 13.250 89 0 1 GOT[1]
13.250 13.375 89 0 1 BETTE[1]
13.375 13.500 86 9 0 BETTE[2]
13.500 13.625 104 3 1 DAVIS[1]
13.750 13.875 101 0 0 DAVIS[2]
13.875 14.125 101 0 1 EYES[1]
14.125 14.250 96 7 1 SHE'LL[1]
14.250 14.375 104 3 1 TURN[1]
14.375 14.500 104 3 0 HER[1]
14.500 14.625 104 3 1 MUSIC[1]
14.625 14.750 103 2 0 MUSIC[2]
14.875 15.125 101 0 0 ON[1]
16.125 16.250 101 0 0 YOU[1]
16.250 16.375 101 0 1 WON'T[1]
16.375 16.500 99 10 1 HAVE[1]
16.625 16.750 96 7 0 TO[1]
16.750 17.000 98 9 1 THINK[1]
17.000 17.500 96 7 1 TWICE[1]
18.125 18.250 101 0 1 SHE'S[1]
18.250 18.375 101 0 1 PURE[1]
18.375 18.500 98 9 0 AS[1]
18.500 18.625 104 3 1 NEW[1]
18.625 18.750 103 2 1 YORK[1]
18.875 19.500 101 0 1 SNOW[1]
20.000 20.125 98 9 0 SHE[1]
20.125 20.250 101 0 1 GOT[1]
20.250 20.375 101 0 1 BETTE[1]
20.375 20.500 98 9 0 BETTE[2]
20.500 20.625 104 3 1 DAVIS[1]
20.750 20.875 101 0 0 DAVIS[2]
20.875 21.500 101 0 1 EYES[1]
22.625 22.750 101 0 0 AND[1]
22.750 22.875 101 0 1 SHE'LL[1]
22.875 23.062 108 7 1 TEASE[1]
23.062 23.250 105 4 0 YOU[1]
23.625 23.750 101 0 1 SHE'LL[1]
23.750 23.875 101 0 0 UNEASE[1]
23.875 24.125 108 7 1 UNEASE[2]
24.125 24.250 105 4 0 YOU[1]
24.625 24.750 101 0 0 ALL[1]
24.750 24.875 101 0 0 THE[1]
24.875 25.000 105 4 1 BETTER[1]
25.125 25.250 106 5 0 BETTER[2]
25.375 25.500 104 3 1 JUST[1]
25.750 25.875 101 0 0 TO[1]
25.875 26.000 103 2 1 PLEASE[1]
26.125 26.250 103 2 0 YOU[1]
26.625 26.750 96 7 1 SHE'S[1]
26.750 26.875 96 7 0 PRECOCIOUS[1]
26.875 27.125 105 4 1 PRECOCIOUS[2]
27.125 27.250 98 9 0 PRECOCIOUS[3]
27.625 27.750 101 0 0 AND[1]
27.750 27.875 101 0 0 SHE[1]
27.875 28.000 106 5 1 KNOWS[1]
28.250 28.375 108 7 1 JUST[1]
28.500 28.625 105 4 0 WHAT[1]
28.625 28.750 101 0 0 IT[1]
29.000 29.250 106 5 1 TAKES[1]
29.250 29.375 106 5 0 TO[1]
29.375 29.500 104 3 1 MAKE[1]
29.750 29.875 101 0 0 A[1]
29.875 30.000 96 7 1 PRO[1]
30.125 30.250 91 2 1 BLUSH[1]
30.625 30.750 89 0 0 SHE[1]
30.750 30.875 89 0 1 GOT[1]
31.250 31.375 93 4 1 GRETA[1]
31.375 31.500 93 4 0 GRETA[2]
31.500 31.625 91 2 1 GARBO[1]
31.625 31.750 89 0 0 GARBO[2]
32.000 32.125 96 7 1 STAND[1]
32.125 32.375 93 4 0 OFF[1]
32.375 32.625 91 2 1 SIGHS[1]
32.625 32.750 89 0 1 SHE'S[1]
32.750 32.875 93 4 1 GOT[1]
33.250 33.375 89 0 1 BETTE[1]
33.375 33.500 89 0 0 BETTE[2]
33.500 33.625 92 3 1 DAVIS[1]
33.750 33.875 89 0 0 DAVIS[2]
33.875 37.000 89 0 1 EYES[1]
37.125 37.250 86 9 1 SHE'LL[1]
37.250 37.375 89 0 1 LET[1]
37.375 37.500 86 9 0 YOU[1]
37.500 37.625 93 4 1 TAKE[1]
37.750 37.875 86 9 0 HER[1]
37.875 38.250 89 0 1 HOME[1]
39.125 39.250 79 2 0 IT[1]
39.250 39.375 86 9 1 WHETS[1]
39.375 39.500 79 2 0 HER[1]
39.500 39.625 86 9 1 APPETITE[1]
39.625 39.750 79 2 0 APPETITE[2]
39.750 40.000 81 4 2 APPETITE[3]
41.125 41.250 86 9 1 SHE'LL[1]
41.250 41.375 89 0 1 LAY[1]
41.375 41.500 86 9 0 YOU[1]
41.500 41.625 93 4 0 ON[1]
41.750 41.875 89 0 0 HER[1]
41.875 42.250 89 0 1 THRONE[1]
43.000 43.125 86 9 0 SHE[1]
43.125 43.250 89 0 1 GOT[1]
43.250 43.375 89 0 1 BETTE[1]
43.375 43.500 86 9 0 BETTE[2]
43.500 43.625 93 4 1 DAVIS[1]
43.750 43.875 89 0 0 DAVIS[2]
43.875 44.125 89 0 1 EYES[1]
44.125 44.250 81 4 1 SHE'LL[1]
44.250 44.375 92 3 1 TAKE[1]
44.375 44.500 92 3 0 A[1]
44.500 44.625 92 3 1 TUMBLE[1]
44.625 44.750 91 2 0 TUMBLE[2]
44.875 45.125 89 0 0 ON[1]
45.125 45.250 96 7 0 YOU[1]
46.125 46.375 96 7 1 ROLL[1]
46.375 46.500 96 7 0 YOU[1]
46.500 46.625 92 3 0 LIKE[1]
46.625 46.750 91 2 0 YOU[1]
46.750 46.875 89 0 1 WERE[1]
46.875 47.250 89 0 1 DICE[1]
48.125 48.250 86 9 0 UNTIL[1]
48.250 48.375 89 0 1 UNTIL[2]
48.375 48.500 86 9 0 YOU[1]
48.500 48.625 93 4 1 COME[1]
48.625 48.750 91 2 0 OUT[1]
48.875 49.250 84 7 1 BLUE[1]
49.875 50.000 80 3 1 SHE'S[1]
50.125 50.250 77 0 1 GOT[1]
50.250 50.375 77 0 1 BETTE[1]
50.375 50.500 77 0 0 BETTE[2]
50.500 50.625 80 3 1 DAVIS[1]
50.750 50.875 77 0 0 DAVIS[2]
50.875 51.500 77 0 1 EYES[1]
52.625 52.750 77 0 1 SHE'LL[1]
52.750 52.875 77 0 0 EXPOSE[1]
52.875 53.125 84 7 1 EXPOSE[2]
53.125 53.250 81 4 0 YOU[1]
53.625 53.750 77 0 0 WHEN[1]
53.750 53.875 77 0 0 SHE[1]
53.875 54.125 84 7 1 SNOWS[1]
54.125 54.250 81 4 0 YOU[1]
54.625 54.750 77 0 0 OFF[1]
54.750 54.875 77 0 0 YOUR[1]
54.875 55.000 81 4 1 FEET[1]
55.125 55.250 81 4 0 WITH[1]
55.375 55.500 80 3 1 CRUMBS[1]
55.750 55.875 77 0 0 SHE[1]
55.875 56.000 79 2 1 THROWS[1]
56.125 56.250 79 2 0 YOU[1]
56.625 56.750 72 7 1 SHE'S[1]
56.750 56.875 72 7 0 FEROCIOUS[1]
56.875 57.125 81 4 1 FEROCIOUS[2]
57.125 57.250 74 9 0 FEROCIOUS[3]
57.625 57.750 77 0 0 AND[1]
57.750 57.875 77 0 0 SHE[1]
57.875 58.000 82 5 1 KNOWS[1]
58.250 58.375 86 9 1 JUST[1]
58.500 58.625 92 3 0 WHAT[1]
58.625 58.750 89 0 0 IT[1]
58.875 59.000 93 4 1 TAKES[1]
59.250 59.500 93 4 0 TO[1]
59.500 59.625 91 2 1 MAKE[1]
59.625 59.875 89 0 0 A[1]
59.875 60.125 84 7 1 PRO[1]
60.125 60.250 79 2 1 BLUSH[1]
61.125 61.250 77 0 0 ALL[1]
61.250 61.375 77 0 0 THE[1]
61.375 61.750 82 5 1 BOYS[1]
61.875 62.125 81 4 1 THINK[1]
62.125 62.250 77 0 1 SHE'S[1]
62.250 62.375 69 4 0 A[1]
62.375 62.625 81 4 1 SPY[1]
62.625 62.750 77 0 1 SHE'S[1]
62.750 62.875 81 4 1 GOT[1]
63.250 63.375 77 0 1 BETTE[1]
63.375 63.500 77 0 0 BETTE[2]
63.500 63.625 80 3 1 DAVIS[1]
63.750 63.875 77 0 0 DAVIS[2]
63.875 71.000 77 0 1 EYES[1]
71.625 71.750 77 0 0 AND[1]
71.750 71.875 77 0 1 SHE'LL[1]
71.875 72.125 84 7 1 TEASE[1]
72.125 72.250 81 4 0 YOU[1]
72.625 72.750 77 0 1 SHE'LL[1]
72.750 72.875 77 0 0 UNEASE[1]
72.875 73.125 84 7 1 UNEASE[2]
73.125 73.250 81 4 0 YOU[1]
73.625 73.750 77 0 0 ALL[1]
73.750 73.875 77 0 0 THE[1]
73.875 74.000 81 4 1 BETTER[1]
74.125 74.250 82 5 0 BETTER[2]
74.375 74.500 80 3 1 JUST[1]
74.750 74.875 77 0 0 TO[1]
74.875 75.125 84 7 1 PLEASE[1]
75.125 75.250 81 4 1 YA[1]
75.625 75.750 77 0 1 SHE'S[1]
75.750 75.875 69 4 0 PRECOCIOUS[1]
75.875 76.125 81 4 1 PRECOCIOUS[2]
76.125 76.250 74 9 0 PRECOCIOUS[3]
76.625 76.750 77 0 0 AND[1]
76.750 76.875 77 0 0 SHE[1]
76.875 77.000 82 5 1 KNOWS[1]
77.250 77.375 86 9 1 JUST[1]
77.500 77.625 81 4 0 WHAT[1]
77.625 77.750 77 0 0 IT[1]
78.000 78.250 82 5 1 TAKES[1]
78.250 78.375 82 5 0 TO[1]
78.375 78.500 80 3 1 MAKE[1]
78.625 78.875 77 0 0 A[1]
78.875 79.000 82 5 1 PRO[1]
79.125 79.250 79 2 1 BLUSH[1]
80.125 80.250 77 0 0 ALL[1]
80.250 80.375 77 0 0 THE[1]
80.375 80.500 79 2 1 BOYS[1]
80.875 81.125 79 2 1 THINK[1]
81.125 81.250 77 0 1 SHE'S[1]
81.250 81.375 77 0 0 A[1]
81.375 81.625 81 4 1 SPY[1]
81.625 81.750 77 0 1 SHE'S[1]
81.750 81.875 81 4 1 GOT[1]
82.250 82.375 77 0 1 BETTE[1]
82.375 82.500 77 0 0 BETTE[2]
82.500 82.625 80 3 1 DAVIS[1]
82.750 82.875 77 0 0 DAVIS[2]
82.875 90.000 77 0 1 EYES[1]
90.750 90.875 77 0 1 SHE'LL[1]
90.875 91.125 84 7 1 TEASE[1]
91.125 91.250 79 2 0 YOU[1]
92.625 92.750 77 0 1 SHE'LL[1]
92.750 92.875 77 0 0 UNEASE[1]
92.875 93.125 84 7 1 UNEASE[2]
93.125 93.250 79 2 0 YOU[1]
94.625 94.750 77 0 1 JUST[1]
94.750 94.875 77 0 0 TO[1]
94.875 95.125 81 4 1 PLEASE[1]
95.125 95.250 77 0 1 YA[1]
95.875 96.000 80 3 1 SHE'S[1]
96.125 96.250 77 0 1 GOT[1]
96.250 96.375 77 0 1 BETTE[1]
96.375 96.500 77 0 0 BETTE[2]
96.500 96.625 80 3 1 DAVIS[1]
96.750 96.875 77 0 0 DAVIS[2]
96.875 97.500 77 0 1 EYES[1]
98.625 98.750 77 0 1 SHE'LL[1]
98.750 98.875 77 0 0 EXPOSE[1]
98.875 99.125 81 4 1 EXPOSE[2]
99.125 99.500 81 4 0 YOU[1]
100.625 100.750 77 0 0 WHEN[1]
100.750 100.875 77 0 0 SHE[1]
100.875 101.125 84 7 1 SNOWS[1]
101.125 101.250 81 4 0 YOU[1]
