8.0000 8.2500 56 4 0 ON[1]
8.2500 8.5000 56 4 0 ONE[1]
8.5000 8.6250 56 4 1 SUMMER'S[1]
8.6250 9.0000 56 4 0 SUMMER'S[2]
9.0000 9.5000 56 4 1 DAY[1]
10.0000 10.2500 56 4 1 SUN[1]
10.2500 10.5000 56 4 1 WAS[1]
10.5000 10.7500 56 4 1 SHINING[1]
10.7500 11.0000 56 4 0 SHINING[2]
11.0000 11.5000 56 4 1 FINE[1]
11.8750 12.0000 56 4 0 THE[1]
12.0000 12.2500 56 4 1 LADY[1]
12.2500 12.5000 59 7 0 LADY[2]
12.5000 12.6250 61 9 1 LOVE[1]
12.7500 12.8750 56 4 0 OF[1]
12.8750 13.2500 56 4 1 OLD[1]
13.2500 13.5000 59 7 1 BILL[1]
13.5000 13.6250 61 9 1 BAILEY[1]
13.6250 13.7500 59 7 0 BAILEY[2]
13.7500 13.8750 56 4 1 WAS[1]
13.8750 14.0000 56 4 0 A[1]
14.0000 14.1250 56 4 1 HANGIN'[1]
14.1250 14.2500 56 4 0 HANGIN'[2]
14.2500 14.5000 56 4 1 CLOTHES[1]
14.5000 14.7500 56 4 0 ON[1]
14.7500 14.8750 56 4 0 DA[1]
14.8750 15.2500 56 4 1 LINE[1]
15.2500 15.5000 59 7 0 IN[1]
15.5000 15.7500 59 7 0 HER[1]
15.7500 16.0000 59 7 1 BACK[1]
16.0000 16.2500 59 7 1 YARD[1]
17.2500 17.3750 52 0 0 AND[1]
17.5000 17.6250 59 7 1 WEEPING[1]
17.7500 18.0000 59 7 0 WEEPING[2]
18.0000 18.2500 59 7 1 HARD[1]
19.5000 20.0000 56 4 0 SHE[1]
20.0000 20.1250 56 4 1 MARRIED[1]
20.1250 20.2500 56 4 0 MARRIED[2]
20.2500 20.5000 56 4 0 A[1]
20.5000 20.6250 56 4 1 B-AND-O[1]
20.6250 20.7500 56 4 0 B-AND-O[2]
20.7500 21.0000 56 4 1 B-AND-O[3]
21.0000 21.2500 56 4 1 BRAKEMAN[1]
21.2500 21.5000 56 4 0 BRAKEMAN[2]
21.7500 22.0000 56 4 0 DAT[1]
22.0000 22.2500 56 4 1 TOOK[1]
22.2500 22.5000 56 4 0 AND[1]
22.5000 22.7500 56 4 1 THROW'D[1]
22.7500 23.0000 56 4 0 HER[1]
23.0000 23.5000 56 4 0 DOWN[1]
24.0000 24.1250 56 4 1 BELLERING[1]
24.1250 24.2500 56 4 0 BELLERING[2]
24.2500 24.5000 59 7 0 BELLERING[3]
24.5000 24.6250 61 9 0 LIKE[1]
24.7500 24.8750 56 4 0 A[1]
24.8750 25.2500 56 4 1 PRUNE-FED[1]
25.2500 25.5000 59 7 0 PRUNE-FED[2]
25.5000 25.6250 61 9 1 CALF[1]
25.7500 25.8750 56 4 0 WITH[1]
25.8750 26.0000 56 4 0 A[1]
26.0000 26.2500 56 4 1 BIG[1]
26.2500 26.5000 56 4 1 GANG[1]
26.5000 26.7500 56 4 1 HANGIN'[1]
26.7500 27.0000 56 4 0 HANGIN'[2]
27.0000 27.2500 56 4 1 'ROUND[1]
27.2500 27.5000 59 7 0 AND[1]
27.5000 27.6250 59 7 0 TO[1]
27.6250 27.7500 59 7 0 DAT[1]
28.0000 28.2500 59 7 1 CROWD[1]
29.2500 29.5000 59 7 0 SHE[1]
29.5000 29.7500 59 7 1 YELLED[1]
29.7500 30.0000 59 7 0 OUT[1]
30.0000 30.1250 59 7 1 LOUD[1]
32.0000 32.2500 47 7 1 WON'T[1]
32.2500 32.6250 49 9 0 YOU[1]
32.6250 33.0000 52 0 1 COME[1]
33.0000 33.2500 56 4 1 HOME[1]
33.3750 33.5000 55 3 1 BILL[1]
33.5000 33.6250 56 4 1 BAILEY[1]
33.6250 33.7500 56 4 0 BAILEY[2]
34.0000 34.2500 47 7 1 WON'T[1]
34.2500 34.7500 49 9 0 YOU[1]
34.7500 35.0000 52 0 1 COME[1]
35.0000 35.5000 56 4 1 HOME[1]
36.0000 36.2500 47 7 0 SHE[1]
36.2500 36.7500 49 9 1 MOANS[1]
36.7500 37.0000 52 0 0 THE[1]
37.0000 37.5000 56 4 1 WHOLE[1]
37.5000 38.0000 59 7 1 DAY[1]
38.0000 38.2500 59 7 1 LONG[1]
40.0000 40.2500 47 7 1 I'LL[1]
40.2500 40.6250 51 11 1 DO[1]
40.6250 41.0000 54 2 1 DE[1]
41.0000 41.1250 57 5 1 COOKING[1]
41.1250 41.5000 57 5 0 COOKING[2]
41.5000 41.7500 57 5 1 DARLING[1]
41.7500 42.0000 59 7 0 DARLING[2]
42.0000 42.2500 47 7 1 I'LL[1]
42.2500 42.7500 51 11 1 PAY[1]
42.7500 43.0000 54 2 1 DE[1]
43.0000 43.2500 57 5 1 RENT[1]
44.0000 44.2500 47 7 0 I[1]
44.2500 44.7500 51 11 1 KNOWS[1]
44.7500 45.0000 54 2 1 I'VE[1]
45.0000 45.5000 59 7 1 DONE[1]
45.5000 46.0000 61 9 0 YOU[1]
46.0000 46.2500 61 9 1 WRONG[1]
48.0000 48.2500 47 7 1 MEMBER[1]
48.2500 48.6250 49 9 0 MEMBER[2]
48.6250 49.0000 52 0 0 DAT[1]
49.0000 49.2500 56 4 1 RAINY[1]
49.2500 49.3750 55 3 0 RAINY[2]
49.3750 49.6250 56 4 1 EVENING[1]
49.6250 49.8750 59 7 0 EVENING[2]
49.8750 50.2500 47 7 0 I[1]
50.2500 50.7500 49 9 1 DROVE[1]
50.7500 51.0000 52 0 0 YOU[1]
51.0000 51.2500 56 4 0 OUT[1]
51.7500 52.0000 56 4 0 WITH[1]
52.0000 52.2500 47 7 1 NOTHIN'[1]
52.2500 52.5000 49 9 0 NOTHIN'[2]
52.5000 52.6250 52 0 0 BUT[1]
52.6250 53.0000 56 4 0 A[1]
53.0000 53.5000 59 7 1 FINE[1]
53.5000 54.0000 56 4 1 TOOTH[1]
54.0000 55.0000 57 5 1 COMB[1]
55.7500 56.0000 57 5 0 I[1]
56.0000 56.2500 54 2 1 KNOWS[1]
56.2500 56.7500 54 2 0 I'SE[1]
56.7500 57.0000 57 5 0 TO[1]
57.0000 57.5000 58 6 1 BLAME[1]
57.7500 58.0000 56 4 1 WELL[1]
58.0000 58.2500 59 7 1 AIN'T[1]
58.2500 58.6250 59 7 0 DAT[1]
58.6250 59.0000 61 9 0 A[1]
59.0000 59.2500 61 9 1 SHAME[1]
59.7500 60.0000 56 4 1 BILL[1]
60.0000 60.2500 59 7 1 BAILEY[1]
60.2500 60.5000 54 2 0 BAILEY[2]
60.5000 60.7500 53 1 1 WON'T[1]
60.7500 61.0000 54 2 0 YOU[1]
61.0000 61.5000 57 5 1 PLEASE[1]
61.5000 62.0000 56 4 1 COME[1]
62.0000 62.2500 52 0 1 HOME[1]
71.0000 71.2500 56 4 1 BILL[1]
71.2500 71.5000 56 4 1 DROVE[1]
71.5000 71.7500 56 4 0 BY[1]
71.7500 72.0000 56 4 0 THAT[1]
72.0000 72.5000 56 4 1 DOOR[1]
73.0000 73.2500 56 4 0 IN[1]
73.2500 73.5000 56 4 0 AN[1]
73.5000 73.6250 56 4 1 AUTOMOBILE[1]
73.6250 73.7500 56 4 0 AUTOMOBILE[2]
73.7500 74.0000 56 4 0 AUTOMOBILE[3]
74.0000 74.5000 56 4 2 AUTOMOBILE[4]
74.8750 75.0000 56 4 0 A[1]
75.0000 75.2500 56 4 1 GREAT[1]
75.2500 75.5000 59 7 1 BIG[1]
75.5000 75.7500 61 9 1 DIAMOND[1]
75.7500 76.0000 59 7 0 DIAMOND[2]
76.0000 76.2500 56 4 1 COACH[1]
76.2500 76.5000 59 7 0 AND[1]
76.5000 76.7500 61 9 1 FOOTMAN[1]
76.7500 77.0000 59 7 0 FOOTMAN[2]
77.0000 77.2500 56 4 1 HEAR[1]
77.2500 77.5000 56 4 0 THAT[1]
77.5000 77.7500 56 4 1 LADY[1]
77.7500 78.0000 56 4 0 LADY[2]
78.0000 78.1250 56 4 1 SQUEAL[1]
78.1250 78.3750 56 4 1 HE'S[1]
78.3750 78.7500 59 7 0 ALL[1]
78.7500 79.0000 59 7 0 ALONE[1]
79.0000 79.2500 59 7 1 ALONE[2]
80.2500 80.5000 59 7 0 I[1]
80.5000 80.7500 59 7 1 HEARD[1]
80.7500 81.0000 59 7 0 HER[1]
81.0000 81.2500 59 7 1 GROAN[1]
82.7500 83.0000 56 4 0 SHE[1]
83.0000 83.1250 56 4 1 HOLLERED[1]
83.1250 83.5000 56 4 0 HOLLERED[2]
83.5000 83.7500 56 4 0 THROUGH[1]
83.7500 84.0000 56 4 0 DAT[1]
84.0000 84.5000 56 4 1 DOOR[1]
84.7500 85.0000 59 7 1 BILL[1]
85.0000 85.1250 58 6 1 BAILEY[1]
85.1250 85.5000 59 7 0 BAILEY[2]
85.5000 85.7500 59 7 1 IS[1]
85.7500 86.0000 59 7 0 YOU[1]
86.0000 86.2500 59 7 1 SORE[1]
87.0000 87.2500 61 9 1 STOP[1]
87.2500 87.3750 59 7 0 A[1]
87.3750 87.5000 59 7 1 MINUTE[1]
87.5000 87.6250 56 4 0 MINUTE[2]
87.6250 87.8750 59 7 1 WON'T[1]
87.8750 88.0000 59 7 0 YOU[1]
88.0000 88.1250 59 7 1 LISTEN[1]
88.1250 88.2500 59 7 0 LISTEN[2]
88.5000 88.6250 59 7 0 TO[1]
88.6250 88.7500 61 9 0 ME[1]
89.0000 89.1250 61 9 1 WON'T[1]
89.1250 89.2500 56 4 0 I[1]
89.5000 89.6250 56 4 1 SEE[1]
89.6250 89.7500 56 4 0 YOU[1]
89.7500 90.0000 56 4 0 NO[1]
90.0000 90.2500 56 4 0 MORE[1]
90.2500 90.5000 59 7 1 BILL[1]
90.5000 90.7500 59 7 1 WINKS[1]
90.7500 91.0000 59 7 0 HIS[1]
91.0000 91.2500 59 7 1 EYE[1]
92.2500 92.3750 56 4 0 AS[1]
92.3750 92.5000 59 7 0 HE[1]
92.5000 92.7500 59 7 1 HEARD[1]
92.7500 93.0000 59 7 0 HER[1]
93.0000 93.2500 59 7 1 CRY[1]
95.0000 95.2500 47 7 1 WON'T[1]
95.2500 95.7500 49 9 0 YOU[1]
95.7500 96.0000 52 0 1 COME[1]
96.0000 96.2500 56 4 1 HOME[1]
96.3750 96.5000 55 3 1 BILL[1]
96.5000 96.6250 56 4 1 BAILEY[1]
96.6250 96.7500 56 4 0 BAILEY[2]
96.8750 97.2500 47 7 1 WON'T[1]
97.2500 97.7500 49 9 0 YOU[1]
97.7500 98.0000 52 0 1 COME[1]
98.0000 98.5000 56 4 1 HOME[1]
99.0000 99.2500 47 7 0 SHE[1]
99.2500 99.7500 49 9 1 MOANS[1]
99.7500 100.0000 52 0 0 THE[1]
100.0000 100.5000 56 4 1 WHOLE[1]
100.5000 101.0000 59 7 1 DAY[1]
101.0000 101.2500 59 7 1 LONG[1]
103.0000 103.2500 47 7 1 I'LL[1]
103.2500 103.6250 51 11 1 DO[1]
103.6250 104.0000 54 2 1 DE[1]
104.0000 104.1250 57 5 1 COOKING[1]
104.1250 104.5000 57 5 0 COOKING[2]
104.5000 104.7500 57 5 1 DARLING[1]
104.7500 105.0000 59 7 0 DARLING[2]
105.0000 105.2500 47 7 1 I'LL[1]
105.2500 105.7500 51 11 1 PAY[1]
105.7500 106.0000 54 2 1 DE[1]
106.0000 106.2500 57 5 1 RENT[1]
107.0000 107.2500 47 7 0 I[1]
107.2500 107.7500 51 11 1 KNOWS[1]
107.7500 108.0000 54 2 1 I'VE[1]
108.0000 108.5000 59 7 1 DONE[1]
108.5000 109.0000 61 9 0 YOU[1]
109.0000 109.2500 61 9 1 WRONG[1]
111.0000 111.2500 47 7 1 MEMBER[1]
111.2500 111.6250 49 9 0 MEMBER[2]
111.6250 112.0000 52 0 0 DAT[1]
112.0000 112.2500 56 4 1 RAINY[1]
112.2500 112.3750 55 3 0 RAINY[2]
112.3750 112.6250 56 4 1 EVENING[1]
112.6250 112.8750 59 7 0 EVENING[2]
112.8750 113.2500 47 7 0 I[1]
113.2500 113.7500 49 9 1 DROVE[1]
113.7500 114.0000 52 0 0 YOU[1]
114.0000 114.2500 56 4 0 OUT[1]
114.7500 115.0000 56 4 0 WITH[1]
115.0000 115.2500 47 7 1 NOTHIN'[1]
115.2500 115.5000 49 9 0 NOTHIN'[2]
115.5000 115.6250 52 0 0 BUT[1]
115.6250 116.0000 56 4 0 A[1]
116.0000 116.5000 59 7 1 FINE[1]
116.5000 117.0000 56 4 1 TOOTH[1]
117.0000 118.0000 57 5 1 COMB[1]
118.7500 119.0000 59 7 0 I[1]
119.0000 119.2500 54 2 1 KNOWS[1]
119.2500 119.7500 54 2 0 I'SE[1]
119.7500 120.0000 57 5 0 TO[1]
120.0000 120.5000 58 6 1 BLAME[1]
120.7500 120.8750 58 6 1 WELL[1]
120.8750 121.2500 59 7 1 AIN'T[1]
121.2500 121.6250 59 7 0 DAT[1]
121.6250 122.0000 61 9 0 A[1]
122.0000 122.2500 61 9 1 SHAME[1]
122.7500 123.0000 56 4 1 BILL[1]
123.0000 123.2500 59 7 1 BAILEY[1]
123.2500 123.5000 54 2 0 BAILEY[2]
123.5000 123.7500 53 1 1 WON'T[1]
123.7500 124.0000 54 2 0 YOU[1]
124.0000 124.5000 57 5 1 PLEASE[1]
124.5000 125.0000 56 4 1 COME[1]
125.0000 126.0000 52 0 1 HOME[1]
