7.7500 7.9375 56 5 0 WHEN[1]
7.9375 8.2500 56 5 1 YOU'RE[1]
8.2500 8.3750 55 4 1 WEARY[1]
8.3750 8.5000 53 2 0 WEARY[2]
9.7500 9.8750 56 5 1 FEELING[1]
9.8750 10.2500 58 7 0 FEELING[2]
10.2500 10.3125 53 2 1 SMALL[1]
11.2500 11.5000 60 9 0 WHEN[1]
11.5000 11.7500 61 10 1 TEARS[1]
11.7500 11.9375 60 9 1 ARE[1]
11.9375 12.7500 58 7 0 IN[1]
12.7500 12.8750 63 0 0 YOUR[1]
12.8750 13.5000 60 9 1 EYES[1]
13.7500 13.8750 60 9 0 I[1]
13.8750 14.0000 60 9 0 WILL[1]
14.0000 14.1250 58 7 1 DRY[1]
14.1250 14.1875 55 4 0 THEM[1]
14.2500 15.0000 51 0 0 ALL[1]
16.2500 16.5000 55 4 1 I'M[1]
16.5000 16.7500 53 2 0 ON[1]
16.7500 16.8750 51 0 0 YOUR[1]
16.8750 17.7500 53 2 1 SIDE[1]
17.8750 18.3750 58 7 1 OH[1]
18.3750 18.6250 58 7 0 WHEN[1]
18.6250 18.6875 55 4 1 TIMES[1]
18.8750 19.0000 51 0 1 GET[1]
19.0000 19.1875 51 0 1 ROUGH[1]
20.2500 20.5000 58 7 0 AND[1]
20.5000 20.5625 65 2 1 FRIENDS[1]
20.7500 21.0000 65 2 1 JUST[1]
21.0000 21.5000 63 0 1 CAN'T[1]
21.5000 21.8750 65 2 1 BE[1]
21.8750 22.2500 65 2 1 FOUND[1]
22.5000 22.5625 65 2 0 LIKE[1]
22.7500 23.0000 65 2 0 A[1]
23.0000 23.5000 63 0 1 BRIDGE[1]
23.5000 23.7500 62 11 1 OVER[1]
23.7500 24.0000 60 9 0 OVER[2]
24.0000 24.1875 60 9 1 TROUBLED[1]
24.1875 24.5000 58 7 0 TROUBLED[2]
24.5000 24.6875 55 4 1 WATER[1]
24.6875 25.0000 58 7 0 WATER[2]
25.2500 25.3750 60 9 0 I[1]
25.3750 25.5000 63 0 0 WILL[1]
25.5000 25.7500 65 2 1 LAY[1]
25.7500 25.8750 67 4 0 ME[1]
25.8750 26.5000 63 0 0 DOWN[1]
26.5000 26.5625 65 2 0 LIKE[1]
26.7500 26.8125 65 2 0 A[1]
27.1250 27.5000 63 0 1 BRIDGE[1]
27.5000 27.7500 62 11 1 OVER[1]
27.7500 28.0000 60 9 0 OVER[2]
28.0000 28.1875 60 9 1 TROUBLED[1]
28.1875 28.5000 58 7 0 TROUBLED[2]
28.5000 28.6875 55 4 1 WATER[1]
28.6875 29.0000 58 7 0 WATER[2]
29.2500 29.3750 60 9 0 I[1]
29.3750 29.5000 63 0 0 WILL[1]
29.5000 29.7500 65 2 1 LAY[1]
29.7500 29.8750 67 4 0 ME[1]
29.8750 31.5000 63 0 0 DOWN[1]
35.8750 35.9375 56 5 0 WHEN[1]
35.9375 36.1250 56 5 1 YOU'RE[1]
36.1250 36.3750 55 4 0 DOWN[1]
36.3750 36.4375 53 2 0 AND[1]
36.4375 37.0000 51 0 0 OUT[1]
37.6875 37.7500 56 5 0 WHEN[1]
37.7500 37.8333 56 5 1 YOU'RE[1]
37.8333 37.9167 56 5 0 ON[1]
37.9167 38.0000 58 7 0 THE[1]
38.0000 39.0000 55 4 1 STREET[1]
39.2500 39.5000 60 9 0 WHEN[1]
39.5000 39.7500 61 10 1 EVENING[1]
39.7500 39.9375 60 9 0 EVENING[2]
39.9375 40.7500 58 7 1 FALLS[1]
40.7500 40.9375 63 0 0 SO[1]
40.9375 41.0000 58 7 1 HARD[1]
41.7500 41.8125 56 5 0 I[1]
41.8750 42.0625 58 7 0 WILL[1]
42.0625 42.2500 58 7 1 COMFORT[1]
42.2500 42.3125 55 4 0 COMFORT[2]
42.4375 43.0000 51 0 0 YOU[1]
44.2500 44.5000 55 4 1 I'LL[1]
44.5000 44.7500 53 2 1 TAKE[1]
44.7500 45.0000 51 0 0 YOUR[1]
45.0000 45.7500 53 2 0 PART[1]
45.8750 46.3750 58 7 1 OH[1]
46.3750 46.5000 58 7 0 WHEN[1]
46.5000 46.6250 55 4 1 DARKNESS[1]
46.7500 46.8750 51 0 0 DARKNESS[2]
46.8750 46.9375 53 2 1 COMES[1]
48.2500 48.5000 58 7 0 AND[1]
48.5000 48.5625 65 2 1 PAIN[1]
48.7500 49.0000 65 2 1 IS[1]
49.0000 49.5000 63 0 0 ALL[1]
49.5000 49.8750 65 2 0 AROUND[1]
49.8750 49.9375 63 0 1 AROUND[2]
50.5000 50.7500 67 4 0 LIKE[1]
50.7500 51.0000 65 2 0 A[1]
51.0000 51.5000 63 0 1 BRIDGE[1]
51.5000 51.7500 62 11 1 OVER[1]
51.7500 52.0000 60 9 0 OVER[2]
52.0000 52.1875 60 9 1 TROUBLED[1]
52.1875 52.5000 58 7 0 TROUBLED[2]
52.5000 52.6875 55 4 1 WATER[1]
52.6875 53.0000 58 7 0 WATER[2]
53.2500 53.3750 60 9 0 I[1]
53.3750 53.5000 63 0 0 WILL[1]
53.5000 53.7500 65 2 1 LAY[1]
53.7500 53.8750 67 4 0 ME[1]
53.8750 54.3750 63 0 0 DOWN[1]
54.5000 54.5625 65 2 0 LIKE[1]
54.7500 54.8125 65 2 0 A[1]
55.0000 55.5000 63 0 1 BRIDGE[1]
55.5000 55.7500 62 11 1 OVER[1]
55.7500 56.0000 60 9 0 OVER[2]
56.0000 56.1875 60 9 1 TROUBLED[1]
56.1875 56.5000 58 7 0 TROUBLED[2]
56.5000 56.6875 60 9 1 WATER[1]
56.6875 57.0000 63 0 0 WATER[2]
57.2500 57.3750 63 0 0 I[1]
57.3750 57.5000 65 2 0 WILL[1]
57.5000 57.7500 63 0 1 LAY[1]
57.7500 57.9375 62 11 0 ME[1]
57.9375 58.0000 62 11 0 DOWN[1]
68.7500 68.8750 56 5 1 SAIL[1]
68.8750 69.1250 56 5 0 ON[1]
69.1250 69.3750 55 4 1 SILVER[1]
69.3750 69.4375 53 2 0 SILVER[2]
69.4375 70.0000 51 0 1 GIRL[1]
70.7500 70.8750 56 5 1 SAIL[1]
70.8750 71.0000 56 5 0 ON[1]
71.2500 72.0000 55 4 0 BY[1]
72.2500 72.5000 60 9 0 YOUR[1]
72.5000 72.7500 61 10 1 TIME[1]
72.7500 73.0000 60 9 1 HAS[1]
73.0000 73.7500 58 7 1 COME[1]
73.7500 73.9375 63 0 0 TO[1]
73.9375 74.0000 58 7 1 SHINE[1]
74.7500 74.8750 60 9 0 ALL[1]
74.8750 75.0000 60 9 0 YOUR[1]
75.0000 75.1875 58 7 1 DREAMS[1]
75.1875 75.2500 60 9 1 ARE[1]
75.2500 75.4375 58 7 0 ON[1]
75.4375 75.5000 55 4 0 THEIR[1]
75.5625 76.0000 51 0 1 WAY[1]
77.2500 77.5000 55 4 1 SEE[1]
77.5000 77.7500 53 2 1 HOW[1]
77.7500 78.0000 51 0 0 THEY[1]
78.0000 78.8750 53 2 1 SHINE[1]
78.8750 79.6250 58 7 1 OH[1]
79.6250 79.8750 58 7 0 IF[1]
79.8750 80.0000 58 7 0 YOU[1]
80.0000 80.3125 58 7 1 NEED[1]
80.3125 80.3750 56 5 0 A[1]
80.3750 80.7500 55 4 1 FRIEND[1]
81.2500 81.5000 58 7 1 I'M[1]
81.5000 81.5625 65 2 1 SAILING[1]
81.7500 82.0000 65 2 0 SAILING[2]
82.0000 82.5000 63 0 1 RIGHT[1]
82.5000 82.8750 65 2 0 BEHIND[1]
82.8750 83.2500 65 2 1 BEHIND[2]
83.5000 83.7500 67 4 0 LIKE[1]
83.7500 84.0000 65 2 0 A[1]
84.0000 84.5000 63 0 1 BRIDGE[1]
84.5000 84.7500 62 11 1 OVER[1]
84.7500 85.0000 60 9 0 OVER[2]
85.0000 85.1875 60 9 1 TROUBLED[1]
85.1875 85.5000 58 7 0 TROUBLED[2]
85.5000 85.6875 60 9 1 WATER[1]
85.6875 86.0000 63 0 0 WATER[2]
86.2500 86.3750 63 0 0 I[1]
86.3750 86.5000 65 2 0 WILL[1]
86.5000 86.7500 63 0 1 EASE[1]
86.7500 86.9375 62 11 0 YOUR[1]
86.9375 87.2500 63 0 1 MIND[1]
87.5000 87.7500 67 4 0 LIKE[1]
87.7500 88.0000 65 2 0 A[1]
88.0000 88.5000 68 5 1 BRIDGE[1]
88.5000 88.7500 67 4 1 OVER[1]
88.7500 89.0000 65 2 0 OVER[2]
89.0000 89.1667 67 4 1 TROUBLED[1]
89.3333 89.5000 67 4 0 TROUBLED[2]
89.5000 89.6667 65 2 1 WATER[1]
89.6667 90.0000 63 0 0 WATER[2]
90.2500 90.3750 68 5 0 I[1]
90.3750 90.5000 68 5 0 WILL[1]
90.5000 90.7500 67 4 1 EASE[1]
90.7500 90.8750 65 2 0 YOUR[1]
90.8750 91.0000 65 2 1 MIND[1]
