4.875 5.250 55 7 1 EAST[1]
5.250 5.500 57 9 1 IS[1]
5.500 5.875 60 0 1 EAST[1]
5.875 6.000 62 2 0 AND[1]
6.000 6.250 64 4 1 WEST[1]
6.250 6.500 67 7 1 IS[1]
6.500 6.750 69 9 1 WEST[1]
6.750 6.875 69 9 0 AND[1]
6.875 7.000 67 7 0 THE[1]
7.000 7.250 69 9 1 WRONG[1]
7.250 7.500 67 7 0 ONE[1]
7.500 7.625 64 4 0 I[1]
7.750 7.875 60 0 1 HAVE[1]
7.875 8.750 64 4 1 CHOSE[1]
9.000 9.250 69 9 1 LET'S[1]
9.250 9.500 69 9 1 GO[1]
9.500 9.750 69 9 0 WHERE[1]
9.750 10.000 69 9 0 THEY[1]
10.000 10.250 67 7 1 KEEP[1]
10.250 10.500 64 4 0 ON[1]
10.500 10.625 62 2 1 WEARIN'[1]
10.625 10.750 60 0 0 WEARIN'[2]
10.750 11.000 57 9 0 THOSE[1]
11.000 11.250 55 7 1 FRILLS[1]
11.250 11.500 60 0 0 AND[1]
11.500 11.625 57 9 1 FLOWERS[1]
11.625 11.750 57 9 0 FLOWERS[2]
11.750 12.000 60 0 0 AND[1]
12.000 12.125 55 7 1 BUTTONS[1]
12.125 12.250 55 7 0 BUTTONS[2]
12.250 12.500 60 0 0 AND[1]
12.500 13.000 57 9 1 BOWS[1]
13.000 13.250 55 7 1 RINGS[1]
13.250 13.500 60 0 0 AND[1]
13.500 13.750 57 9 1 THINGS[1]
13.750 14.000 60 0 0 AND[1]
14.000 14.125 59 11 1 BUTTONS[1]
14.125 14.250 59 11 0 BUTTONS[2]
14.250 14.500 62 2 0 AND[1]
14.500 16.500 60 0 1 BOWS[1]
16.750 17.000 67 7 1 DON'T[1]
17.000 17.250 55 7 1 BURY[1]
17.250 17.375 57 9 0 BURY[2]
17.375 17.750 60 0 0 ME[1]
17.750 18.000 62 2 0 IN[1]
18.000 18.250 64 4 0 THIS[1]
18.250 18.375 67 7 1 PRAIRIE[1]
18.375 18.500 69 9 0 PRAIRIE[2]
18.625 18.750 69 9 1 TAKE[1]
18.875 19.000 67 7 0 ME[1]
19.000 19.250 69 9 0 WHERE[1]
19.250 19.500 67 7 0 THE[1]
19.500 19.625 64 4 0 CEMENT[1]
19.750 20.000 60 0 1 CEMENT[2]
20.000 20.125 62 2 1 GROWS[1]
21.000 21.250 69 9 1 LET'S[1]
21.250 21.500 69 9 1 MOVE[1]
21.500 21.750 69 9 0 DOWN[1]
21.750 22.000 69 9 0 TO[1]
22.000 22.250 67 7 0 SOME[1]
22.250 22.500 64 4 1 BIG[1]
22.500 22.750 62 2 1 TOWN[1]
22.750 22.875 60 0 0 WHERE[1]
22.875 23.000 57 9 0 THEY[1]
23.000 23.250 55 7 1 LOVE[1]
23.250 23.500 60 0 0 A[1]
23.500 23.750 57 9 1 GAL[1]
23.750 23.875 60 0 0 BY[1]
23.875 24.000 60 0 0 THE[1]
24.000 24.125 55 7 1 CUT[1]
24.125 24.250 55 7 1 O'[1]
24.250 24.500 60 0 0 HER[1]
24.500 24.875 57 9 1 CLOTHES[1]
24.875 25.000 67 7 0 AND[1]
25.000 25.250 55 7 1 I'LL[1]
25.250 25.500 60 0 1 STAND[1]
25.500 25.750 57 9 0 OUT[1]
25.750 26.000 60 0 0 IN[1]
26.000 26.125 59 11 1 BUTTONS[1]
26.125 26.250 59 11 0 BUTTONS[2]
26.250 26.500 62 2 0 AND[1]
26.500 28.500 60 0 1 BOWS[1]
28.625 29.000 60 0 1 I'LL[1]
29.000 29.500 60 7 1 LOVE[1]
29.500 29.625 62 9 0 YOU[1]
29.625 29.875 65 0 0 IN[1]
29.875 30.000 69 4 1 BUCKSKIN[1]
30.250 30.750 65 0 2 BUCKSKIN[2]
30.750 31.000 57 4 0 AND[1]
31.000 31.250 69 4 1 SKIRTS[1]
31.250 31.375 69 4 0 THAT[1]
31.375 31.750 67 2 1 I'VE[1]
31.750 32.000 65 0 1 HOMESPUN[1]
32.000 32.250 64 11 2 HOMESPUN[2]
32.625 32.750 64 11 0 BUT[1]
32.750 33.000 65 0 1 I'LL[1]
33.000 33.250 67 7 1 LOVE[1]
33.250 33.500 69 9 1 YA[1]
33.500 33.625 64 4 1 LONGER[1]
33.750 34.000 60 0 0 LONGER[2]
34.000 34.125 64 4 1 STRONGER[1]
34.250 34.375 60 0 0 STRONGER[2]
34.375 34.875 64 4 0 WHERE[1]
34.875 35.000 60 0 1 YER[1]
35.000 35.250 69 9 1 FRIENDS[1]
35.250 35.500 69 9 1 DON'T[1]
35.500 35.750 67 7 1 TOTE[1]
35.750 35.875 66 6 0 A[1]
35.875 36.625 67 7 1 GUN[1]
36.625 37.000 67 7 0 MY[1]
37.000 37.250 55 7 1 BONES[1]
37.250 37.500 57 9 0 DENOUNCE[1]
37.500 37.875 60 0 1 DENOUNCE[2]
37.875 38.000 62 2 0 THE[1]
38.000 38.125 64 4 1 BUCKBOARD[1]
38.250 38.500 67 7 0 BUCKBOARD[2]
38.500 38.750 69 9 1 BOUNCE[1]
38.750 38.875 69 9 0 AND[1]
38.875 39.000 67 7 0 THE[1]
39.000 39.125 69 9 1 CACTUS[1]
39.250 39.500 67 7 0 CACTUS[2]
39.500 39.625 64 4 1 HURTS[1]
39.750 40.000 60 0 0 MY[1]
40.000 40.125 62 2 1 TOES[1]
41.000 41.250 69 9 1 LET'S[1]
41.250 41.500 69 9 0 VAMOOSE[1]
41.500 41.750 69 9 1 VAMOOSE[2]
41.750 41.875 69 9 0 WHERE[1]
41.875 42.250 67 7 1 GALS[1]
42.250 42.375 64 4 1 KEEP[1]
42.375 42.500 62 2 0 A[1]
42.500 42.625 62 2 1 USIN'[1]
42.625 42.750 60 0 0 USIN'[2]
42.750 43.000 57 9 0 THOSE[1]
43.000 43.250 55 7 1 SILKS[1]
43.250 43.500 60 0 0 AND[1]
43.500 43.625 57 9 1 SATINS[1]
43.625 43.750 57 9 0 SATINS[2]
43.750 44.000 60 0 0 AND[1]
44.000 44.125 55 7 1 LINEN[1]
44.125 44.250 55 7 0 LINEN[2]
44.250 44.500 60 0 0 THAT[1]
44.500 44.875 57 9 1 SHOWS[1]
44.875 45.000 67 7 0 AND[1]
45.000 45.250 55 7 1 I'M[1]
45.250 45.500 60 0 0 ALL[1]
45.500 45.750 57 9 0 YOURS[1]
45.750 46.000 60 0 0 IN[1]
46.000 46.125 59 11 1 BUTTONS[1]
46.125 46.250 59 11 0 BUTTONS[2]
46.250 46.500 62 2 0 AND[1]
46.500 48.500 60 0 1 BOWS[1]
56.625 57.000 67 7 0 MY[1]
57.000 57.250 55 7 1 BONES[1]
57.250 57.500 57 9 0 DENOUNCE[1]
57.500 57.875 60 0 1 DENOUNCE[2]
57.875 58.000 62 2 0 THE[1]
58.000 58.250 64 4 1 BUCKBOARD[1]
58.250 58.500 67 7 0 BUCKBOARD[2]
58.500 58.750 69 9 1 BOUNCE[1]
58.750 58.875 69 9 0 AND[1]
58.875 59.000 67 7 0 THE[1]
59.000 59.250 69 9 1 CACTUS[1]
59.250 59.500 67 7 0 CACTUS[2]
59.500 59.625 64 4 1 HURTS[1]
59.750 60.000 60 0 0 MY[1]
60.000 60.125 62 2 1 TOES[1]
61.000 61.250 69 9 1 LET'S[1]
61.250 61.500 69 9 0 VAMOOSE[1]
61.500 61.750 69 9 1 VAMOOSE[2]
61.750 61.875 69 9 0 WHERE[1]
61.875 62.250 67 7 1 GALS[1]
62.250 62.375 64 4 1 KEEP[1]
62.375 62.500 62 2 0 A[1]
62.500 62.625 62 2 1 USIN'[1]
62.625 62.750 60 0 0 USIN'[2]
62.750 63.000 57 9 0 THOSE[1]
63.000 63.250 55 7 1 SILKS[1]
63.250 63.500 60 0 0 AND[1]
63.500 63.625 57 9 1 SATINS[1]
63.625 63.750 57 9 0 SATINS[2]
63.750 64.000 60 0 0 AND[1]
64.000 64.125 55 7 1 LINEN[1]
64.125 64.250 55 7 0 LINEN[2]
64.250 64.500 60 0 0 THAT[1]
64.500 64.875 57 9 1 SHOWS[1]
64.875 65.000 67 7 0 AND[1]
65.000 65.250 55 7 1 I'M[1]
65.250 65.500 60 0 0 ALL[1]
65.500 65.750 57 9 0 YOURS[1]
65.750 66.000 60 0 0 IN[1]
66.000 66.125 59 11 1 BUTTONS[1]
66.125 66.250 59 11 0 BUTTONS[2]
66.250 66.500 62 2 0 AND[1]
66.500 70.000 60 0 1 BOWS[1]
72.625 72.875 64 4 1 GIMME[1]
72.875 73.000 65 5 0 GIMME[2]
73.000 73.250 67 7 1 EASTERN[1]
73.250 73.500 67 7 0 EASTERN[2]
73.500 73.625 67 7 1 TRIMMIN'[1]
73.625 73.750 67 7 0 TRIMMIN'[2]
73.750 74.000 67 7 0 WHERE[1]
74.000 74.125 67 7 1 WOMEN[1]
74.125 74.250 67 7 0 WOMEN[2]
74.250 74.500 67 7 1 ARE[1]
74.500 74.625 67 7 1 WOMEN[1]
74.625 74.750 67 7 0 WOMEN[2]
74.750 75.000 67 7 0 IN[1]
75.000 75.250 67 7 1 HIGH[1]
75.250 75.500 67 7 1 SILK[1]
75.500 75.750 67 7 1 HOSE[1]
75.750 76.000 67 7 0 AND[1]
76.000 76.125 67 7 1 PEEK-A-BOO[1]
76.125 76.250 67 7 0 PEEK-A-BOO[2]
76.250 76.500 67 7 2 PEEK-A-BOO[3]
76.500 76.750 67 7 1 CLOTHES[1]
76.750 77.000 64 4 0 AND[1]
77.000 77.250 67 7 1 FRENCH[1]
77.250 77.500 67 7 0 PERFUME[1]
77.500 77.750 67 7 1 PERFUME[2]
77.750 78.000 64 4 0 THAT[1]
78.000 78.250 67 7 1 ROCKS[1]
78.250 78.500 67 7 0 THE[1]
78.500 78.750 67 7 1 ROOM[1]
78.750 78.875 64 4 0 AND[1]
78.875 79.250 67 7 1 I'M[1]
79.250 79.500 67 7 0 ALL[1]
79.500 79.750 67 7 0 YOURS[1]
79.750 80.000 67 7 0 IN[1]
80.000 80.125 55 7 1 BUTTONS[1]
80.125 80.250 57 9 0 BUTTONS[2]
80.250 80.500 59 11 0 AND[1]
80.500 82.000 60 0 1 BOWS[1]
82.000 82.125 55 7 1 BUTTONS[1]
82.125 82.250 57 9 0 BUTTONS[2]
82.250 82.500 59 11 0 AND[1]
82.500 84.000 60 0 1 BOWS[1]
84.000 84.250 55 7 1 BUTTONS[1]
84.250 84.500 57 9 0 BUTTONS[2]
84.500 85.000 59 11 0 AND[1]
85.000 93.000 72 0 1 BOWS[1]
