6.000 6.500 61 7 0 WHEN[1]
6.500 7.000 61 7 0 THE[1]
7.000 7.250 61 7 1 WINTRY[1]
7.250 8.000 61 7 0 WINTRY[2]
8.250 8.500 61 7 1 WINDS[1]
8.500 8.750 61 7 1 START[1]
8.750 9.000 61 7 1 BLOWING[1]
9.000 9.250 54 0 0 BLOWING[2]
9.625 9.750 50 8 0 AND[1]
9.750 10.000 49 7 0 THE[1]
10.000 10.500 57 3 1 SNOW[1]
10.750 11.000 54 0 1 IS[1]
11.000 11.250 57 3 1 STARTING[1]
11.250 11.500 56 2 0 STARTING[2]
11.750 11.875 56 2 0 TO[1]
11.875 12.500 61 7 1 FALL[1]
14.250 14.500 61 7 0 THEN[1]
14.500 14.750 61 7 0 MY[1]
14.750 15.500 61 7 1 EYES[1]
16.250 16.500 61 7 1 TURN[1]
16.500 16.750 61 7 1 WESTWARD[1]
16.750 17.000 61 7 0 WESTWARD[2]
17.000 17.250 61 7 1 KNOWING[1]
17.250 17.500 59 5 0 KNOWING[2]
17.500 17.750 57 3 1 THAT'S[1]
17.750 17.875 54 0 0 THE[1]
17.875 18.250 57 3 1 PLACE[1]
18.750 18.875 54 0 0 THAT[1]
18.875 19.250 57 3 0 I[1]
19.250 19.500 56 2 1 LOVE[1]
19.500 19.750 54 0 1 BEST[1]
19.750 19.875 54 0 0 OF[1]
19.875 20.500 54 0 0 ALL[1]
22.250 22.375 57 3 2 CALIFORNIA[1]
22.375 22.625 57 3 0 CALIFORNIA[2]
22.625 23.000 57 3 1 CALIFORNIA[3]
23.000 24.000 57 3 0 CALIFORNIA[4]
24.250 24.750 57 3 1 I'VE[1]
24.750 25.000 57 3 1 BEEN[1]
25.000 26.000 57 3 1 BLUE[1]
26.375 26.625 57 3 0 SINCE[1]
26.625 27.000 57 3 1 I'VE[1]
27.375 27.500 57 3 1 BEEN[1]
27.500 27.750 57 3 0 AWAY[1]
28.000 28.500 59 5 1 AWAY[2]
28.500 28.750 57 3 0 FROM[1]
28.750 29.500 61 7 0 YOU[1]
30.250 30.500 61 7 0 I[1]
30.500 30.750 61 7 1 CAN'T[1]
30.750 31.500 61 7 1 WAIT[1]
32.250 32.375 61 7 0 TILL[1]
32.375 32.750 61 7 0 I[1]
32.750 33.000 59 5 1 GET[1]
33.000 33.250 61 7 1 GOING[1]
33.250 33.500 59 5 0 GOING[2]
33.500 33.750 57 3 1 EVEN[1]
33.750 34.000 54 0 0 EVEN[2]
34.000 34.500 57 3 1 NOW[1]
34.625 35.000 57 3 1 I'M[1]
35.000 35.250 57 3 1 STARTING[1]
35.250 35.500 56 2 0 STARTING[2]
35.500 35.750 54 0 0 IN[1]
35.750 36.000 49 7 0 A[1]
36.000 37.000 54 0 1 CALL[1]
38.250 38.500 62 0 2 CALIFORNIA[1]
38.500 38.875 59 9 0 CALIFORNIA[2]
38.875 39.250 62 0 1 CALIFORNIA[3]
39.250 39.750 59 9 0 CALIFORNIA[4]
40.250 40.500 64 2 1 HERE[1]
40.500 40.750 62 0 0 I[1]
40.750 41.250 59 9 1 COME[1]
42.250 42.500 57 7 1 RIGHT[1]
42.500 42.750 57 7 1 BACK[1]
42.750 43.500 57 7 0 WHERE[1]
43.750 44.000 57 7 0 I[1]
44.000 44.250 59 9 1 STARTED[1]
44.250 44.750 57 7 0 STARTED[2]
44.750 45.250 54 4 0 FROM[1]
46.250 46.500 57 7 0 WHERE[1]
46.500 46.750 59 9 1 BOWERS[1]
46.750 47.000 57 7 0 BOWERS[2]
47.250 47.500 59 9 1 ARE[1]
47.500 47.750 61 11 1 FLOWERS[1]
47.750 48.000 59 9 0 FLOWERS[2]
48.000 48.250 61 11 1 BLOOM[1]
48.250 48.500 62 0 0 IN[1]
48.500 48.750 64 2 0 THE[1]
48.750 49.250 57 7 1 SUN[1]
50.125 50.500 57 7 0 EACH[1]
50.500 50.750 59 9 1 MORNING[1]
50.750 51.000 57 7 0 MORNING[2]
51.250 51.500 59 9 0 AT[1]
51.500 51.750 61 11 1 DAWNING[1]
51.750 52.000 59 9 0 DAWNING[2]
52.000 52.250 61 11 1 BIRDIES[1]
52.250 52.500 62 0 0 BIRDIES[2]
52.500 52.750 63 1 1 SING[1]
52.750 52.875 64 2 0 AND[1]
52.875 53.250 57 7 1 EVERYTHING[1]
53.250 53.500 58 8 0 EVERYTHING[2]
53.500 53.750 59 9 2 EVERYTHING[3]
53.750 54.000 61 11 0 A[1]
54.000 54.250 62 0 1 SUN[1]
54.500 54.750 62 0 1 KISSED[1]
55.000 55.250 62 0 1 MISS[1]
55.375 55.500 62 0 1 SAID[1]
56.250 56.750 64 2 1 DON'T[1]
56.750 57.000 58 8 1 BE[1]
57.000 57.500 59 9 1 LATE[1]
58.250 58.500 57 7 1 THAT'S[1]
58.500 58.750 57 7 1 WHY[1]
58.750 59.250 57 7 0 I[1]
59.750 60.000 57 7 0 CAN[1]
60.000 60.500 59 9 1 HARDLY[1]
60.500 60.750 54 4 0 HARDLY[2]
60.750 61.500 54 4 1 WAIT[1]
62.250 62.500 55 5 1 OPEN[1]
62.500 62.750 57 7 0 OPEN[2]
62.750 63.500 59 9 0 UP[1]
63.500 64.000 62 0 0 YOUR[1]
64.000 64.500 61 11 1 GOLDEN[1]
64.500 64.750 54 4 0 GOLDEN[2]
64.750 65.500 62 0 1 GATE[1]
65.500 65.625 59 9 2 CALIFORNIA[1]
65.625 65.875 61 11 0 CALIFORNIA[2]
65.875 66.250 62 0 1 CALIFORNIA[3]
66.250 67.000 59 9 0 CALIFORNIA[4]
67.250 67.500 61 11 1 HERE[1]
67.500 67.750 57 7 0 I[1]
67.750 68.500 62 0 1 COME[1]
101.875 102.000 61 11 2 CALIFORNIA[1]
102.250 102.750 62 0 0 CALIFORNIA[2]
102.875 103.250 62 0 1 CALIFORNIA[3]
103.250 104.000 62 0 0 CALIFORNIA[4]
104.250 104.500 64 2 1 HERE[1]
104.500 104.750 62 0 0 I[1]
104.750 105.250 59 9 1 COME[1]
106.250 106.500 57 7 1 RIGHT[1]
106.500 106.750 57 7 1 BACK[1]
106.750 107.500 57 7 0 WHERE[1]
107.750 108.000 57 7 0 I[1]
108.000 108.500 59 9 1 STARTED[1]
108.500 108.750 52 2 0 STARTED[2]
108.750 109.500 54 4 0 FROM[1]
110.125 110.500 57 7 0 WHERE[1]
110.500 110.750 59 9 1 BOWERS[1]
110.750 111.000 57 7 0 BOWERS[2]
111.125 111.500 59 9 1 ARE[1]
111.500 111.750 61 11 1 FLOWERS[1]
111.750 112.000 59 9 0 FLOWERS[2]
112.000 112.250 61 11 1 BLOOM[1]
112.250 112.500 57 7 0 IN[1]
112.500 112.750 54 4 0 THE[1]
112.750 113.500 57 7 1 SUN[1]
114.125 114.500 57 7 0 EACH[1]
114.500 114.750 59 9 1 MORNING[1]
114.750 115.000 57 7 0 MORNING[2]
115.250 115.500 59 9 0 AT[1]
115.500 115.750 61 11 1 DAWNING[1]
115.750 116.000 59 9 0 DAWNING[2]
116.000 116.250 61 11 1 BIRDIES[1]
116.250 116.500 62 0 0 BIRDIES[2]
116.500 116.750 63 1 1 SING[1]
116.750 117.000 64 2 0 AND[1]
117.000 117.250 57 7 1 EVERYTHING[1]
117.250 117.500 58 8 0 EVERYTHING[2]
117.500 117.750 59 9 2 EVERYTHING[3]
117.750 118.000 61 11 0 A[1]
118.000 118.250 62 0 1 SUN[1]
118.500 118.750 62 0 1 KISSED[1]
119.000 119.250 62 0 1 MISS[1]
119.375 119.500 62 0 1 SAID[1]
120.250 120.625 64 2 1 DON'T[1]
120.625 121.000 55 5 1 BE[1]
121.000 121.500 59 9 1 LATE[1]
122.250 122.500 57 7 1 THAT'S[1]
122.500 122.875 57 7 1 WHY[1]
122.875 123.250 57 7 0 I[1]
123.750 123.875 57 7 0 CAN[1]
123.875 124.000 57 7 0 A[1]
124.000 124.500 59 9 1 HARDLY[1]
124.500 124.750 54 4 0 HARDLY[2]
124.750 125.500 54 4 1 WAIT[1]
126.250 126.500 55 5 1 OPEN[1]
126.500 126.750 57 7 0 OPEN[2]
126.750 127.500 59 9 0 UP[1]
127.500 128.000 62 0 0 YOUR[1]
128.000 128.750 61 11 1 GOLDEN[1]
128.750 129.000 54 4 0 GOLDEN[2]
129.000 129.500 62 0 1 GATE[1]
129.500 129.750 59 9 2 CALIFORNIA[1]
129.750 130.000 61 11 0 CALIFORNIA[2]
130.000 130.250 62 0 1 CALIFORNIA[3]
130.250 131.000 59 9 0 CALIFORNIA[4]
131.250 131.500 61 11 1 HERE[1]
131.500 131.750 61 11 0 I[1]
131.750 132.500 62 0 1 COME[1]
134.250 134.375 62 0 2 CALIFORNIA[1]
134.375 134.750 57 7 0 CALIFORNIA[2]
134.750 135.250 62 0 1 CALIFORNIA[3]
135.250 136.000 62 0 0 CALIFORNIA[4]
136.250 136.500 64 2 1 HERE[1]
136.500 136.750 55 5 0 I[1]
136.750 137.250 59 9 1 COME[1]
138.250 138.500 57 7 1 RIGHT[1]
138.500 138.750 57 7 1 BACK[1]
138.750 139.500 57 7 0 WHERE[1]
140.250 140.500 59 9 0 I[1]
140.500 140.750 59 9 1 STARTED[1]
140.750 141.000 57 7 0 STARTED[2]
141.000 141.500 54 4 0 FROM[1]
142.250 142.500 57 7 0 WHERE[1]
142.500 142.750 59 9 1 BOWERS[1]
142.750 143.000 57 7 0 BOWERS[2]
143.250 143.500 59 9 1 ARE[1]
143.500 143.750 61 11 1 FLOWERS[1]
143.750 144.000 59 9 0 FLOWERS[2]
144.000 144.250 61 11 1 BLOOM[1]
144.250 144.500 59 9 0 IN[1]
144.500 144.750 58 8 0 THE[1]
144.750 145.000 57 7 1 SUN[1]
146.250 146.500 57 7 0 EACH[1]
146.500 146.750 59 9 1 MORNING[1]
146.750 147.000 57 7 0 MORNING[2]
147.250 147.500 59 9 0 AT[1]
147.500 147.750 61 11 1 DAWNING[1]
147.750 148.000 59 9 0 DAWNING[2]
148.000 148.250 61 11 1 BIRDIES[1]
148.250 148.500 62 0 0 BIRDIES[2]
148.500 148.750 63 1 1 SING[1]
148.750 149.000 64 2 0 AND[1]
149.000 149.250 57 7 1 EVERYTHING[1]
149.250 149.500 58 8 0 EVERYTHING[2]
149.500 149.750 59 9 2 EVERYTHING[3]
149.750 150.000 61 11 0 A[1]
150.000 150.250 62 0 1 SUN[1]
150.500 150.750 62 0 1 KISSED[1]
151.000 151.250 62 0 1 MISS[1]
151.375 151.500 62 0 1 SAID[1]
152.250 152.625 64 2 1 DON'T[1]
152.625 153.000 55 5 1 BE[1]
153.000 153.500 59 9 1 LATE[1]
154.250 154.500 57 7 1 THAT'S[1]
154.500 154.875 57 7 1 WHY[1]
154.875 155.250 57 7 0 I[1]
155.750 156.000 57 7 0 CAN[1]
156.000 156.500 59 9 1 HARDLY[1]
156.500 156.750 54 4 0 HARDLY[2]
156.750 157.500 54 4 1 WAIT[1]
158.250 158.500 55 5 1 OPEN[1]
158.500 158.750 57 7 0 OPEN[2]
158.750 159.500 59 9 0 UP[1]
159.500 160.000 62 0 0 YOUR[1]
160.000 160.250 66 4 1 GOLDEN[1]
160.500 160.750 64 2 0 GOLDEN[2]
160.750 161.000 62 0 1 GATE[1]
161.500 161.625 59 9 2 CALIFORNIA[1]
161.625 161.875 61 11 0 CALIFORNIA[2]
161.875 162.250 62 0 1 CALIFORNIA[3]
162.250 162.750 59 9 0 CALIFORNIA[4]
163.250 163.500 61 11 1 HERE[1]
163.500 163.750 61 11 0 I[1]
163.750 165.500 62 0 1 COME[1]
