9.000 9.125 62 0 1 COLOR[1]
9.125 9.375 64 2 0 COLOR[2]
9.375 9.625 65 3 0 ME[1]
9.625 9.875 67 5 0 YOUR[1]
9.875 10.125 69 7 1 COLOR[1]
10.125 10.375 67 5 0 COLOR[2]
10.375 10.625 65 3 1 BABY[1]
10.625 11.000 64 2 0 BABY[2]
11.000 11.125 62 0 1 COLOR[1]
11.125 11.375 64 2 0 COLOR[2]
11.375 11.625 65 3 0 ME[1]
11.625 11.875 64 2 0 YOUR[1]
11.875 12.500 62 0 1 CAR[1]
13.000 13.125 62 0 1 COLOR[1]
13.125 13.375 64 2 0 COLOR[2]
13.375 13.625 65 3 0 ME[1]
13.625 13.875 67 5 0 YOUR[1]
13.875 14.125 69 7 1 COLOR[1]
14.125 14.375 67 5 0 COLOR[2]
14.375 14.625 65 3 1 DARLING[1]
14.625 15.000 64 2 0 DARLING[2]
15.000 15.125 62 0 0 I[1]
15.125 15.375 64 2 1 KNOW[1]
15.375 15.625 65 3 0 WHO[1]
15.625 15.875 67 5 0 YOU[1]
15.875 16.500 62 0 1 ARE[1]
17.000 17.125 62 0 1 COME[1]
17.125 17.375 64 2 0 UP[1]
17.375 17.625 65 3 0 OFF[1]
17.625 17.875 67 5 0 YOUR[1]
17.875 18.125 69 7 1 COLOR[1]
18.125 18.375 70 8 0 COLOR[2]
18.375 18.750 69 7 1 CHART[1]
19.000 19.125 62 0 0 I[1]
19.125 19.375 64 2 1 KNOW[1]
19.375 19.625 65 3 0 WHERE[1]
19.625 19.875 67 5 1 YOU'RE[1]
19.875 20.125 69 7 1 COMIN'[1]
20.125 20.375 70 8 0 COMIN'[2]
20.375 20.750 69 7 0 FROM[1]
20.750 20.875 74 0 1 CALL[1]
20.875 21.250 74 0 0 ME[1]
21.625 21.750 73 11 0 ON[1]
21.750 21.875 74 0 0 THE[1]
21.875 22.500 72 10 1 LINE[1]
22.500 22.750 69 7 1 CALL[1]
22.750 23.000 72 10 0 ME[1]
23.000 23.250 67 5 1 CALL[1]
23.250 23.500 65 3 0 ME[1]
23.500 23.625 67 5 1 ANY[1]
23.625 24.000 65 3 0 ANY[2]
24.000 24.125 67 5 1 ANYTIME[1]
24.125 24.375 65 3 0 ANYTIME[2]
24.375 24.750 62 0 2 ANYTIME[3]
24.750 24.875 74 0 1 CALL[1]
24.875 25.250 74 0 0 ME[1]
25.625 25.750 74 0 1 I'LL[1]
25.750 25.875 74 0 0 ARRIVE[1]
25.875 26.500 72 10 1 ARRIVE[2]
26.500 26.750 69 7 0 YOU[1]
26.750 27.000 72 10 0 CAN[1]
27.000 27.250 67 5 1 CALL[1]
27.250 27.500 65 3 0 ME[1]
27.500 27.625 67 5 1 ANY[1]
27.625 27.875 65 3 0 ANY[2]
27.875 28.125 67 5 1 DAY[1]
28.125 28.500 65 3 0 OR[1]
28.500 28.750 62 0 1 NIGHT[1]
28.750 29.000 62 0 1 CALL[1]
29.000 29.250 62 0 0 ME[1]
33.000 33.125 62 0 1 COVER[1]
33.125 33.375 64 2 0 COVER[2]
33.375 33.625 65 3 0 ME[1]
33.625 33.875 67 5 0 WITH[1]
33.875 34.125 69 7 1 KISSES[1]
34.125 34.375 67 5 0 KISSES[2]
34.375 34.625 65 3 1 BABY[1]
34.625 35.000 64 2 0 BABY[2]
35.000 35.125 62 0 1 COVER[1]
35.125 35.375 64 2 0 COVER[2]
35.375 35.625 65 3 0 ME[1]
35.625 35.875 64 2 0 WITH[1]
35.875 36.500 62 0 1 LOVE[1]
37.000 37.250 62 0 1 ROLL[1]
37.250 37.375 64 2 0 ME[1]
37.375 37.750 65 3 0 IN[1]
37.750 37.875 67 5 0 DESIGNER[1]
37.875 38.125 69 7 1 DESIGNER[2]
38.125 38.375 67 5 0 DESIGNER[3]
38.375 38.625 65 3 1 SHEETS[1]
38.625 39.000 64 2 1 I'LL[1]
39.000 39.125 62 0 1 NEVER[1]
39.125 39.500 64 2 0 NEVER[2]
39.500 39.750 65 3 1 GET[1]
39.750 39.875 67 5 0 ENOUGH[1]
39.875 40.500 62 0 1 ENOUGH[2]
40.750 40.875 60 10 0 EMOTIONS[1]
40.875 41.125 62 0 1 EMOTIONS[2]
41.125 41.375 64 2 0 EMOTIONS[3]
41.375 41.625 65 3 1 COME[1]
41.625 41.875 67 5 0 I[1]
41.875 42.125 69 7 1 DON'T[1]
42.125 42.375 70 8 1 KNOW[1]
42.375 42.750 69 7 1 WHY[1]
43.000 43.125 62 0 1 COVER[1]
43.125 43.375 64 2 0 COVER[2]
43.375 43.625 65 3 0 UP[1]
43.625 44.000 67 5 1 LOVE'S[1]
44.000 44.250 69 7 1 ALIBI[1]
44.250 44.375 70 8 0 ALIBI[2]
44.375 45.750 69 7 2 ALIBI[3]
45.750 45.875 74 0 1 CALL[1]
45.875 46.250 74 0 0 ME[1]
46.625 46.750 74 0 0 ON[1]
46.750 46.875 74 0 0 THE[1]
46.875 47.500 72 10 1 LINE[1]
47.500 47.750 69 7 1 CALL[1]
47.750 48.000 72 10 0 ME[1]
48.000 48.250 67 5 1 CALL[1]
48.250 48.500 65 3 0 ME[1]
48.500 48.625 67 5 1 ANY[1]
48.625 49.000 65 3 0 ANY[2]
49.000 49.125 67 5 1 ANYTIME[1]
49.125 49.375 65 3 0 ANYTIME[2]
49.375 49.750 62 0 2 ANYTIME[3]
49.750 50.000 74 0 1 CALL[1]
50.000 50.250 74 0 0 ME[1]
50.625 50.750 74 0 1 I'LL[1]
50.750 50.875 74 0 0 ARRIVE[1]
50.875 51.500 72 10 1 ARRIVE[2]
51.500 51.750 69 7 0 WHEN[1]
51.750 52.000 72 10 1 YOU'RE[1]
52.000 52.125 67 5 1 READY[1]
52.125 52.500 65 3 0 READY[2]
52.500 52.625 67 5 0 WE[1]
52.625 53.000 65 3 0 CAN[1]
53.000 53.250 67 5 1 SHARE[1]
53.250 53.375 69 7 0 THE[1]
53.375 53.750 62 0 1 WINE[1]
53.750 54.000 62 0 1 CALL[1]
54.000 54.250 62 0 0 ME[1]
58.000 58.250 71 7 1 OH[1]
59.250 59.375 64 0 0 HE[1]
59.375 59.750 71 7 1 SPEAKS[1]
59.750 60.000 67 3 0 THE[1]
60.000 60.250 69 5 1 LANGUAGES[1]
60.250 60.375 66 2 0 LANGUAGES[2]
60.375 60.750 62 10 0 LANGUAGES[3]
60.750 60.875 69 5 0 OF[1]
60.875 61.500 66 2 1 LOVE[1]
62.000 62.250 71 7 1 OH[1]
63.125 63.375 64 0 0 AMORE(1)[1]
63.375 63.625 71 7 1 AMORE(1)[2]
63.625 64.000 67 3 0 AMORE(1)[3]
64.000 64.250 69 5 1 CHIAMAMI[1]
64.250 64.375 66 2 0 CHIAMAMI[2]
64.375 65.000 62 10 2 CHIAMAMI[3]
65.000 65.167 69 5 1 CHIAMAMI[1]
65.167 65.333 66 2 0 CHIAMAMI[2]
65.333 65.500 62 10 2 CHIAMAMI[3]
66.000 66.250 69 7 1 OH[1]
67.125 67.375 60 10 0 APPELLE-MOI[1]
67.375 67.625 69 7 1 APPELLE-MOI[2]
67.625 68.000 65 3 0 APPELLE-MOI[3]
68.000 68.250 67 5 1 MON[1]
68.250 68.375 64 2 1 CHERI[1]
68.375 68.750 60 10 0 CHERI[2]
68.750 68.875 65 3 0 APPELLE-MOI[1]
68.875 69.000 62 0 1 APPELLE-MOI[2]
69.000 69.250 64 2 0 APPELLE-MOI[3]
69.625 69.750 65 3 1 ANYTIME[1]
69.750 69.875 64 2 0 ANYTIME[2]
69.875 70.125 62 0 2 ANYTIME[3]
70.125 70.250 62 0 1 ANYPLACE[1]
70.250 70.375 62 0 0 ANYPLACE[2]
70.375 70.625 65 3 2 ANYPLACE[3]
70.625 70.750 65 3 1 ANYWHERE[1]
70.750 70.875 65 3 0 ANYWHERE[2]
70.875 71.250 69 7 2 ANYWHERE[3]
71.250 71.500 69 7 1 ANY[1]
71.500 71.750 69 7 0 ANY[2]
71.750 72.500 74 0 1 WAY[1]
73.625 73.750 65 3 1 ANYTIME[1]
73.750 73.875 64 2 0 ANYTIME[2]
73.875 74.125 62 0 2 ANYTIME[3]
74.125 74.250 62 0 1 ANYPLACE[1]
74.250 74.375 62 0 0 ANYPLACE[2]
74.375 74.625 65 3 2 ANYPLACE[3]
74.625 74.750 65 3 1 ANYWHERE[1]
74.750 74.875 65 3 0 ANYWHERE[2]
74.875 75.125 69 7 2 ANYWHERE[3]
75.125 75.250 69 7 1 ANY[1]
75.250 75.375 69 7 0 ANY[2]
75.375 75.875 74 0 1 DAY[1]
97.750 97.875 74 0 1 CALL[1]
97.875 98.250 74 0 0 ME[1]
98.750 98.875 74 0 0 MY[1]
98.875 99.500 72 10 1 LOVE[1]
99.500 99.750 69 7 1 CALL[1]
99.750 100.000 72 10 0 ME[1]
100.000 100.250 67 5 1 CALL[1]
100.250 100.500 65 3 0 ME[1]
100.500 100.625 67 5 1 ANY[1]
100.625 101.000 65 3 0 ANY[2]
101.000 101.125 67 5 1 ANYTIME[1]
101.125 101.375 65 3 0 ANYTIME[2]
101.375 101.750 62 0 2 ANYTIME[3]
101.750 102.000 74 0 1 CALL[1]
102.000 102.250 74 0 0 ME[1]
102.625 102.750 74 0 0 FOR[1]
102.750 102.875 74 0 0 A[1]
102.875 103.500 72 10 1 RIDE[1]
103.500 103.750 69 7 1 CALL[1]
103.750 104.000 72 10 0 ME[1]
104.000 104.250 67 5 1 CALL[1]
104.250 104.500 65 3 0 ME[1]
104.500 104.750 67 5 0 FOR[1]
104.750 105.000 65 3 0 SOME[1]
105.000 105.125 67 5 1 OVERTIME[1]
105.125 105.375 65 3 0 OVERTIME[2]
105.375 105.750 62 0 2 OVERTIME[3]
105.750 106.000 74 0 1 CALL[1]
106.000 106.250 74 0 0 ME[1]
106.750 106.875 74 0 0 MY[1]
106.875 107.500 72 10 1 LOVE[1]
107.500 107.750 69 7 1 CALL[1]
107.750 108.000 72 10 0 ME[1]
108.000 108.250 67 5 1 CALL[1]
108.250 108.500 65 3 0 ME[1]
108.500 108.625 67 5 0 IN[1]
108.625 109.000 65 3 0 A[1]
109.000 109.250 67 5 1 SWEET[1]
109.250 109.375 65 3 0 DESIGN[1]
109.375 109.750 62 0 1 DESIGN[2]
109.750 110.000 64 2 1 CALL[1]
110.000 110.250 65 3 0 ME[1]
110.750 111.000 67 5 1 CALL[1]
111.000 111.500 69 7 0 ME[1]
111.500 111.625 69 7 0 FOR[1]
111.625 112.000 67 5 0 YOUR[1]
112.000 112.125 69 7 1 LOVER'S[1]
112.125 112.500 67 5 0 LOVER'S[2]
112.500 112.625 69 7 1 LOVER'S[1]
112.625 113.000 67 5 0 LOVER'S[2]
113.000 113.250 69 7 1 ALIBI[1]
113.250 113.375 70 8 0 ALIBI[2]
113.375 113.750 69 7 2 ALIBI[3]
113.750 114.000 74 0 1 CALL[1]
114.000 114.250 74 0 0 ME[1]
114.625 114.750 74 0 0 ON[1]
114.750 114.875 74 0 0 THE[1]
114.875 115.500 72 10 1 LINE[1]
115.500 115.750 69 7 1 CALL[1]
115.750 116.000 72 10 0 ME[1]
116.000 116.250 67 5 1 CALL[1]
116.250 116.500 65 3 0 ME[1]
116.500 116.625 67 5 1 ANY[1]
116.625 117.000 65 3 0 ANY[2]
117.000 117.125 67 5 1 ANYTIME[1]
117.125 117.375 65 3 0 ANYTIME[2]
117.375 117.750 62 0 2 ANYTIME[3]
117.750 118.000 62 0 1 CALL[1]
118.000 118.500 62 0 0 ME[1]
119.000 119.750 65 3 1 OH[1]
119.750 120.000 67 5 1 CALL[1]
