2.000 2.062 56 4 2 GOODBYE[1]
2.062 2.188 56 4 1 GOODBYE[2]
2.188 2.312 56 4 1 NORMA[1]
2.312 2.375 52 0 0 NORMA[2]
2.375 2.750 56 4 1 JEAN[1]
2.750 2.812 52 0 0 THOUGH[1]
2.812 2.875 54 2 0 I[1]
2.875 2.938 56 4 1 NEVER[1]
2.938 3.125 52 0 0 NEVER[2]
3.125 3.188 61 9 1 KNEW[1]
3.188 3.312 61 9 0 YOU[1]
3.312 3.375 62 10 0 AT[1]
3.375 3.438 62 10 0 ALL[1]
3.531 3.562 59 7 0 YOU[1]
3.562 3.594 59 7 1 HAD[1]
3.688 3.750 61 9 0 THE[1]
3.750 3.781 61 9 1 GRACE[1]
3.875 3.938 59 7 0 TO[1]
3.938 4.062 59 7 1 HOLD[1]
4.062 4.125 52 0 0 YOURSELF[1]
4.125 4.438 52 0 1 YOURSELF[2]
4.438 4.500 52 0 0 WHILE[1]
4.500 4.625 57 5 0 THOSE[1]
4.625 4.688 56 4 0 AROUND[1]
4.688 4.812 54 2 1 AROUND[2]
4.812 4.875 56 4 0 YOU[1]
4.875 5.250 49 9 1 CRAWLED[1]
5.688 5.750 52 0 0 THEY[1]
5.750 5.812 52 0 1 CRAWLED[1]
5.812 5.875 54 2 0 OUT[1]
5.875 5.938 56 4 0 OF[1]
5.938 6.000 57 5 0 THE[1]
6.000 6.062 59 7 1 WOODWORK[1]
6.062 6.250 59 7 2 WOODWORK[2]
6.750 6.812 52 0 0 AND[1]
6.812 6.875 54 2 0 THEY[1]
6.875 6.938 56 4 1 WHISPERED[1]
6.938 7.125 52 0 0 WHISPERED[2]
7.125 7.188 61 9 1 INTO[1]
7.188 7.312 61 9 0 INTO[2]
7.312 7.375 62 10 0 YOUR[1]
7.375 7.406 62 10 1 BRAIN[1]
7.562 7.625 59 7 0 THEY[1]
7.625 7.688 61 9 1 SET[1]
7.688 7.750 61 9 0 YOU[1]
7.812 7.875 59 7 0 ON[1]
7.875 7.938 59 7 0 THE[1]
7.938 8.062 59 7 1 TREADMILL[1]
8.062 8.250 52 0 2 TREADMILL[2]
8.375 8.438 56 4 0 AND[1]
8.438 8.500 56 4 0 THEY[1]
8.500 8.625 57 5 1 MADE[1]
8.625 8.688 56 4 0 YOU[1]
8.688 8.812 54 2 1 CHANGE[1]
8.812 8.875 56 4 0 YOUR[1]
8.875 9.250 49 9 1 NAME[1]
9.875 9.938 56 4 0 AND[1]
9.938 10.000 57 5 0 IT[1]
10.000 10.125 59 7 1 SEEMS[1]
10.125 10.188 59 7 0 TO[1]
10.188 10.438 59 7 0 ME[1]
10.438 10.500 56 4 0 YOU[1]
10.500 10.562 59 7 1 LIVED[1]
10.562 10.688 59 7 0 YOUR[1]
10.688 10.719 61 9 1 LIFE[1]
10.875 10.938 56 4 0 LIKE[1]
10.938 11.000 57 5 0 A[1]
11.000 11.125 59 7 1 CANDLE[1]
11.125 11.188 59 7 0 CANDLE[2]
11.188 11.312 59 7 0 IN[1]
11.312 11.375 61 9 0 THE[1]
11.375 11.750 52 0 1 WIND[1]
11.875 11.938 56 4 1 NEVER[1]
11.938 12.000 57 5 0 NEVER[2]
12.000 12.062 59 7 1 KNOWING[1]
12.062 12.188 59 7 0 KNOWING[2]
12.188 12.312 59 7 0 WHO[1]
12.312 12.375 59 7 0 TO[1]
12.375 12.438 61 9 1 CLING[1]
12.562 12.750 59 7 0 TO[1]
12.812 12.875 57 5 0 WHEN[1]
12.875 12.938 56 4 0 THE[1]
12.938 13.000 56 4 1 RAIN[1]
13.125 13.188 54 2 1 SET[1]
13.188 13.500 54 2 0 IN[1]
13.812 13.875 59 7 0 AND[1]
13.875 13.938 59 7 0 I[1]
13.938 14.000 59 7 0 WOULD[1]
14.062 14.188 61 9 1 HAVE[1]
14.188 14.312 61 9 1 LIKED[1]
14.312 14.375 63 11 0 TO[1]
14.375 14.500 64 0 1 KNOWN[1]
14.500 14.688 63 11 0 YOU[1]
14.688 14.719 63 11 0 BUT[1]
14.719 14.812 61 9 0 I[1]
14.812 14.875 59 7 1 WAS[1]
14.875 15.062 61 9 1 JUST[1]
15.062 15.125 54 2 0 A[1]
15.125 15.375 56 4 1 KID[1]
15.438 15.500 49 9 0 YOUR[1]
15.500 15.625 56 4 1 CANDLE[1]
15.625 15.688 56 4 0 CANDLE[2]
15.688 15.812 57 5 1 BURNED[1]
15.812 15.875 57 5 0 OUT[1]
16.000 16.062 56 4 1 LONG[1]
16.125 16.188 54 2 0 BEFORE[1]
16.188 16.438 54 2 1 BEFORE[2]
16.438 16.500 47 7 0 YOUR[1]
16.500 16.562 49 9 1 LEGEND[1]
16.562 16.688 52 0 0 LEGEND[2]
16.688 16.750 52 0 1 EVER[1]
16.750 16.812 54 2 0 EVER[2]
16.812 21.000 49 9 1 DID[1]
21.000 21.125 56 4 1 LONELINESS[1]
21.125 21.188 56 4 0 LONELINESS[2]
21.188 21.312 56 4 0 LONELINESS[3]
21.312 21.375 52 0 1 WAS[1]
21.375 21.625 56 4 1 TOUGH[1]
21.688 21.750 52 0 0 THE[1]
21.750 21.812 52 0 1 TOUGHEST[1]
21.812 21.875 54 2 0 TOUGHEST[2]
21.875 22.062 56 4 1 ROLE[1]
22.062 22.125 52 0 0 YOU[1]
22.125 22.312 61 9 1 EVER[1]
22.312 22.375 62 10 0 EVER[2]
22.375 22.406 62 10 1 PLAYED[1]
22.531 22.562 59 7 1 HOLLYWOOD[1]
22.562 22.594 59 7 0 HOLLYWOOD[2]
22.594 22.656 59 7 2 HOLLYWOOD[3]
22.656 22.688 59 7 0 CREATED[1]
22.688 22.812 61 9 1 CREATED[2]
22.812 22.875 61 9 0 CREATED[3]
22.875 22.938 59 7 0 A[1]
22.938 23.000 59 7 2 SUPERSTAR[1]
23.000 23.062 52 0 0 SUPERSTAR[2]
23.062 23.438 52 0 1 SUPERSTAR[3]
23.438 23.500 52 0 0 AND[1]
23.500 23.625 57 5 1 PAIN[1]
23.625 23.656 56 4 1 WAS[1]
23.656 23.688 56 4 0 THE[1]
23.688 23.750 54 2 1 PRICE[1]
23.875 23.938 56 4 0 YOU[1]
23.938 24.250 49 9 1 PAID[1]
24.750 24.812 52 0 1 EVEN[1]
24.812 24.875 54 2 0 EVEN[2]
24.875 24.938 56 4 0 WHEN[1]
24.938 25.000 57 5 0 YOU[1]
25.000 25.250 59 7 1 DIED[1]
25.812 25.875 57 5 1 OH[1]
25.875 25.938 59 7 0 THE[1]
25.938 26.062 61 9 1 PRESS[1]
26.062 26.188 61 9 1 STILL[1]
26.188 26.312 61 9 1 HOUNDED[1]
26.312 26.375 62 10 0 HOUNDED[2]
26.375 26.406 62 10 0 YOU[1]
26.562 26.625 59 7 0 ALL[1]
26.625 26.688 59 7 0 THE[1]
26.688 26.812 61 9 1 PAPERS[1]
26.812 26.938 61 9 0 PAPERS[2]
26.938 27.000 59 7 1 HAD[1]
27.000 27.062 52 0 0 TO[1]
27.062 27.250 52 0 1 SAY[1]
27.375 27.438 56 4 1 WAS[1]
27.438 27.500 56 4 0 THAT[1]
27.500 27.562 57 5 1 MARILYN[1]
27.562 27.625 56 4 0 MARILYN[2]
27.625 27.812 56 4 0 MARILYN[3]
27.812 27.875 54 2 1 WAS[1]
27.875 28.000 52 0 1 FOUND[1]
28.000 28.031 54 2 0 IN[1]
28.031 28.062 52 0 0 THE[1]
28.062 28.250 49 9 1 NUDE[1]
28.875 28.938 56 4 0 AND[1]
28.938 29.000 57 5 0 IT[1]
29.000 29.125 59 7 1 SEEMS[1]
29.125 29.188 59 7 0 TO[1]
29.188 29.438 59 7 0 ME[1]
29.438 29.500 56 4 0 YOU[1]
29.500 29.562 59 7 1 LIVED[1]
29.562 29.688 59 7 0 YOUR[1]
29.688 29.719 61 9 1 LIFE[1]
29.875 29.938 56 4 0 LIKE[1]
29.938 30.000 57 5 0 A[1]
30.000 30.125 59 7 1 CANDLE[1]
30.125 30.188 59 7 0 CANDLE[2]
30.188 30.312 59 7 0 IN[1]
30.312 30.375 61 9 0 THE[1]
30.375 30.750 52 0 1 WIND[1]
30.875 30.938 56 4 1 NEVER[1]
30.938 31.000 57 5 0 NEVER[2]
31.000 31.062 59 7 1 KNOWING[1]
31.062 31.188 59 7 0 KNOWING[2]
31.188 31.312 59 7 0 WHO[1]
31.312 31.375 59 7 0 TO[1]
31.375 31.438 61 9 1 CLING[1]
31.625 31.750 59 7 0 TO[1]
31.812 31.875 57 5 0 WHEN[1]
31.875 31.938 56 4 0 THE[1]
31.938 32.000 56 4 1 RAIN[1]
32.125 32.188 54 2 1 SET[1]
32.188 32.500 54 2 0 IN[1]
32.812 32.875 59 7 0 AND[1]
32.875 32.938 59 7 0 I[1]
32.938 33.000 59 7 0 WOULD[1]
33.062 33.188 61 9 1 HAVE[1]
33.188 33.312 61 9 1 LIKED[1]
33.312 33.375 63 11 0 TO[1]
33.375 33.500 64 0 1 KNOWN[1]
33.500 33.688 63 11 0 YOU[1]
33.688 33.719 63 11 0 BUT[1]
33.719 33.812 61 9 0 I[1]
33.812 33.875 59 7 1 WAS[1]
33.875 34.062 61 9 1 JUST[1]
34.062 34.125 54 2 0 A[1]
34.125 34.375 56 4 1 KID[1]
34.438 34.500 52 0 0 YOUR[1]
34.500 34.625 56 4 1 CANDLE[1]
34.625 34.688 56 4 0 CANDLE[2]
34.688 34.812 57 5 1 BURNED[1]
34.812 34.875 57 5 0 OUT[1]
35.000 35.062 56 4 1 LONG[1]
35.125 35.188 54 2 0 BEFORE[1]
35.188 35.438 54 2 1 BEFORE[2]
35.438 35.500 47 7 0 YOUR[1]
35.500 35.562 49 9 1 LEGEND[1]
35.562 35.688 52 0 0 LEGEND[2]
35.688 35.750 52 0 1 EVER[1]
35.750 35.812 54 2 0 EVER[2]
35.812 40.000 49 9 1 DID[1]
40.000 40.062 56 4 2 GOODBYE[1]
40.062 40.188 56 4 1 GOODBYE[2]
40.188 40.312 56 4 1 NORMA[1]
40.312 40.375 52 0 0 NORMA[2]
40.375 40.750 56 4 1 JEAN[1]
40.750 40.812 52 0 0 THOUGH[1]
40.812 40.875 54 2 0 I[1]
40.875 40.938 56 4 1 NEVER[1]
40.938 41.125 52 0 0 NEVER[2]
41.125 41.188 61 9 1 KNEW[1]
41.188 41.312 61 9 0 YOU[1]
41.312 41.375 62 10 0 AT[1]
41.375 41.438 62 10 0 ALL[1]
41.531 41.562 59 7 0 AND[1]
41.562 41.594 59 7 0 YOU[1]
41.594 41.688 61 9 1 HAD[1]
41.688 41.750 61 9 0 THE[1]
41.750 41.781 61 9 1 GRACE[1]
41.875 41.938 59 7 0 TO[1]
41.938 42.062 59 7 1 HOLD[1]
42.062 42.125 52 0 0 YOURSELF[1]
42.125 42.438 52 0 1 YOURSELF[2]
42.438 42.500 47 7 0 WHILE[1]
42.500 42.625 57 5 0 THOSE[1]
42.625 42.688 56 4 0 AROUND[1]
42.688 42.812 54 2 1 AROUND[2]
42.812 42.875 56 4 0 YOU[1]
42.875 43.250 49 9 1 CRAWLED[1]
44.000 44.062 56 4 2 GOODBYE[1]
44.062 44.188 56 4 1 GOODBYE[2]
44.188 44.312 56 4 1 NORMA[1]
44.312 44.375 52 0 0 NORMA[2]
44.375 44.625 56 4 1 JEAN[1]
44.625 44.688 52 0 0 FROM[1]
44.688 44.750 54 2 0 THE[1]
44.750 44.812 56 4 1 YOUNG[1]
44.812 44.875 57 5 1 MAN[1]
44.875 44.938 59 7 0 IN[1]
44.938 45.000 59 7 0 THE[1]
45.000 45.125 61 9 1 TWENTY[1]
45.125 45.188 61 9 0 TWENTY[2]
45.188 45.250 61 9 1 SECOND[1]
45.250 45.312 62 10 0 SECOND[2]
45.312 45.344 62 10 1 ROW[1]
45.562 45.625 59 7 0 WHO[1]
45.625 45.719 61 9 1 SEES[1]
45.719 45.750 61 9 0 YOU[1]
45.750 45.812 61 9 0 AS[1]
45.812 45.875 61 9 1 SOMETHING[1]
45.875 45.938 59 7 0 SOMETHING[2]
45.938 46.062 61 9 0 MORE[1]
46.062 46.125 59 7 0 THAN[1]
46.125 46.188 59 7 1 SEXUAL[1]
46.188 46.250 52 0 0 SEXUAL[2]
46.250 46.375 52 0 0 SEXUAL[3]
46.375 46.438 56 4 0 MORE[1]
46.438 46.500 56 4 0 THAN[1]
46.500 46.562 57 5 1 JUST[1]
46.562 46.625 56 4 1 OUR(1)[1]
46.812 46.875 54 2 1 MARILYN[1]
46.875 46.938 52 0 0 MARILYN[2]
46.938 47.062 54 2 0 MARILYN[3]
47.062 47.125 52 0 0 MONROE[1]
47.125 47.250 49 9 1 MONROE[2]
47.875 47.938 56 4 0 AND[1]
47.938 48.000 57 5 0 IT[1]
48.000 48.125 59 7 1 SEEMS[1]
48.125 48.188 59 7 0 TO[1]
48.188 48.438 59 7 0 ME[1]
48.438 48.500 56 4 0 YOU[1]
48.500 48.562 59 7 1 LIVED[1]
48.562 48.688 59 7 0 YOUR[1]
48.688 48.719 61 9 1 LIFE[1]
48.875 48.938 56 4 0 LIKE[1]
48.938 49.000 57 5 0 A[1]
49.000 49.125 59 7 1 CANDLE[1]
49.125 49.188 59 7 0 CANDLE[2]
49.188 49.312 59 7 0 IN[1]
49.312 49.375 61 9 0 THE[1]
49.375 49.750 52 0 1 WIND[1]
49.875 49.938 56 4 1 NEVER[1]
49.938 50.000 57 5 0 NEVER[2]
50.000 50.062 59 7 1 KNOWING[1]
50.062 50.188 59 7 0 KNOWING[2]
50.188 50.312 59 7 0 WHO[1]
50.312 50.375 59 7 0 TO[1]
50.375 50.438 61 9 1 CLING[1]
50.562 50.750 59 7 0 TO[1]
50.812 50.875 57 5 0 WHEN[1]
50.875 50.938 56 4 0 THE[1]
50.938 51.000 56 4 1 RAIN[1]
51.125 51.188 54 2 1 SET[1]
51.188 51.500 54 2 0 IN[1]
51.812 51.875 59 7 0 AND[1]
51.875 51.938 59 7 0 I[1]
51.938 52.000 59 7 0 WOULD[1]
52.062 52.188 61 9 1 HAVE[1]
52.188 52.312 61 9 1 LIKED[1]
52.312 52.375 63 11 0 TO[1]
52.375 52.500 64 0 1 KNOWN[1]
52.500 52.688 63 11 0 YOU[1]
52.688 52.719 63 11 0 BUT[1]
52.719 52.812 61 9 0 I[1]
52.812 52.875 59 7 1 WAS[1]
52.875 53.062 61 9 1 JUST[1]
53.062 53.125 59 7 0 A[1]
53.125 53.375 56 4 1 KID[1]
53.438 53.500 52 0 0 YOUR[1]
53.500 53.625 56 4 1 CANDLE[1]
53.625 53.688 56 4 0 CANDLE[2]
53.688 53.812 57 5 1 BURNED[1]
53.812 53.875 57 5 0 OUT[1]
54.000 54.062 56 4 1 LONG[1]
54.125 54.188 54 2 0 BEFORE[1]
54.188 54.438 54 2 1 BEFORE[2]
54.438 54.500 47 7 0 YOUR[1]
54.500 54.562 49 9 1 LEGEND[1]
54.562 54.688 52 0 0 LEGEND[2]
54.688 54.750 52 0 1 EVER[1]
54.750 54.812 54 2 0 EVER[2]
54.812 56.000 49 9 1 DID[1]
56.438 56.500 47 7 0 YOUR[1]
56.500 56.625 56 4 1 CANDLE[1]
56.625 56.688 56 4 0 CANDLE[2]
56.688 56.812 57 5 1 BURNED[1]
56.812 56.875 57 5 0 OUT[1]
57.000 57.062 56 4 1 LONG[1]
57.125 57.188 54 2 0 BEFORE[1]
57.188 57.438 54 2 1 BEFORE[2]
57.438 57.500 47 7 0 YOUR[1]
57.500 57.562 49 9 1 LEGEND[1]
57.562 57.688 52 0 0 LEGEND[2]
57.688 57.750 52 0 1 EVER[1]
57.750 57.812 54 2 0 EVER[2]
57.812 60.000 49 9 1 DID[1]
