8.0000 8.1250 57 7 0 I[1]
8.1250 8.3750 57 7 1 FEEL[1]
8.3750 8.5000 55 5 0 SO[1]
8.6250 8.7500 53 3 0 UNSURE[1]
8.8750 8.9375 52 2 1 UNSURE[2]
9.8750 9.9375 50 0 0 AS[1]
9.9375 10.0000 48 10 0 I[1]
10.0000 10.0625 55 5 1 TAKE[1]
10.2500 10.3750 58 8 0 YOUR[1]
10.3750 10.4375 53 3 1 HAND[1]
10.6250 10.7500 50 0 0 AND[1]
10.7500 10.8750 53 3 1 LEAD[1]
10.8750 11.0000 50 0 0 YOU[1]
11.0000 11.1250 57 7 0 TO[1]
11.2500 11.3750 55 5 0 THE[1]
11.5000 11.7500 53 3 1 DANCE[1]
11.7500 12.0000 52 2 1 FLOOR[1]
12.1250 12.1875 50 0 0 AS[1]
12.1875 12.2500 52 2 0 THE[1]
12.2500 12.3750 53 3 1 MUSIC[1]
12.3750 12.4375 55 5 0 MUSIC[2]
12.4375 12.7500 57 7 1 DIES[1]
13.1250 13.1875 50 0 1 SOMETHING[1]
13.1875 13.2500 52 2 0 SOMETHING[2]
13.2500 13.3750 53 3 0 IN[1]
13.3750 13.4375 50 0 0 YOUR[1]
13.4375 13.5417 60 10 1 EYES[1]
14.0000 14.1250 57 7 1 CALLS[1]
14.1250 14.2500 58 8 0 TO[1]
14.2500 14.3750 57 7 1 MIND[1]
14.3750 14.5000 58 8 0 THE[1]
14.5000 14.6250 57 7 1 SILVER[1]
14.6250 14.6875 58 8 0 SILVER[2]
14.6875 14.8750 57 7 1 SCREEN[1]
14.9375 15.0000 45 7 0 AND[1]
15.0000 15.2500 57 7 0 ALL[1]
15.2500 15.5000 55 5 0 ITS[1]
15.5000 15.7500 53 3 1 SAD[1]
15.7500 15.9375 52 2 0 GOOD-BYES[1]
15.9375 16.1875 50 0 1 GOOD-BYES[2]
16.1875 16.2500 65 3 1 I'M[1]
16.2500 16.3125 65 3 1 NEVER[1]
16.3125 16.3750 64 2 0 NEVER[2]
16.3750 16.4375 64 2 1 GONNA[1]
16.4375 16.5000 64 2 0 GONNA[2]
16.5000 16.5625 62 0 1 DANCE[1]
16.6250 16.6875 62 0 0 AGAIN[1]
16.6875 16.8750 62 0 1 AGAIN[2]
17.0000 17.1250 65 3 1 GUILTY[1]
17.1250 17.2500 62 0 0 GUILTY[2]
17.2500 17.3125 65 3 1 FEET[1]
17.3125 17.4375 62 0 1 HAVE[1]
17.4375 17.5000 67 5 1 GOT[1]
17.5625 17.7500 65 3 0 NO[1]
17.7500 17.8750 64 2 1 RHYTHM[1]
17.8750 18.0000 62 0 0 RHYTHM[2]
18.1250 18.1875 64 2 0 THOUGH[1]
18.1875 18.2500 65 3 1 IT'S[1]
18.2500 18.3125 65 3 1 EASY[1]
18.3750 18.5000 64 2 0 EASY[2]
18.5000 18.5625 62 0 0 TO[1]
18.6250 18.6875 62 0 0 PRETEND[1]
18.6875 18.8750 62 0 1 PRETEND[2]
18.9375 19.0000 62 0 0 I[1]
19.0000 19.0625 64 2 1 KNOW[1]
19.0625 19.1875 64 2 1 YOU'RE[1]
19.1875 19.3125 64 2 1 NOT[1]
19.3125 19.3750 62 0 0 A[1]
19.3750 19.5000 62 0 1 FOOL[1]
20.0000 20.0625 64 2 1 SHOULD'VE[1]
20.0625 20.1250 65 3 0 SHOULD'VE[2]
20.1250 20.2500 65 3 1 KNOWN[1]
20.2500 20.3125 65 3 1 BETTER[1]
20.3125 20.3750 64 2 0 BETTER[2]
20.3750 20.4375 64 2 0 THAN[1]
20.4375 20.5000 64 2 0 TO[1]
20.5000 20.5625 62 0 1 CHEAT[1]
20.6250 20.6875 62 0 0 A[1]
20.6875 20.8750 62 0 1 FRIEND[1]
20.9375 21.0000 62 0 0 AND[1]
21.0000 21.0625 65 3 1 WASTE[1]
21.1250 21.1875 62 0 0 THE[1]
21.2500 21.3750 65 3 1 CHANCE[1]
21.3750 21.4375 62 0 0 THAT[1]
21.4375 21.5000 67 5 1 I'VE[1]
21.6250 21.7500 65 3 1 BEEN[1]
21.7500 21.8750 64 2 1 GIVEN[1]
21.8750 22.0000 62 0 0 GIVEN[2]
22.1250 22.1875 64 2 0 SO[1]
22.1875 22.2500 65 3 1 I'M[1]
22.2500 22.3125 65 3 1 NEVER[1]
22.3125 22.3750 64 2 0 NEVER[2]
22.3750 22.4375 64 2 1 GONNA[1]
22.4375 22.5000 64 2 0 GONNA[2]
22.5000 22.5625 62 0 1 DANCE[1]
22.6250 22.6875 62 0 0 AGAIN[1]
22.6875 22.8750 62 0 1 AGAIN[2]
22.9375 23.0000 62 0 0 THE[1]
23.0000 23.0625 64 2 1 WAY[1]
23.0625 23.1875 64 2 0 I[1]
23.1875 23.3125 62 0 1 DANCED[1]
23.3125 23.3750 64 2 0 WITH[1]
23.5000 23.5625 64 2 0 YOU[1]
28.0000 28.0625 60 10 1 TIME[1]
28.2500 28.3750 57 7 0 CAN[1]
28.3750 28.6250 60 10 1 NEVER[1]
28.6250 28.6875 60 10 0 NEVER[2]
28.8750 28.9375 57 7 1 MEND[1]
29.9375 30.0000 50 0 0 THE[1]
30.0000 30.0625 64 2 1 CARELESS[1]
30.2500 30.3750 64 2 0 CARELESS[2]
30.3750 30.4375 62 0 1 WHISPERS[1]
30.6250 31.0000 62 0 0 WHISPERS[2]
31.0000 31.0625 55 5 0 OF[1]
31.2500 31.3125 53 3 0 A[1]
31.5000 31.5625 52 2 1 GOOD[1]
31.6875 31.7500 50 0 1 FRIEND[1]
32.1250 32.1875 50 0 0 TO[1]
32.1875 32.2500 52 2 0 THE[1]
32.2500 32.3125 53 3 1 HEART[1]
32.3750 32.4375 55 5 0 AND[1]
32.4375 32.5000 55 5 1 MIND[1]
33.1250 33.1875 50 0 1 IGNORANCE[1]
33.1875 33.2500 52 2 0 IGNORANCE[2]
33.2500 33.3125 53 3 0 IGNORANCE[3]
33.3750 33.4375 50 0 1 IS[1]
33.4375 33.5000 58 8 1 KIND[1]
34.0000 34.1250 57 7 1 THERE'S[1]
34.1250 34.2500 58 8 0 NO[1]
34.2500 34.3750 57 7 1 COMFORT[1]
34.3750 34.5000 58 8 0 COMFORT[2]
34.5000 34.6250 57 7 0 IN[1]
34.6250 34.6875 58 8 0 THE[1]
34.6875 34.7500 57 7 1 TRUTH[1]
35.0000 35.0625 62 0 1 PAIN[1]
35.2500 35.3750 64 2 1 IS[1]
35.3750 35.4375 68 6 0 ALL[1]
35.7500 35.8750 65 3 1 YOU'LL[1]
35.8750 35.9375 67 5 1 FIND[1]
36.1875 36.2500 65 3 1 I'M[1]
36.2500 36.3125 65 3 1 NEVER[1]
36.3125 36.3750 64 2 0 NEVER[2]
36.3750 36.4375 64 2 1 GONNA[1]
36.4375 36.5000 64 2 0 GONNA[2]
36.5000 36.5625 62 0 1 DANCE[1]
36.6250 36.6875 62 0 0 AGAIN[1]
36.6875 36.8750 62 0 1 AGAIN[2]
37.0000 37.0625 64 2 1 GUILTY[1]
37.1250 37.2500 62 0 0 GUILTY[2]
37.2500 37.3125 65 3 1 FEET[1]
37.3125 37.4375 62 0 1 HAVE[1]
37.4375 37.5000 67 5 1 GOT[1]
37.6250 37.7500 65 3 0 NO[1]
37.7500 37.8750 64 2 1 RHYTHM[1]
37.8750 38.0000 62 0 0 RHYTHM[2]
38.1250 38.1875 64 2 0 THOUGH[1]
38.1875 38.2500 65 3 1 IT'S[1]
38.2500 38.3125 65 3 1 EASY[1]
38.3750 38.5000 64 2 0 EASY[2]
38.5000 38.5625 62 0 0 TO[1]
38.6250 38.6875 62 0 0 PRETEND[1]
38.6875 38.8750 62 0 1 PRETEND[2]
38.9375 39.0000 62 0 0 I[1]
39.0000 39.0625 64 2 1 KNOW[1]
39.0625 39.1875 64 2 1 YOU'RE[1]
39.1875 39.2500 62 0 1 NOT[1]
39.3125 39.3750 62 0 0 A[1]
39.3750 39.4375 60 10 1 FOOL[1]
39.9375 40.0000 57 7 0 I[1]
40.0000 40.0625 64 2 1 SHOULD'VE[1]
40.0625 40.1250 65 3 0 SHOULD'VE[2]
40.1250 40.2500 65 3 1 KNOWN[1]
40.2500 40.3125 65 3 1 BETTER[1]
40.3125 40.3750 64 2 0 BETTER[2]
40.3750 40.4375 64 2 0 THAN[1]
40.4375 40.5000 64 2 0 TO[1]
40.5000 40.5625 62 0 1 CHEAT[1]
40.6250 40.6875 62 0 0 A[1]
40.6875 40.8750 62 0 1 FRIEND[1]
40.9375 41.0000 62 0 0 AND[1]
41.0000 41.0625 65 3 1 WASTE[1]
41.1250 41.1875 62 0 0 THE[1]
41.2500 41.3750 65 3 1 CHANCE[1]
41.3750 41.4375 62 0 0 THAT[1]
41.4375 41.5000 67 5 1 I'VE[1]
41.6250 41.7500 65 3 1 BEEN[1]
41.7500 41.8750 64 2 1 GIVEN[1]
41.8750 42.0000 62 0 0 GIVEN[2]
42.1250 42.1875 64 2 0 SO[1]
42.1875 42.2500 65 3 1 I'M[1]
42.2500 42.3125 65 3 1 NEVER[1]
42.3125 42.3750 64 2 0 NEVER[2]
42.3750 42.4375 64 2 1 GONNA[1]
42.4375 42.5000 64 2 0 GONNA[2]
42.5000 42.5625 62 0 1 DANCE[1]
42.6250 42.6875 62 0 0 AGAIN[1]
42.6875 42.8750 62 0 1 AGAIN[2]
42.9375 43.0000 62 0 0 THE[1]
43.0000 43.0625 64 2 1 WAY[1]
43.0625 43.1875 64 2 0 I[1]
43.1875 43.3125 65 3 1 DANCED[1]
43.3125 43.4375 67 5 0 WITH[1]
43.4375 43.5000 69 7 0 YOU[1]
51.9375 52.0000 62 0 0 TONIGHT[1]
52.0000 52.0625 67 5 1 TONIGHT[2]
52.1250 52.1875 67 5 0 THE[1]
52.1875 52.2500 65 3 1 MUSIC[1]
52.3125 52.4375 65 3 0 MUSIC[2]
52.4375 52.5000 68 6 1 SEEMS[1]
52.6250 52.6875 65 3 0 SO[1]
52.6875 52.7500 65 3 1 LOUD[1]
52.9375 53.0000 62 0 0 I[1]
53.0000 53.0625 68 6 1 WISH[1]
53.0625 53.1250 67 5 0 THAT[1]
53.1875 53.2500 65 3 0 WE[1]
53.3125 53.3750 65 3 0 COULD[1]
53.4375 53.5000 68 6 1 LOSE[1]
53.6250 53.7500 65 3 0 THIS[1]
53.7500 53.8125 60 10 1 CROWD[1]
54.0000 54.1250 65 3 1 MAYBE[1]
54.1250 54.2500 65 3 0 MAYBE[2]
54.3125 54.4375 65 3 1 IT'S[1]
54.4375 54.5625 67 5 1 BETTER[1]
54.5625 54.6250 67 5 0 BETTER[2]
54.6250 54.7500 65 3 0 THIS[1]
54.7500 54.8750 65 3 1 WAY[1]
54.9375 55.0000 62 0 1 WE'D[1]
55.0000 55.0625 64 2 1 HURT[1]
55.0625 55.1250 62 0 0 EACH[1]
55.1250 55.1875 64 2 1 OTHER[1]
55.1875 55.2500 62 0 0 OTHER[2]
55.2500 55.3125 64 2 0 WITH[1]
55.3125 55.3750 62 0 0 THE[1]
55.3750 55.4375 64 2 1 THINGS[1]
55.4375 55.5000 62 0 1 WE'D[1]
55.5000 55.6250 64 2 1 WANT[1]
55.6250 55.6875 65 3 0 TO[1]
55.6875 55.8750 67 5 1 SAY[1]
55.9375 56.0000 62 0 0 WE[1]
56.0000 56.0625 68 6 0 COULD[1]
56.0625 56.1250 67 5 1 HAVE[1]
56.1875 56.2500 65 3 1 BEEN[1]
56.3125 56.3750 65 3 0 SO[1]
56.4375 56.5000 68 6 1 GOOD[1]
56.6250 56.6875 65 3 0 TOGETHER[1]
56.6875 56.7500 65 3 1 TOGETHER[2]
56.7500 56.8125 62 0 0 TOGETHER[3]
56.9375 57.0000 62 0 0 WE[1]
57.0000 57.0625 68 6 0 COULD[1]
57.0625 57.1250 67 5 1 HAVE[1]
57.1875 57.2500 65 3 1 LIVED[1]
57.3125 57.3750 65 3 0 THIS[1]
57.4375 57.5000 68 6 1 DANCE[1]
57.6250 57.6875 65 3 0 FOREVER[1]
57.6875 57.7500 65 3 1 FOREVER[2]
57.7500 57.8125 62 0 0 FOREVER[3]
57.9375 58.0000 62 0 0 BUT[1]
58.0000 58.0625 72 10 0 NO[1]
58.3125 58.4375 72 10 1 ONE'S[1]
58.4375 58.5000 70 8 1 GONNA[1]
58.6250 58.6875 70 8 0 GONNA[2]
58.6875 58.7500 69 7 1 DANCE[1]
58.8750 58.9375 69 7 0 WITH[1]
58.9375 59.0000 67 5 0 ME[1]
59.5000 59.5625 68 6 1 PLEASE[1]
59.6875 59.7500 65 3 1 STAY[1]
60.1250 60.1875 62 0 0 AND[1]
60.1875 60.2500 65 3 1 I'M[1]
60.2500 60.3125 65 3 1 NEVER[1]
60.3125 60.3750 64 2 0 NEVER[2]
60.3750 60.4375 64 2 1 GONNA[1]
60.4375 60.5000 64 2 0 GONNA[2]
60.5000 60.5625 62 0 1 DANCE[1]
60.6250 60.6875 62 0 0 AGAIN[1]
60.6875 60.7500 60 10 1 AGAIN[2]
61.0000 61.1250 65 3 1 GUILTY[1]
61.1250 61.2500 62 0 0 GUILTY[2]
61.2500 61.3125 65 3 1 FEET[1]
61.3125 61.4375 62 0 1 HAVE[1]
61.4375 61.5000 67 5 1 GOT[1]
61.5625 61.7500 65 3 0 NO[1]
61.7500 61.8750 64 2 1 RHYTHM[1]
61.8750 62.0000 62 0 0 RHYTHM[2]
62.1250 62.1875 64 2 0 THOUGH[1]
62.1875 62.2500 65 3 1 IT'S[1]
62.2500 62.3125 65 3 1 EASY[1]
62.3750 62.5000 64 2 0 EASY[2]
62.5000 62.5625 62 0 0 TO[1]
62.6250 62.6875 62 0 0 PRETEND[1]
62.6875 62.8750 62 0 1 PRETEND[2]
62.9375 63.0000 62 0 0 I[1]
63.0000 63.0625 64 2 1 KNOW[1]
63.0625 63.1875 64 2 1 YOU'RE[1]
63.1875 63.3750 64 2 1 NOT[1]
63.3750 63.4375 62 0 0 A[1]
63.4375 63.7500 62 0 1 FOOL[1]
64.0000 64.0625 64 2 1 SHOULD'VE[1]
64.0625 64.1250 65 3 0 SHOULD'VE[2]
64.1250 64.2500 65 3 1 KNOWN[1]
64.2500 64.3125 65 3 1 BETTER[1]
64.3125 64.3750 64 2 0 BETTER[2]
64.3750 64.4375 64 2 0 THAN[1]
64.4375 64.5000 64 2 0 TO[1]
64.5000 64.5625 62 0 1 CHEAT[1]
64.6250 64.6875 62 0 0 A[1]
64.6875 64.7500 60 10 1 FRIEND[1]
64.9375 65.0000 62 0 0 AND[1]
65.0000 65.0625 65 3 1 WASTE[1]
65.1250 65.1875 62 0 0 THE[1]
65.2500 65.3750 65 3 1 CHANCE[1]
65.3750 65.4375 62 0 0 THAT[1]
65.4375 65.5000 67 5 1 I'VE[1]
65.6250 65.7500 65 3 1 BEEN[1]
65.7500 65.8750 64 2 1 GIVEN[1]
65.8750 66.0000 62 0 0 GIVEN[2]
66.1250 66.1875 64 2 0 SO[1]
66.1875 66.2500 65 3 1 I'M[1]
66.2500 66.3125 65 3 1 NEVER[1]
66.3125 66.3750 64 2 0 NEVER[2]
66.3750 66.4375 64 2 1 GONNA[1]
66.4375 66.5000 64 2 0 GONNA[2]
66.5000 66.6250 64 2 1 DANCE[1]
66.6250 66.6875 62 0 0 AGAIN[1]
66.6875 66.8750 62 0 1 AGAIN[2]
66.9375 67.0000 62 0 0 THE[1]
67.0000 67.0625 64 2 1 WAY[1]
67.0625 67.1875 64 2 0 I[1]
67.1875 67.3125 62 0 1 DANCED[1]
67.3125 67.3750 64 2 0 WITH[1]
67.5000 67.7500 65 3 0 YOU[1]
