8.000 8.125 61 0 1 COME[1]
8.125 8.375 61 0 1 ALL[1]
8.375 8.500 61 0 1 YOU[1]
8.500 8.688 61 0 1 ROUNDERS[1]
8.688 8.750 60 11 0 ROUNDERS[2]
8.750 8.875 58 9 1 IF[1]
8.875 9.000 56 7 1 YOU[1]
9.000 9.125 61 0 1 WANT[1]
9.250 9.375 61 0 1 TO[1]
9.375 9.750 56 7 1 HEAR[1]
9.875 10.000 56 7 0 A[1]
10.000 10.125 61 0 1 STORY[1]
10.125 10.375 61 0 0 STORY[2]
10.375 10.500 60 11 0 ABOUT[1]
10.500 10.625 61 0 1 ABOUT[2]
10.625 10.750 60 11 0 A[1]
10.750 10.875 58 9 1 BRAVE[1]
11.000 11.125 58 9 1 ENGINEER[1]
11.250 11.375 58 9 0 ENGINEER[2]
11.375 11.750 60 11 1 ENGINEER[3]
12.000 12.125 61 0 1 CASEY[1]
12.125 12.500 61 0 0 CASEY[2]
12.500 12.625 61 0 1 JONES[1]
12.750 12.875 58 9 1 WAS[1]
12.875 13.000 56 7 0 THE[1]
13.000 13.125 61 0 1 ROUNDER'S[1]
13.250 13.375 61 0 0 ROUNDER'S[2]
13.375 13.750 56 7 1 NAME[1]
13.750 13.875 56 7 1 ON[1]
13.875 14.000 53 4 0 A[1]
14.000 14.125 56 7 1 SIX-EIGHT[1]
14.125 14.375 56 7 0 SIX-EIGHT[2]
14.375 14.625 56 7 1 WHEELER[1]
14.625 14.750 58 9 0 WHEELER[2]
14.750 14.875 56 7 1 BOYS[1]
14.875 15.000 54 5 1 HE[1]
15.000 15.125 53 4 1 WON[1]
15.250 15.500 51 2 1 HIS[1]
15.500 15.750 49 0 1 FAME[1]
15.875 16.000 56 7 0 THE[1]
16.000 16.125 61 0 1 CALLER[1]
16.125 16.250 61 0 0 CALLER[2]
16.250 16.500 61 0 1 CALLED[1]
16.500 16.625 61 0 1 CASEY[1]
16.625 16.750 60 11 0 CASEY[2]
16.750 16.875 58 9 1 AT[1]
16.875 17.000 56 7 0 A[1]
17.000 17.125 61 0 1 HALF[1]
17.125 17.500 61 0 1 PAST[1]
17.500 17.750 56 7 1 FOUR[1]
18.000 18.125 61 0 1 KISSED[1]
18.125 18.500 61 0 1 HIS[1]
18.500 18.625 61 0 1 WIFE[1]
18.750 18.875 58 9 1 AT[1]
18.875 19.000 56 7 0 THE[1]
19.000 19.125 58 9 1 STATION[1]
19.250 19.375 58 9 0 STATION[2]
19.375 19.750 60 11 1 DOOR[1]
20.000 20.125 61 0 1 MOUNTED[1]
20.125 20.250 61 0 0 MOUNTED[2]
20.250 20.375 61 0 1 TO[1]
20.375 20.500 60 11 0 THE[1]
20.500 20.625 61 0 1 CABIN[1]
20.625 20.750 60 11 0 CABIN[2]
20.750 20.875 58 9 1 WITH[1]
20.875 21.000 56 7 1 HIS[1]
21.000 21.125 61 0 1 ORDERS[1]
21.125 21.250 60 11 0 ORDERS[2]
21.250 21.375 61 0 0 IN[1]
21.375 21.500 61 0 1 HIS[1]
21.500 21.750 56 7 1 HANDS[1]
21.750 21.875 53 4 0 AND[1]
21.875 22.000 54 5 1 HE[1]
22.000 22.125 56 7 1 TOOK[1]
22.125 22.250 56 7 1 HIS[1]
22.250 22.375 56 7 2 FAREWELL[1]
22.375 22.500 56 7 1 FAREWELL[2]
22.500 22.625 56 7 1 TRIP[1]
22.750 22.875 56 7 1 TO[1]
22.875 23.000 54 5 0 THE[1]
23.000 23.125 53 4 1 PROMISED[1]
23.250 23.500 51 2 0 PROMISED[2]
23.500 23.750 49 0 1 LAND[1]
24.000 24.125 58 9 1 CASEY[1]
24.125 24.500 56 7 0 CASEY[2]
24.500 24.750 56 7 1 JONES[1]
25.000 25.125 61 0 1 MOUNTED[1]
25.125 25.250 63 2 0 MOUNTED[2]
25.250 25.375 65 4 1 TO[1]
25.375 25.500 61 0 0 THE[1]
25.500 25.625 63 2 1 CABIN[1]
25.625 26.000 61 0 0 CABIN[2]
26.000 26.125 61 0 1 CASEY[1]
26.125 26.500 56 7 0 CASEY[2]
26.500 26.750 56 7 1 JONES[1]
26.750 26.875 56 7 1 WITH[1]
26.875 27.000 56 7 1 HIS[1]
27.000 27.125 61 0 1 ORDERS[1]
27.125 27.250 63 2 0 ORDERS[2]
27.250 27.375 65 4 0 IN[1]
27.375 27.500 61 0 1 HIS[1]
27.500 27.750 63 2 1 HAND[1]
28.000 28.125 60 11 1 CASEY[1]
28.125 28.500 56 7 0 CASEY[2]
28.500 28.750 56 7 1 JONES[1]
29.000 29.125 61 0 1 MOUNTED[1]
29.125 29.250 63 2 0 MOUNTED[2]
29.250 29.375 65 4 1 TO[1]
29.375 29.500 61 0 0 THE[1]
29.500 29.625 63 2 1 CABIN[1]
29.625 29.750 61 0 0 CABIN[2]
29.750 29.875 58 9 0 AND[1]
29.875 30.000 54 5 1 HE[1]
30.000 30.125 56 7 1 TOOK[1]
30.125 30.250 56 7 1 HIS[1]
30.250 30.375 56 7 2 FAREWELL[1]
30.375 30.500 56 7 1 FAREWELL[2]
30.500 30.625 56 7 1 TRIP[1]
30.750 30.875 56 7 1 TO[1]
30.875 31.000 54 5 0 THE[1]
31.000 31.125 53 4 1 PROMISED[1]
31.250 31.500 51 2 0 PROMISED[2]
31.500 31.750 49 0 1 LAND[1]
32.000 32.125 53 4 1 CASEY[1]
32.125 32.500 56 7 0 CASEY[2]
32.500 33.000 56 7 1 JONES[1]
33.000 33.125 53 4 1 MOUNTED[1]
33.125 33.250 54 5 0 MOUNTED[2]
33.250 33.375 56 7 1 TO[1]
33.375 33.500 53 4 0 THE[1]
33.500 33.750 54 5 1 CABIN[1]
33.750 34.000 54 5 0 CABIN[2]
34.000 34.125 53 4 1 CASEY[1]
34.125 34.500 56 7 0 CASEY[2]
34.500 34.625 56 7 1 JONES[1]
34.750 34.875 56 7 1 WITH[1]
34.875 35.000 56 7 1 HIS[1]
35.000 35.125 55 6 1 ORDERS[1]
35.125 35.250 55 6 0 ORDERS[2]
35.250 35.375 55 6 0 IN[1]
35.375 35.500 55 6 1 HIS[1]
35.500 35.750 54 5 1 HAND[1]
36.000 36.125 53 4 1 CASEY[1]
36.125 36.500 56 7 0 CASEY[2]
36.500 37.000 56 7 1 JONES[1]
37.000 37.125 53 4 1 MOUNTED[1]
37.125 37.250 54 5 0 MOUNTED[2]
37.250 37.375 56 7 1 TO[1]
37.375 37.500 53 4 0 THE[1]
37.500 37.625 54 5 1 CABIN[1]
37.625 37.750 54 5 0 CABIN[2]
37.750 37.875 54 5 0 AND[1]
37.875 38.000 54 5 1 HE[1]
38.000 38.125 53 4 1 TOOK[1]
38.125 38.250 53 4 1 HIS[1]
38.250 38.375 53 4 2 FAREWELL[1]
38.375 38.500 53 4 1 FAREWELL[2]
38.500 38.625 53 4 1 TRIP[1]
38.750 38.875 56 7 1 TO[1]
38.875 39.000 54 5 0 THE[1]
39.000 39.250 53 4 1 PROMISED[1]
39.250 39.500 54 5 0 PROMISED[2]
39.500 39.750 53 4 1 LAND[1]
44.000 44.125 61 0 1 PUT[1]
44.125 44.375 61 0 0 IN[1]
44.375 44.500 61 0 1 YOUR[1]
44.500 44.625 61 0 1 WATER[1]
44.625 44.750 60 11 0 WATER[2]
44.750 44.875 58 9 0 AND[1]
45.000 45.125 61 0 1 SHOVEL[1]
45.125 45.250 61 0 0 SHOVEL[2]
45.250 45.375 61 0 0 IN[1]
45.375 45.500 61 0 1 YOUR[1]
45.500 45.750 61 0 1 COAL[1]
45.750 45.875 56 7 1 PUT[1]
45.875 46.000 56 7 1 YOUR[1]
46.000 46.125 61 0 1 HEAD[1]
46.125 46.375 61 0 1 OUT[1]
46.375 46.500 61 0 0 THE[1]
46.500 46.625 61 0 1 WINDOW[1]
46.625 46.750 60 11 0 WINDOW[2]
46.750 46.875 58 9 1 WHILE[1]
46.875 47.000 56 7 0 THE[1]
47.000 47.125 58 9 1 DRIVERS[1]
47.250 47.375 58 9 0 DRIVERS[2]
47.375 47.625 60 11 1 ROLL[1]
47.750 48.000 56 7 1 I'LL[1]
48.000 48.250 61 0 1 RUN[1]
48.250 48.375 61 0 1 HER[1]
48.500 48.625 61 0 1 'TILL[1]
48.750 48.875 58 9 1 SHE[1]
49.000 49.125 61 0 1 LEAVES[1]
49.250 49.375 61 0 0 THE[1]
49.375 49.625 56 7 1 RAILS[1]
49.750 49.875 58 9 0 'CAUSE[1]
49.875 50.000 54 5 1 I'M[1]
50.000 50.125 56 7 1 EIGHT[1]
50.125 50.500 56 7 1 HOURS(1)[1]
50.500 50.625 56 7 1 LATE[1]
50.750 50.875 56 7 1 WITH[1]
50.875 51.000 54 5 0 THE[1]
51.000 51.125 53 4 1 WESTERN[1]
51.250 51.500 51 2 0 WESTERN[2]
51.500 51.750 49 0 1 MAIL[1]
51.875 52.000 56 7 1 HE[1]
52.000 52.125 61 0 1 LOOKED[1]
52.125 52.375 61 0 1 AT[1]
52.375 52.500 61 0 1 HIS[1]
52.500 52.625 61 0 1 WATCH[1]
52.750 52.875 58 9 0 AND[1]
52.875 53.000 56 7 0 THE[1]
53.000 53.125 61 0 1 WATCH[1]
53.250 53.375 61 0 1 WAS[1]
53.375 53.750 56 7 1 SLOW[1]
53.875 54.000 60 11 1 HE[1]
54.000 54.125 61 0 1 LOOKED[1]
54.125 54.375 61 0 1 AT[1]
54.375 54.500 61 0 0 THE[1]
54.500 54.625 61 0 1 WATER[1]
54.625 54.750 60 11 0 WATER[2]
54.750 54.875 58 9 0 AND[1]
54.875 55.000 56 7 0 THE[1]
55.000 55.125 58 9 1 WATER[1]
55.125 55.250 57 8 0 WATER[2]
55.250 55.375 58 9 1 WAS[1]
55.375 55.750 60 11 1 LOW[1]
55.875 56.000 60 11 1 HE[1]
56.000 56.250 61 0 1 TURNED[1]
56.250 56.375 61 0 1 TO[1]
56.375 56.500 61 0 0 THE[1]
56.500 56.625 61 0 1 FIREMAN[1]
56.750 56.875 58 9 0 FIREMAN[2]
57.000 57.125 61 0 0 AND[1]
57.250 57.375 61 0 1 HE[1]
57.375 57.625 56 7 1 SAID[1]
57.750 58.000 61 0 1 WE'RE[1]
58.000 58.125 56 7 1 GONNA[1]
58.125 58.250 56 7 0 GONNA[2]
58.250 58.500 56 7 1 REACH[1]
58.500 58.625 56 7 1 FRISCO[1]
58.625 58.750 58 9 0 FRISCO[2]
58.750 58.875 56 7 1 BUT[1]
58.875 59.000 54 5 1 WE'LL[1]
59.000 59.125 53 4 1 ALL[1]
59.250 59.438 51 2 1 BE[1]
59.438 59.750 49 0 1 DEAD[1]
60.000 60.125 53 4 1 CASEY[1]
60.125 60.500 56 7 0 CASEY[2]
60.500 61.000 56 7 1 JONES[1]
61.000 61.125 53 4 1 GOING[1]
61.125 61.250 54 5 0 GOING[2]
61.250 61.375 56 7 1 TO[1]
61.375 61.500 53 4 1 REACH[1]
61.500 61.750 54 5 1 FRISCO[1]
61.750 62.000 54 5 0 FRISCO[2]
62.000 62.125 53 4 1 CASEY[1]
62.125 62.500 56 7 0 CASEY[2]
62.500 62.625 56 7 1 JONES[1]
62.750 62.875 56 7 1 BUT[1]
62.875 63.000 56 7 1 WE'LL[1]
63.000 63.250 55 6 1 ALL[1]
63.250 63.500 55 6 1 BE[1]
63.500 63.750 54 5 1 DEAD[1]
64.000 64.125 53 4 1 CASEY[1]
64.125 64.500 56 7 0 CASEY[2]
64.500 65.000 56 7 1 JONES[1]
65.000 65.125 53 4 1 GOING[1]
65.125 65.250 54 5 0 GOING[2]
65.250 65.375 56 7 1 TO[1]
65.375 65.500 53 4 1 REACH[1]
65.500 65.625 54 5 1 FRISCO[1]
65.625 65.750 54 5 0 FRISCO[2]
65.875 66.000 54 5 1 WE'RE[1]
66.000 66.125 53 4 1 GOING[1]
66.125 66.250 53 4 0 GOING[2]
66.250 66.375 53 4 1 TO[1]
66.375 66.500 53 4 1 REACH[1]
66.500 66.625 53 4 1 FRISCO[1]
66.625 66.750 54 5 0 FRISCO[2]
66.750 66.875 56 7 1 BUT[1]
66.875 67.000 54 5 1 WE'LL[1]
67.000 67.250 53 4 1 ALL[1]
67.250 67.500 54 5 1 BE[1]
67.500 67.750 53 4 1 DEAD[1]
68.000 68.125 53 4 1 CASEY[1]
68.125 68.500 56 7 0 CASEY[2]
68.500 68.750 56 7 1 JONES[1]
69.000 69.125 49 0 1 GOING[1]
69.125 69.250 51 2 0 GOING[2]
69.250 69.375 53 4 1 TO[1]
69.375 69.500 49 0 1 REACH[1]
69.500 69.625 51 2 1 FRISCO[1]
69.750 69.875 46 9 0 FRISCO[2]
70.000 70.125 53 4 1 CASEY[1]
70.125 70.500 56 7 0 CASEY[2]
70.500 70.750 56 7 1 JONES[1]
70.750 70.875 44 7 1 BUT[1]
70.875 71.000 44 7 1 WE'LL[1]
71.000 71.125 49 0 1 ALL[1]
71.250 71.375 53 4 1 BE[1]
71.500 71.750 51 2 1 DEAD[1]
72.000 72.125 53 4 1 CASEY[1]
72.125 72.500 56 7 0 CASEY[2]
72.500 72.750 56 7 1 JONES[1]
73.000 73.125 49 0 1 GOING[1]
73.125 73.250 51 2 0 GOING[2]
73.250 73.375 53 4 1 TO[1]
73.375 73.500 49 0 1 REACH[1]
73.500 73.625 51 2 1 FRISCO[1]
73.625 73.875 49 0 0 FRISCO[2]
73.875 74.000 46 9 1 WE'RE[1]
74.000 74.125 44 7 1 GOING[1]
74.125 74.250 44 7 0 GOING[2]
74.250 74.375 44 7 1 TO[1]
74.375 74.500 44 7 1 REACH[1]
74.500 74.625 44 7 1 FRISCO[1]
74.625 74.750 46 9 0 FRISCO[2]
74.750 74.875 44 7 1 BUT[1]
74.875 75.000 42 5 1 WE'LL[1]
75.000 75.125 41 4 1 ALL[1]
75.250 75.438 39 2 1 BE[1]
75.438 75.750 37 0 1 DEAD[1]
80.000 80.125 49 0 1 CASEY[1]
80.125 80.375 49 0 0 CASEY[2]
80.375 80.500 49 0 1 PULLED[1]
80.500 80.625 49 0 1 UP[1]
80.750 80.875 46 9 1 THAT[1]
81.000 81.125 49 0 1 GREEN[1]
81.250 81.375 49 0 1 OL'[1]
81.375 81.750 44 7 1 HILL[1]
81.875 82.000 48 11 1 SHE[1]
82.000 82.125 49 0 1 TOOK[1]
82.125 82.250 49 0 1 OFF[1]
82.250 82.375 49 0 1 THROUGH[1]
82.375 82.500 49 0 0 THE[1]
82.500 82.625 49 0 1 CROSSING[1]
82.625 82.750 48 11 0 CROSSING[2]
82.750 82.875 46 9 1 WITH[1]
82.875 83.000 44 7 1 AN[1]
83.000 83.125 46 9 1 AWFUL[1]
83.250 83.375 46 9 0 AWFUL[2]
83.375 83.750 48 11 1 SHRILL[1]
83.875 84.000 48 11 0 THE[1]
84.000 84.062 49 0 1 SWITCHMAN[1]
84.250 84.438 49 0 0 SWITCHMAN[2]
84.438 84.625 49 0 1 KNEW[1]
84.750 84.875 46 9 1 BY[1]
84.875 85.000 44 7 0 THE[1]
85.000 85.125 49 0 1 ENGINE'S[1]
85.250 85.375 49 0 0 ENGINE'S[2]
85.375 85.625 44 7 1 MOAN[1]
85.750 85.875 46 9 1 THAT[1]
85.875 86.000 41 4 0 THE[1]
86.000 86.125 44 7 1 MAN[1]
86.125 86.375 44 7 1 AT[1]
86.375 86.500 44 7 0 THE[1]
86.500 86.625 44 7 1 THROTTLE[1]
86.625 86.750 46 9 0 THROTTLE[2]
86.750 86.875 44 7 1 WAS[1]
87.000 87.125 41 4 1 CASEY[1]
87.250 87.500 39 2 0 CASEY[2]
87.500 87.750 37 0 1 JONES[1]
87.875 88.000 44 7 1 HE[1]
88.000 88.125 49 0 1 PULLED[1]
88.125 88.375 49 0 1 UP[1]
88.375 88.500 49 0 0 WITHIN[1]
88.500 88.625 49 0 1 WITHIN[2]
88.750 88.875 46 9 1 TWO[1]
89.000 89.125 49 0 1 MILES[1]
89.125 89.250 48 11 1 OF[1]
89.250 89.375 49 0 0 THE[1]
89.375 89.750 44 7 1 PLACE[1]
90.000 90.250 49 0 1 NUMBER[1]
90.250 90.375 49 0 0 NUMBER[2]
90.375 90.625 49 0 1 FOUR[1]
90.750 90.875 46 9 1 STARED[1]
90.875 91.000 44 7 1 HIM[1]
91.000 91.125 46 9 1 RIGHT[1]
91.125 91.250 45 8 0 IN[1]
91.250 91.375 46 9 0 THE[1]
91.375 91.750 48 11 1 FACE[1]
92.000 92.250 49 0 1 TURNED[1]
92.250 92.375 49 0 1 TO[1]
92.375 92.500 49 0 0 THE[1]
92.500 92.625 49 0 1 FIREMAN[1]
92.625 92.750 48 11 0 FIREMAN[2]
92.750 92.938 46 9 1 SAID[1]
92.938 93.125 49 0 1 BOY[1]
93.125 93.250 48 11 1 YOU'D[1]
93.250 93.375 49 0 1 BETTER[1]
93.375 93.500 48 11 0 BETTER[2]
93.500 93.625 51 2 1 JUMP[1]
93.750 93.875 49 0 0 'CAUSE[1]
93.875 94.000 46 9 1 THERE'S[1]
94.000 94.125 44 7 1 TWO[1]
94.125 94.375 44 7 2 LOCOMOTIVES[1]
94.375 94.500 44 7 0 LOCOMOTIVES[2]
94.500 94.625 44 7 1 LOCOMOTIVES[3]
94.625 94.750 46 9 0 LOCOMOTIVES[4]
94.750 94.875 44 7 0 AND[1]
94.875 95.000 42 5 1 THEY'RE[1]
95.000 95.125 41 4 1 GOING[1]
95.125 95.250 37 0 0 GOING[2]
95.250 95.375 39 2 1 TO[1]
95.500 95.625 37 0 1 BUMP[1]
96.000 96.125 46 9 1 CASEY[1]
96.125 96.500 44 7 0 CASEY[2]
96.500 96.750 44 7 1 JONES[1]
97.000 97.125 49 0 1 TWO[1]
97.125 97.375 53 4 2 LOCOMOTIVES[1]
97.375 97.500 49 0 0 LOCOMOTIVES[2]
97.500 97.625 51 2 1 LOCOMOTIVES[3]
97.625 97.750 49 0 0 LOCOMOTIVES[4]
98.000 98.125 49 0 1 CASEY[1]
98.125 98.500 44 7 0 CASEY[2]
98.500 98.750 44 7 1 JONES[1]
98.750 98.875 44 7 0 AND[1]
98.875 99.000 44 7 1 THEY'RE[1]
99.000 99.125 49 0 1 GOING[1]
99.125 99.375 53 4 0 GOING[2]
99.375 99.500 49 0 1 TO[1]
99.500 99.625 51 2 1 BUMP[1]
100.000 100.125 48 11 1 CASEY[1]
100.125 100.500 44 7 0 CASEY[2]
100.500 100.875 44 7 1 JONES[1]
101.000 101.125 49 0 1 TWO[1]
101.125 101.375 53 4 2 LOCOMOTIVES[1]
101.375 101.500 49 0 0 LOCOMOTIVES[2]
101.500 101.625 51 2 1 LOCOMOTIVES[3]
101.625 101.750 49 0 0 LOCOMOTIVES[4]
101.750 102.000 46 9 1 THERE'S[1]
102.000 102.125 44 7 1 TWO[1]
102.125 102.375 44 7 2 LOCOMOTIVES[1]
102.375 102.500 44 7 0 LOCOMOTIVES[2]
102.500 102.625 44 7 1 LOCOMOTIVES[3]
102.625 102.750 46 9 0 LOCOMOTIVES[4]
102.750 102.875 44 7 1 THAT[1]
102.875 103.000 42 5 1 ARE[1]
103.000 103.125 41 4 1 GOING[1]
103.125 103.250 37 0 0 GOING[2]
103.250 103.375 39 2 1 TO[1]
103.438 103.500 37 0 1 BUMP[1]
104.000 104.125 53 4 1 CASEY[1]
104.125 104.500 56 7 0 CASEY[2]
104.500 105.000 56 7 1 JONES[1]
105.000 105.125 53 4 1 TWO[1]
105.250 105.375 56 7 2 LOCOMOTIVES[1]
105.375 105.500 53 4 0 LOCOMOTIVES[2]
105.500 105.750 54 5 1 LOCOMOTIVES[3]
105.750 106.000 54 5 0 LOCOMOTIVES[4]
106.000 106.125 53 4 1 CASEY[1]
106.125 106.500 56 7 0 CASEY[2]
106.500 106.625 56 7 1 JONES[1]
106.750 106.875 56 7 0 AND[1]
106.875 107.000 56 7 1 THEY'RE[1]
107.000 107.125 55 6 1 GOING[1]
107.125 107.250 55 6 0 GOING[2]
107.250 107.500 55 6 1 TO[1]
107.500 107.625 54 5 1 BUMP[1]
108.000 108.125 53 4 1 CASEY[1]
108.125 108.500 56 7 0 CASEY[2]
108.500 109.000 56 7 1 JONES[1]
109.000 109.125 53 4 1 TWO[1]
109.250 109.375 56 7 2 LOCOMOTIVES[1]
109.375 109.500 53 4 0 LOCOMOTIVES[2]
109.500 109.625 54 5 1 LOCOMOTIVES[3]
109.625 109.750 54 5 0 LOCOMOTIVES[4]
109.750 110.000 54 5 1 THERE'S[1]
110.000 110.125 53 4 1 TWO[1]
110.125 110.375 53 4 2 LOCOMOTIVES[1]
110.375 110.500 53 4 0 LOCOMOTIVES[2]
110.500 110.625 53 4 1 LOCOMOTIVES[3]
110.625 110.750 54 5 0 LOCOMOTIVES[4]
110.750 110.875 56 7 1 THAT[1]
110.875 111.000 54 5 1 ARE[1]
111.000 111.125 53 4 1 GOING[1]
111.125 111.250 53 4 0 GOING[2]
111.250 111.500 54 5 1 TO[1]
111.500 111.625 53 4 1 BUMP[1]
116.000 116.125 49 0 1 CASEY[1]
116.125 116.500 49 0 0 CASEY[2]
116.500 116.625 49 0 1 SAID[1]
116.750 116.875 46 9 1 JUST[1]
116.875 117.000 44 7 0 BEFORE[1]
117.000 117.125 49 0 1 BEFORE[2]
117.250 117.375 49 0 1 HE[1]
117.375 117.625 44 7 1 DIED[1]
117.750 118.000 44 7 1 THERE'S[1]
118.000 118.125 49 0 1 TWO[1]
118.125 118.500 49 0 1 MORE[1]
118.500 118.625 49 0 1 ROADS[1]
118.750 118.875 46 9 1 THAT[1]
118.875 119.000 44 7 1 I'D[1]
119.000 119.125 46 9 1 LIKE[1]
119.250 119.375 46 9 1 TO[1]
119.375 119.750 48 11 1 RIDE[1]
120.000 120.125 49 0 1 FIREMAN[1]
120.125 120.500 49 0 0 FIREMAN[2]
120.500 120.625 49 0 1 SAID[1]
120.750 120.875 46 9 1 WHAT[1]
121.000 121.125 49 0 1 CAN[1]
121.125 121.375 49 0 1 THEY[1]
121.375 121.625 44 7 1 BE[1]
121.625 121.750 49 0 1 HE[1]
121.750 121.875 49 0 1 SAID[1]
121.875 122.000 46 9 0 THE[1]
122.000 122.125 44 7 1 SOUTHERN[1]
122.125 122.375 44 7 0 SOUTHERN[2]
122.375 122.500 44 7 0 PACIFIC[1]
122.500 122.625 44 7 1 PACIFIC[2]
122.625 122.750 46 9 0 PACIFIC[3]
122.750 122.875 44 7 0 AND[1]
122.875 123.000 42 5 0 THE[1]
123.000 123.125 41 4 1 SANTA[1]
123.250 123.375 39 2 0 SANTA[2]
123.375 123.625 37 0 1 FE[1]
123.750 123.875 44 7 1 MRS[1]
123.875 124.000 44 7 0 MRS[2]
124.000 124.250 49 0 1 JONES[1]
124.250 124.375 49 0 1 SAT[1]
124.375 124.625 49 0 1 ON[1]
124.750 124.875 46 9 1 HER[1]
125.000 125.125 49 0 1 BED[1]
125.250 125.375 49 0 0 A-SIGH'N[1]
125.375 125.750 44 7 1 A-SIGH'N[2]
126.000 126.125 49 0 1 JUST[1]
126.125 126.250 48 11 0 RECEIVED[1]
126.250 126.375 49 0 1 RECEIVED[2]
126.375 126.500 48 11 0 A[1]
126.500 126.625 49 0 1 MESSAGE[1]
126.625 126.750 48 11 0 MESSAGE[2]
126.750 126.812 46 9 1 THAT[1]
127.000 127.125 46 9 1 CASEY[1]
127.125 127.250 45 8 0 CASEY[2]
127.250 127.375 46 9 1 WAS[1]
127.375 127.750 48 11 1 DYIN'[1]
127.875 128.000 48 11 1 SAID[1]
128.000 128.125 51 2 1 GO[1]
128.125 128.250 51 2 1 TO[1]
128.250 128.500 49 0 1 BED[1]
128.500 128.625 46 9 1 CHILDREN[1]
128.625 128.750 51 2 0 CHILDREN[2]
128.750 129.000 56 7 0 AND[1]
129.000 129.125 61 0 1 HUSH[1]
129.125 129.375 61 0 1 YOUR[1]
129.375 129.625 56 7 1 CRYIN'[1]
129.750 129.875 61 0 0 'CAUSE[1]
129.875 130.000 58 9 1 YOU[1]
130.000 130.125 56 7 1 GOT[1]
130.125 130.250 56 7 0 ANOTHER[1]
130.250 130.375 56 7 1 ANOTHER[2]
130.375 130.500 56 7 0 ANOTHER[3]
130.500 130.625 56 7 1 PAPPA[1]
130.625 130.750 58 9 0 PAPPA[2]
130.750 130.875 56 7 1 ON[1]
130.875 131.000 54 5 0 THE[1]
131.000 131.125 53 4 1 SALT[1]
131.250 131.375 51 2 1 LAKE[1]
131.500 131.750 49 0 1 LINE[1]
131.750 131.875 61 0 1 MRS[1]
131.875 132.000 61 0 0 MRS[2]
132.000 132.125 61 0 1 CASEY[1]
132.125 132.500 56 7 0 CASEY[2]
132.500 132.750 56 7 1 JONES[1]
133.000 133.125 65 4 1 GOT[1]
133.125 133.250 66 5 0 ANOTHER[1]
133.250 133.375 68 7 1 ANOTHER[2]
133.375 133.500 65 4 0 ANOTHER[3]
133.500 133.625 66 5 1 PAPPA[1]
133.625 133.750 66 5 0 PAPPA[2]
133.750 133.875 61 0 1 MRS[1]
133.875 134.000 61 0 0 MRS[2]
134.000 134.125 61 0 1 CASEY[1]
134.125 134.500 56 7 0 CASEY[2]
134.500 134.750 56 7 1 JONES[1]
134.750 134.875 68 7 1 ON[1]
134.875 135.000 68 7 0 THE[1]
135.000 135.250 67 6 1 SALT[1]
135.250 135.500 67 6 1 LAKE[1]
135.500 135.625 66 5 1 LINE[1]
135.750 135.875 66 5 1 MRS[1]
135.875 136.000 66 5 0 MRS[2]
136.000 136.125 65 4 1 CASEY[1]
136.125 136.500 68 7 0 CASEY[2]
136.500 136.750 68 7 1 JONES[1]
137.000 137.125 65 4 1 GOT[1]
137.125 137.250 66 5 0 ANOTHER[1]
137.250 137.375 68 7 1 ANOTHER[2]
137.375 137.500 65 4 0 ANOTHER[3]
137.500 137.625 66 5 1 PAPPA[1]
137.625 137.750 66 5 0 PAPPA[2]
137.750 137.875 66 5 0 AND[1]
137.875 138.000 66 5 1 YOU[1]
138.000 138.125 65 4 1 GOT[1]
138.125 138.250 65 4 0 ANOTHER[1]
138.250 138.375 65 4 1 ANOTHER[2]
138.375 138.500 65 4 0 ANOTHER[3]
138.500 138.625 65 4 1 PAPPA[1]
138.625 138.750 66 5 0 PAPPA[2]
138.750 138.875 68 7 1 ON[1]
138.875 139.000 66 5 0 THE[1]
139.000 139.250 65 4 1 SALT[1]
139.250 139.500 66 5 1 LAKE[1]
139.500 139.750 65 4 1 MINE[1]
