3.2500 3.5000 62 7 1 DON'T[1]
3.5000 3.7500 62 7 1 WANT[1]
3.7500 4.0000 67 0 0 YOUR[1]
4.0000 4.2500 64 9 1 LOVE[1]
5.5000 5.8750 59 4 2 ANYMORE[1]
5.8750 6.0000 62 7 0 ANYMORE[2]
6.0000 6.7500 59 4 1 ANYMORE[3]
7.2500 7.5000 62 7 1 DON'T[1]
7.5000 7.7500 62 7 1 WANT[1]
7.7500 8.0000 67 0 0 YOUR[1]
8.0000 8.2500 64 9 1 KISSES[1]
9.2500 9.5000 59 4 0 KISSES[2]
9.5000 9.8750 59 4 1 THAT'S[1]
9.8750 10.1250 62 7 0 FOR[1]
10.1250 10.2500 57 2 1 SURE[1]
11.2500 11.5000 59 4 0 I[1]
11.5000 11.7500 59 4 1 DIE[1]
11.7500 12.0000 62 7 0 EACH[1]
12.0000 12.2500 58 3 1 TIME[1]
13.2500 13.5000 55 0 0 I[1]
13.5000 13.8750 59 4 1 HEAR[1]
13.8750 14.1250 57 2 0 THIS[1]
14.1250 15.0000 55 0 1 SOUND[1]
15.5000 15.7500 62 7 1 HERE[1]
15.7500 16.0000 67 0 0 HE[1]
16.0000 16.2500 64 9 1 COMES[1]
17.2500 17.5000 59 4 1 THAT'S[1]
17.5000 17.8750 59 4 1 CATHY'S[1]
17.8750 18.0000 62 7 0 CATHY'S[2]
18.0000 18.2500 57 2 1 CLOWN[1]
19.2500 19.5000 55 0 0 I[1]
19.5000 19.6250 59 4 1 GOTTA[1]
19.6250 19.7500 62 7 0 GOTTA[2]
19.7500 19.8125 59 4 1 STAND[1]
20.0000 21.0000 55 0 1 TALL[1]
21.1250 21.2500 55 0 0 YOU[1]
21.2500 21.3750 55 0 1 KNOW[1]
21.3750 21.5000 55 0 0 A[1]
21.5000 21.6250 57 2 1 MAN[1]
21.7500 22.0000 57 2 1 CAN'T[1]
22.0000 22.5000 55 0 1 CRAWL[1]
23.1250 23.3750 55 0 0 WHEN[1]
23.3750 23.5000 55 0 0 HE[1]
23.5000 23.6250 57 2 1 KNOWS[1]
23.6250 23.7500 59 4 1 YOU'RE[1]
23.7500 23.8750 57 2 1 TELLIN'[1]
23.8750 24.0000 55 0 0 TELLIN'[2]
24.0000 24.2500 55 0 1 LIES[1]
24.2500 24.3750 55 0 0 AND[1]
24.3750 24.5000 55 0 0 HE[1]
24.5000 24.6250 57 2 1 HEARS[1]
24.6250 24.7500 59 4 0 'EM[1]
24.7500 24.8750 57 2 1 PASSING[1]
24.8750 25.0000 55 0 0 PASSING[2]
25.0000 25.1250 55 0 0 BY[1]
25.3750 25.5000 55 0 1 HE'S[1]
25.5000 25.6250 57 2 1 NOT[1]
25.6250 25.7500 58 3 0 A[1]
25.7500 25.8750 57 2 1 MAN[1]
25.8750 26.0000 55 0 0 AT[1]
26.0000 27.0000 55 0 0 ALL[1]
27.2500 27.5000 62 7 1 DON'T[1]
27.5000 27.7500 62 7 1 WANT[1]
27.7500 28.0000 67 0 0 YOUR[1]
28.0000 28.2500 64 9 1 LOVE[1]
29.5000 29.8750 59 4 2 ANYMORE[1]
29.8750 30.0000 62 7 0 ANYMORE[2]
30.0000 30.7500 59 4 1 ANYMORE[3]
31.2500 31.5000 62 7 1 DON'T[1]
31.5000 31.7500 62 7 1 WANT[1]
31.7500 32.0000 67 0 0 YOUR[1]
32.0000 32.2500 64 9 1 KISSES[1]
33.2500 33.5000 59 4 0 KISSES[2]
33.5000 33.8750 59 4 1 THAT'S[1]
33.8750 34.1250 62 7 0 FOR[1]
34.1250 34.2500 57 2 1 SURE[1]
35.2500 35.5000 59 4 0 I[1]
35.5000 35.7500 59 4 1 DIE[1]
35.7500 36.0000 62 7 0 EACH[1]
36.0000 36.2500 58 3 1 TIME[1]
37.2500 37.5000 55 0 0 I[1]
37.5000 37.8750 59 4 1 HEAR[1]
37.8750 38.1250 57 2 0 THIS[1]
38.1250 39.0000 55 0 1 SOUND[1]
39.5000 39.7500 62 7 1 HERE[1]
39.7500 40.0000 67 0 0 HE[1]
40.0000 40.2500 64 9 1 COMES[1]
41.2500 41.5000 59 4 1 THAT'S[1]
41.5000 41.8750 59 4 1 CATHY'S[1]
41.8750 42.0000 62 7 0 CATHY'S[2]
42.0000 42.2500 57 2 1 CLOWN[1]
43.2500 43.3750 55 0 0 WHEN[1]
43.3750 43.5000 55 0 0 YOU[1]
43.5000 43.6250 59 4 1 SEE[1]
43.6250 43.7500 62 7 0 ME[1]
43.7500 43.8750 59 4 1 SHED[1]
43.8750 43.9375 57 2 0 A[1]
44.0000 45.0000 55 0 1 TEAR[1]
45.1250 45.3750 55 0 0 AND[1]
45.3750 45.5000 55 0 0 YOU[1]
45.5000 45.6250 57 2 1 KNOW[1]
45.6250 45.7500 59 4 0 THAT[1]
45.7500 45.8750 57 2 1 IT'S[1]
45.8750 46.1250 55 0 0 SINCERE[1]
46.1250 46.2500 53 10 1 SINCERE[2]
47.1250 47.3750 55 0 1 DON'T[1]
47.3750 47.5000 55 0 0 YOU[1]
47.5000 47.6250 57 2 1 THINK[1]
47.6250 47.7500 59 4 1 IT'S[1]
47.7500 47.8750 57 2 1 KINDA[1]
47.8750 48.0000 55 0 0 KINDA[2]
48.0000 48.2500 55 0 1 SAD[1]
48.2500 48.3750 55 0 0 THAT[1]
48.3750 48.5000 55 0 1 YOU'RE[1]
48.5000 48.6250 57 2 1 TREATING[1]
48.6250 48.7500 59 4 0 TREATING[2]
48.7500 48.8750 57 2 0 ME[1]
48.8750 49.0000 55 0 0 SO[1]
49.0000 49.1250 55 0 1 BAD[1]
49.3750 49.5000 55 0 0 OR[1]
49.5000 49.6250 57 2 1 DON'T[1]
49.6250 49.7500 59 4 0 YOU[1]
49.7500 49.8750 57 2 1 EVEN[1]
49.8750 50.1250 55 0 0 EVEN[2]
50.1250 50.2500 52 9 1 CARE[1]
51.2500 51.5000 62 7 1 DON'T[1]
51.5000 51.7500 62 7 1 WANT[1]
51.7500 52.0000 67 0 0 YOUR[1]
52.0000 52.2500 64 9 1 LOVE[1]
53.5000 53.8750 59 4 2 ANYMORE[1]
53.8750 54.0000 62 7 0 ANYMORE[2]
54.0000 54.7500 59 4 1 ANYMORE[3]
55.2500 55.5000 62 7 1 DON'T[1]
55.5000 55.7500 62 7 1 WANT[1]
55.7500 56.0000 67 0 0 YOUR[1]
56.0000 56.2500 64 9 1 KISSES[1]
57.2500 57.5000 59 4 0 KISSES[2]
57.5000 57.8750 59 4 1 THAT'S[1]
57.8750 58.1250 62 7 0 FOR[1]
58.1250 58.2500 57 2 1 SURE[1]
59.2500 59.5000 59 4 0 I[1]
59.5000 59.7500 59 4 1 DIE[1]
59.7500 60.0000 62 7 0 EACH[1]
60.0000 60.2500 58 3 1 TIME[1]
61.2500 61.5000 55 0 0 I[1]
61.5000 61.8750 59 4 1 HEAR[1]
61.8750 62.1250 57 2 0 THIS[1]
62.1250 63.0000 55 0 1 SOUND[1]
63.5000 63.7500 62 7 1 HERE[1]
63.7500 64.0000 67 0 0 HE[1]
64.0000 64.2500 64 9 1 COMES[1]
65.2500 65.5000 59 4 1 THAT'S[1]
65.5000 65.8750 59 4 1 CATHY'S[1]
65.8750 66.0000 62 7 0 CATHY'S[2]
66.0000 66.2500 57 2 1 CLOWN[1]
67.2500 67.5000 55 0 1 THAT'S[1]
67.5000 67.8750 59 4 1 CATHY'S[1]
67.8750 68.0000 62 7 0 CATHY'S[2]
68.0000 68.2500 57 2 1 CLOWN[1]
69.2500 69.5000 55 0 1 THAT'S[1]
69.5000 69.8750 59 4 1 CATHY'S[1]
69.8750 70.0000 62 7 0 CATHY'S[2]
70.0000 70.2500 57 2 1 CLOWN[1]
