4.000 4.250 69 9 1 HEAVEN[1]
4.250 5.000 67 7 0 HEAVEN[2]
5.500 5.750 64 4 1 I'M[1]
5.750 6.000 65 5 0 IN[1]
6.000 6.250 69 9 1 HEAVEN[1]
6.250 7.000 67 7 0 HEAVEN[2]
7.500 7.750 64 4 0 AND[1]
7.750 8.000 65 5 1 MY[1]
8.000 8.250 69 9 1 HEART[1]
8.250 8.500 67 7 1 BEATS[1]
8.500 8.750 71 11 1 SO[1]
8.750 8.875 69 9 1 THAT[1]
8.875 9.250 72 0 1 I[1]
9.250 9.500 71 11 1 CAN[1]
9.500 9.750 74 2 1 HARDLY[1]
9.750 10.000 72 0 0 HARDLY[2]
10.000 11.250 76 4 1 SPEAK[1]
11.500 11.750 74 2 0 AND[1]
11.750 12.000 72 0 1 I[1]
12.000 12.167 71 11 1 SEEM[1]
12.167 12.333 74 2 1 TO[1]
12.333 12.875 72 0 1 FIND[1]
12.875 13.000 69 9 0 THE[1]
13.000 13.167 67 7 1 HAPPINESS[1]
13.167 13.333 71 11 0 HAPPINESS[2]
13.333 13.875 69 9 0 HAPPINESS[3]
13.875 14.250 65 5 1 I[1]
14.250 15.250 64 4 1 SEEK[1]
15.500 15.750 65 5 1 WHEN[1]
15.750 15.875 67 7 1 WE'RE[1]
15.875 16.250 69 9 1 OUT[1]
16.250 16.417 69 9 0 TOGETHER[1]
16.417 16.583 65 5 1 TOGETHER[2]
16.583 16.875 65 5 0 TOGETHER[3]
16.875 17.250 62 2 1 DANCING[1]
17.250 17.500 62 2 0 DANCING[2]
17.500 17.750 60 0 1 CHEEK[1]
17.750 17.875 59 11 1 TO[1]
17.875 19.500 60 0 1 CHEEK[1]
20.000 20.250 57 9 1 HEAVEN[1]
20.250 21.000 55 7 0 HEAVEN[2]
21.500 21.750 52 4 1 I'M[1]
21.750 22.000 53 5 0 IN[1]
22.000 22.250 57 9 1 HEAVEN[1]
22.250 23.000 55 7 0 HEAVEN[2]
23.500 23.750 52 4 0 AND[1]
23.750 23.875 53 5 0 THE[1]
23.875 24.250 57 9 1 CARES[1]
24.250 24.500 55 7 1 THAT[1]
24.500 24.667 59 11 1 HANG[1]
24.667 24.833 57 9 0 AROUND[1]
24.833 25.250 60 0 1 AROUND[2]
25.250 25.500 59 11 1 ME[1]
25.500 25.750 62 2 1 THROUGH[1]
25.750 25.875 60 0 0 THE[1]
25.875 27.125 64 4 1 WEEK[1]
27.500 27.750 62 2 1 SEEM[1]
27.750 27.875 60 0 1 TO[1]
27.875 28.125 59 11 1 VANISH[1]
28.125 28.250 62 2 0 VANISH[2]
28.500 28.750 60 0 1 LIKE[1]
28.750 28.875 57 9 0 A[1]
28.875 29.250 55 7 1 GAMBLER'S[1]
29.250 29.500 59 11 0 GAMBLER'S[2]
29.500 29.750 57 9 1 LUCKY[1]
29.750 30.125 53 5 0 LUCKY[2]
30.125 31.125 52 4 1 STREAK[1]
31.500 31.750 53 5 1 WHEN[1]
31.750 31.875 55 7 1 WE'RE[1]
31.875 32.250 57 9 1 OUT[1]
32.250 32.375 57 9 0 TOGETHER[1]
32.375 32.625 53 5 1 TOGETHER[2]
32.625 32.875 53 5 0 TOGETHER[3]
32.875 33.250 50 2 1 DANCING[1]
33.250 33.500 50 2 0 DANCING[2]
33.500 33.750 48 0 1 CHEEK[1]
33.750 33.875 47 11 1 TO[1]
33.875 35.500 48 0 1 CHEEK[1]
35.625 35.875 55 7 1 OH[1]
35.875 36.000 54 6 1 I[1]
36.000 36.250 53 5 1 LOVE[1]
36.250 36.375 55 7 1 TO[1]
36.375 36.750 59 11 1 CLIMB[1]
36.750 36.875 62 2 0 A[1]
36.875 37.125 60 0 1 MOUNTAIN[1]
37.125 37.500 60 0 0 MOUNTAIN[2]
37.625 37.875 55 7 0 AND[1]
37.875 38.000 54 6 1 TO[1]
38.000 38.125 53 5 1 REACH[1]
38.250 38.500 55 7 0 THE[1]
38.500 38.625 59 11 1 HIGHEST[1]
38.625 38.875 62 2 0 HIGHEST[2]
38.875 39.000 60 0 1 PEAK[1]
39.625 39.875 55 7 1 BUT[1]
39.875 40.000 54 6 1 IT[1]
40.000 40.125 53 5 1 DOESN'T[1]
40.125 40.375 55 7 0 DOESN'T[2]
40.375 40.625 59 11 1 THRILL[1]
40.625 41.000 62 2 1 ME[1]
41.000 41.125 60 0 1 HALF[1]
41.125 41.375 60 0 1 AS[1]
41.375 41.625 55 7 1 MUCH[1]
41.875 42.000 48 0 1 AS[1]
42.000 42.250 57 9 1 DANCING[1]
42.250 42.500 57 9 0 DANCING[2]
42.500 42.750 53 5 1 CHEEK[1]
42.750 42.875 47 11 1 TO[1]
42.875 43.500 48 0 1 CHEEK[1]
43.625 43.875 55 7 1 OH[1]
43.875 44.000 54 6 1 I[1]
44.000 44.250 53 5 1 LOVE[1]
44.250 44.375 55 7 1 TO[1]
44.375 44.625 59 11 1 GO[1]
44.625 44.875 62 2 1 OUT[1]
44.875 45.125 60 0 1 FISHING[1]
45.125 45.500 60 0 0 FISHING[2]
45.625 45.875 55 7 0 IN[1]
45.875 46.000 54 6 0 A[1]
46.000 46.125 53 5 1 RIVER[1]
46.125 46.500 55 7 0 RIVER[2]
46.500 46.625 59 11 1 OR[1]
46.625 46.875 62 2 0 A[1]
46.875 47.000 60 0 1 CREEK[1]
47.750 47.875 55 7 1 BUT[1]
47.875 48.000 54 6 1 I[1]
48.000 48.250 53 5 1 DON'T[1]
48.250 48.500 55 7 2 ENJOY[1]
48.500 48.625 59 11 1 ENJOY[2]
48.625 49.000 62 2 1 IT[1]
49.000 49.125 60 0 1 HALF[1]
49.125 49.375 60 0 1 AS[1]
49.375 49.625 55 7 1 MUCH[1]
49.875 50.000 48 0 1 AS[1]
50.000 50.250 57 9 1 DANCING[1]
50.250 50.500 57 9 0 DANCING[2]
50.500 50.750 53 5 1 CHEEK[1]
50.750 50.875 47 11 1 TO[1]
50.875 51.500 48 0 1 CHEEK[1]
52.000 52.375 48 0 1 DANCE[1]
52.375 52.500 48 0 1 WITH[1]
52.500 53.000 48 0 1 ME[1]
53.500 53.667 48 0 1 I[1]
53.667 53.833 48 0 1 WANT[1]
53.833 54.000 48 0 1 MY[1]
54.000 54.625 51 3 1 ARM[1]
54.625 54.750 42 6 0 ABOUT[1]
54.750 55.000 42 6 1 ABOUT[2]
55.000 55.500 42 6 1 YOU[1]
55.750 56.000 51 3 0 THE[1]
56.000 56.500 50 2 1 CHARM[1]
56.500 56.667 41 5 0 ABOUT[1]
56.667 56.833 41 5 1 ABOUT[2]
56.833 57.500 41 5 1 YOU[1]
57.750 58.000 38 2 1 WILL[1]
58.000 58.375 36 0 1 CARRY[1]
58.375 58.500 28 4 0 CARRY[2]
58.500 58.750 28 4 1 ME[1]
58.750 59.500 28 4 1 THROUGH[1]
59.500 60.000 26 2 1 TO[1]
60.000 60.250 21 9 1 HEAVEN[1]
60.250 61.000 19 7 0 HEAVEN[2]
61.500 61.750 16 4 1 I'M[1]
61.750 62.000 17 5 0 IN[1]
62.000 62.250 21 9 1 HEAVEN[1]
62.250 63.000 19 7 0 HEAVEN[2]
63.500 63.750 16 4 0 AND[1]
63.750 64.000 17 5 1 MY[1]
64.000 64.250 21 9 1 HEART[1]
64.250 64.500 19 7 1 BEATS[1]
64.500 64.750 23 11 1 SO[1]
64.750 64.875 21 9 1 THAT[1]
64.875 65.250 24 0 1 I[1]
65.250 65.500 23 11 1 CAN[1]
65.500 65.750 26 2 1 HARDLY[1]
65.750 66.000 24 0 0 HARDLY[2]
66.000 67.250 28 4 1 SPEAK[1]
67.625 67.750 26 2 0 AND[1]
67.750 68.000 24 0 1 I[1]
68.000 68.167 23 11 1 SEEM[1]
68.167 68.333 26 2 1 TO[1]
68.333 68.875 24 0 1 FIND[1]
68.875 69.000 21 9 0 THE[1]
69.000 69.167 19 7 1 HAPPINESS[1]
69.167 69.333 23 11 0 HAPPINESS[2]
69.333 69.875 21 9 0 HAPPINESS[3]
69.875 70.250 17 5 1 I[1]
70.250 71.250 16 4 1 SEEK[1]
71.500 71.750 17 5 1 WHEN[1]
71.750 71.875 19 7 1 WE'RE[1]
71.875 72.250 21 9 1 OUT[1]
72.250 72.417 21 9 0 TOGETHER[1]
72.417 72.583 17 5 1 TOGETHER[2]
72.583 72.875 17 5 0 TOGETHER[3]
72.875 73.250 14 2 1 DANCING[1]
73.250 73.500 14 2 0 DANCING[2]
73.500 73.750 12 0 1 CHEEK[1]
73.750 74.000 11 11 1 TO[1]
74.000 75.500 12 0 1 CHEEK[1]
