0.000 0.188 67 7 0 WHEN[1]
0.188 0.250 69 9 0 FROM[1]
0.250 0.375 67 7 0 OUT[1]
0.375 0.500 64 4 0 THE[1]
0.500 0.875 60 0 1 SHADES[1]
0.875 1.000 62 2 0 OF[1]
1.000 1.500 64 4 1 NIGHT[1]
2.000 2.188 67 7 1 COME[1]
2.188 2.250 69 9 0 THE[1]
2.250 2.438 67 7 1 STARS[1]
2.438 2.500 60 0 0 A[1]
2.500 2.750 65 5 1 SHINING[1]
2.750 3.000 64 4 0 SHINING[2]
3.000 3.500 62 2 1 BRIGHT[1]
3.875 4.000 62 2 0 I[1]
4.000 4.250 69 9 1 SPY[1]
4.250 4.312 62 2 0 THE[1]
4.312 4.375 64 4 0 ONE[1]
4.375 4.500 65 5 0 I[1]
4.500 4.625 71 11 1 DO[1]
4.625 4.875 69 9 1 LOVE[1]
4.875 5.000 62 2 0 I[1]
5.000 5.188 69 9 1 RECOGNIZE[1]
5.188 5.250 67 7 0 RECOGNIZE[2]
5.250 5.438 64 4 2 RECOGNIZE[3]
5.438 5.500 60 0 1 MA[1]
5.500 5.625 69 9 1 TRUE[1]
5.625 5.875 67 7 1 LOVE[1]
5.875 6.000 67 7 0 BENEATH[1]
6.000 6.125 67 7 1 BENEATH[2]
6.125 6.250 69 9 0 THE[1]
6.250 6.375 62 2 1 TINY[1]
6.375 6.500 69 9 0 TINY[2]
6.500 6.750 67 7 1 ORBS[1]
6.750 7.000 62 2 0 OF[1]
7.000 7.500 64 4 1 LIGHT[1]
8.000 8.188 67 7 1 SEARCH[1]
8.188 8.250 69 9 0 THE[1]
8.250 8.438 67 7 1 SKY[1]
8.438 8.500 64 4 0 FROM[1]
8.500 8.750 60 0 1 EAST[1]
8.750 9.000 62 2 0 TO[1]
9.000 9.500 64 4 1 WEST[1]
10.000 10.188 67 7 1 SHE'S[1]
10.188 10.250 69 9 0 THE[1]
10.250 10.375 67 7 1 BRIGHTEST[1]
10.375 10.500 72 0 0 BRIGHTEST[2]
10.500 10.875 77 5 0 AND[1]
10.875 11.000 76 4 0 THE[1]
11.000 11.500 74 2 1 BEST[1]
11.875 12.000 74 2 0 BUT[1]
12.000 12.125 81 9 1 SHE'S[1]
12.125 12.250 74 2 0 SO[1]
12.250 12.375 76 4 1 FAR[1]
12.375 12.500 77 5 0 ABOVE[1]
12.500 12.625 95 11 1 ABOVE[2]
12.625 12.875 93 9 0 ME[1]
12.875 13.000 86 2 0 I[1]
13.000 13.188 93 9 1 KNOW[1]
13.188 13.250 91 7 0 SHE[1]
13.250 13.312 88 4 1 CANNOT[1]
13.312 13.500 84 0 0 CANNOT[2]
13.500 13.625 93 9 1 LOVE[1]
13.625 13.875 91 7 0 ME[1]
13.875 14.000 91 7 0 YET[1]
14.000 14.188 90 6 0 I[1]
14.188 14.250 91 7 1 LOVE[1]
14.250 14.438 89 5 0 HER[1]
14.438 14.500 91 7 0 AND[1]
14.500 14.562 88 4 0 MORE[1]
14.562 14.625 91 7 0 THAN[1]
14.625 14.812 86 2 0 ALL[1]
14.812 15.000 91 7 0 THE[1]
15.000 15.500 96 0 1 REST[1]
15.875 16.000 104 8 1 MA[1]
16.000 16.250 105 9 1 EVENING[1]
16.250 16.500 103 7 0 EVENING[2]
16.500 16.875 110 2 1 STAR[1]
16.875 17.000 108 0 0 I[1]
17.000 17.125 107 11 1 WONDER[1]
17.125 17.250 108 0 0 WONDER[2]
17.250 17.375 103 7 0 WHO[1]
17.375 17.500 105 9 0 YOU[1]
17.500 17.875 107 11 1 ARE[1]
17.875 18.000 103 7 1 SET[1]
18.000 18.250 105 9 0 UP[1]
18.250 18.500 107 11 0 SO[1]
18.500 18.750 112 4 1 HIGH[1]
18.750 18.875 112 4 0 LIKE[1]
18.875 19.000 110 2 0 A[1]
19.000 19.125 107 11 1 DIAMOND[1]
19.125 19.250 108 0 0 DIAMOND[2]
19.250 19.375 100 4 0 IN[1]
19.375 19.500 105 9 0 THE[1]
19.500 19.875 103 7 1 SKY[1]
19.875 19.938 103 7 0 NO[1]
19.938 20.125 103 7 1 MATTER[1]
20.125 20.250 105 9 0 MATTER[2]
20.250 20.312 107 11 0 WHAT[1]
20.312 20.500 108 0 0 I[1]
20.500 20.625 108 0 1 DO[1]
20.875 21.000 100 4 0 I[1]
21.000 21.188 102 6 1 CAN'T[1]
21.188 21.250 103 7 1 GO[1]
21.250 21.438 105 9 0 UP[1]
21.438 21.500 108 0 0 TO[1]
21.500 21.625 108 0 0 YOU[1]
21.875 22.000 107 11 0 SO[1]
22.000 22.062 107 11 1 COME[1]
22.062 22.375 105 9 0 DOWN[1]
22.375 22.500 103 7 0 FROM[1]
22.500 22.625 105 9 1 THERE[1]
22.625 22.750 103 7 1 MA[1]
22.750 22.875 98 2 1 EVENING[1]
22.875 23.000 105 9 0 EVENING[2]
23.000 23.500 103 7 1 STAR[1]
23.875 24.250 112 4 1 COME[1]
24.250 24.500 105 9 0 DOWN[1]
25.000 25.250 112 4 1 COME[1]
25.250 25.500 110 2 0 DOWN[1]
26.000 26.125 110 2 1 COME[1]
26.125 26.375 103 7 0 DOWN[1]
26.375 26.500 102 6 0 FROM[1]
26.500 26.625 103 7 1 THERE[1]
26.625 26.750 110 2 1 MA[1]
26.750 26.875 112 4 1 EVENING[1]
26.875 27.000 110 2 0 EVENING[2]
27.000 32.000 108 0 1 STAR[1]
