3.500 3.750 54 6 0 IF[1]
3.750 4.000 55 7 0 YOUR[1]
4.000 4.125 65 5 1 SWEETHEART[1]
4.125 4.500 64 4 2 SWEETHEART[2]
4.750 4.875 54 6 1 SENDS[1]
4.875 5.000 55 7 0 A[1]
5.000 5.125 65 5 1 LETTER[1]
5.125 5.500 64 4 0 LETTER[2]
5.875 6.000 53 5 0 OF[1]
6.000 6.125 54 6 2 GOODBYE[1]
6.125 7.500 62 2 1 GOODBYE[2]
7.750 7.875 51 3 1 IT'S[1]
7.875 8.000 52 4 0 NO[1]
8.000 8.125 62 2 1 SECRET[1]
8.125 8.250 62 2 0 SECRET[2]
8.750 8.875 51 3 1 YOU'LL[1]
8.875 9.125 52 4 1 FEEL[1]
9.125 9.250 62 2 1 BETTER[1]
9.250 9.375 62 2 0 BETTER[2]
9.750 10.000 52 4 0 IF[1]
10.000 10.125 47 11 0 YOU[1]
10.125 10.500 58 10 1 CRY[1]
11.750 12.000 57 9 0 WHEN[1]
12.000 12.125 55 7 1 WAKING[1]
12.125 12.250 55 7 0 WAKING[2]
12.750 12.875 52 4 0 FROM[1]
12.875 13.000 53 5 0 A[1]
13.000 13.250 60 0 1 BAD[1]
13.250 13.500 59 11 1 DREAM[1]
13.750 13.875 54 6 1 DON'T[1]
13.875 14.125 55 7 0 YOU[1]
14.125 14.375 58 10 0 SOMETIMES[1]
14.375 14.500 58 10 1 SOMETIMES[2]
14.750 14.875 60 0 1 THINK[1]
14.875 15.000 62 2 1 IT'S[1]
15.000 15.500 64 4 1 REAL[1]
15.750 15.875 56 8 0 BUT[1]
15.875 16.000 57 9 1 IT'S[1]
16.000 16.125 64 4 1 ONLY[1]
16.125 16.250 64 4 0 ONLY[2]
16.375 16.875 60 0 1 FALSE[1]
16.875 17.000 57 9 0 EMOTIONS[1]
17.000 17.125 56 8 1 EMOTIONS[2]
17.125 17.250 57 9 0 EMOTIONS[3]
17.625 17.875 64 4 0 THAT[1]
17.875 18.000 62 2 0 YOU[1]
18.125 18.250 64 4 1 FEEL[1]
19.500 19.750 54 6 0 IF[1]
19.750 20.000 55 7 0 YOUR[1]
20.000 20.125 65 5 1 HEARTACHES[1]
20.125 20.500 64 4 0 HEARTACHES[2]
20.750 20.875 54 6 1 SEEM[1]
20.875 21.125 55 7 0 TO[1]
21.125 21.375 65 5 1 HANG[1]
21.375 21.500 64 4 0 AROUND[1]
21.500 21.750 55 7 1 AROUND[2]
22.000 22.125 55 7 1 TOO[1]
22.125 23.500 62 2 1 LONG[1]
23.500 23.750 51 3 0 AND[1]
23.750 24.000 52 4 0 YOUR[1]
24.000 24.125 62 2 1 BLUES[1]
24.125 24.250 62 2 1 KEEP[1]
24.875 25.000 62 2 1 GETTING[1]
25.000 25.125 60 0 0 GETTING[2]
25.125 25.375 62 2 1 BLUER[1]
25.375 25.500 60 0 0 BLUER[2]
25.750 26.000 52 4 0 WITH[1]
26.000 26.250 59 11 0 EACH[1]
26.250 27.500 59 11 1 SONG[1]
27.750 28.000 57 9 0 REMEMBER[1]
28.000 28.125 55 7 1 REMEMBER[2]
28.125 28.250 55 7 0 REMEMBER[3]
28.500 28.625 52 4 1 SUNSHINE[1]
28.625 29.000 53 5 2 SUNSHINE[2]
29.000 29.250 60 0 0 CAN[1]
29.250 29.375 56 8 1 BE[1]
29.375 29.750 53 5 1 FOUND[1]
30.000 30.125 50 2 0 BEHIND[1]
30.125 30.375 52 4 1 BEHIND[2]
30.375 30.500 55 7 0 A[1]
30.500 30.625 59 11 1 CLOUDY[1]
30.625 30.875 64 4 0 CLOUDY[2]
30.875 31.000 64 4 1 SKY[1]
31.250 31.500 57 9 0 SO[1]
31.500 31.625 56 8 1 LET[1]
31.625 31.875 57 9 0 YOUR[1]
31.875 32.125 64 4 1 HAIR[1]
32.125 32.250 64 4 0 DOWN[1]
32.875 33.125 57 9 0 AND[1]
33.125 33.375 64 4 1 GO[1]
33.500 33.750 64 4 0 ON[1]
33.750 34.000 64 4 0 AND[1]
34.000 34.500 60 0 1 CRY[1]
35.500 35.750 67 7 0 IF[1]
35.750 35.875 67 7 0 YOUR[1]
36.000 36.125 67 7 1 HEARTACHES[1]
36.250 36.375 67 7 0 HEARTACHES[2]
36.500 36.625 67 7 1 SEEM[1]
36.750 36.875 67 7 0 TO[1]
37.125 37.250 67 7 1 HANG[1]
37.250 37.375 64 4 0 AROUND[1]
37.375 37.750 67 7 1 AROUND[2]
37.875 38.000 67 7 1 TOO[1]
38.250 38.375 64 4 1 LONG[1]
39.625 39.750 54 6 0 AND[1]
39.750 39.875 55 7 0 YOUR[1]
39.875 40.125 62 2 1 BLUES[1]
40.500 40.750 64 4 1 KEEP[1]
40.750 40.875 64 4 1 GETTING[1]
40.875 41.000 60 0 0 GETTING[2]
41.000 41.125 64 4 1 BLUER[1]
41.125 41.500 59 11 0 BLUER[2]
41.750 41.875 52 4 0 WITH[1]
41.875 42.000 57 9 0 EACH[1]
42.125 42.250 57 9 1 SONG[1]
43.125 43.500 58 10 1 WELL[1]
43.500 43.875 58 10 1 NOW[1]
43.875 44.000 52 4 0 REMEMBER[1]
44.000 44.125 55 7 1 REMEMBER[2]
44.125 44.250 55 7 0 REMEMBER[3]
44.375 44.500 53 5 1 SUNSHINE[1]
44.625 45.000 53 5 2 SUNSHINE[2]
45.125 45.375 64 4 0 CAN[1]
45.375 45.500 60 0 1 BE[1]
45.500 45.625 63 3 1 FOUND[1]
45.750 45.875 60 0 0 BEHIND[1]
45.875 46.000 62 2 1 BEHIND[2]
46.125 46.250 67 7 0 A[1]
46.500 46.625 67 7 1 CLOUDY[1]
46.625 46.750 62 2 0 CLOUDY[2]
46.875 47.000 59 11 1 SKY[1]
47.500 47.625 64 4 0 SO[1]
47.625 47.875 67 7 1 LET[1]
47.875 48.000 64 4 0 YOUR[1]
48.000 48.125 67 7 1 HAIR[1]
48.125 48.250 67 7 0 DOWN[1]
48.875 49.000 57 9 0 AND[1]
49.000 49.125 67 7 1 GO[1]
49.250 49.375 67 7 0 ON[1]
49.500 49.625 67 7 1 BABY[1]
49.625 49.750 62 2 0 BABY[2]
49.750 50.000 63 3 0 AND[1]
50.000 50.125 64 4 1 CRY[1]
