12.500 12.750 53 7 0 WHEN[1]
12.750 12.875 55 9 0 THE[1]
12.875 13.500 65 7 1 DEEP[1]
13.500 13.625 53 7 1 PURPLE[1]
13.625 13.875 55 9 0 PURPLE[2]
13.875 14.500 56 10 1 FALLS[1]
14.500 14.750 53 7 1 OVER[1]
14.750 15.000 54 8 0 OVER[2]
15.000 15.125 55 9 1 SLEEPY[1]
15.125 15.500 60 2 0 SLEEPY[2]
15.500 15.750 63 5 1 GARDEN[1]
15.750 15.875 67 9 0 GARDEN[2]
15.875 16.250 65 7 1 WALLS[1]
16.500 16.625 61 3 0 AND[1]
16.625 16.875 62 4 0 THE[1]
16.875 17.375 60 2 1 STARS[1]
17.375 17.500 58 0 0 BEGIN[1]
17.500 17.750 65 7 1 BEGIN[2]
17.750 18.000 62 4 0 TO[1]
18.000 18.125 60 2 1 FLICKER[1]
18.125 18.375 61 3 0 FLICKER[2]
18.375 18.750 62 4 0 IN[1]
18.750 19.000 67 9 0 THE[1]
19.000 20.000 55 9 1 SKY[1]
20.500 20.625 54 8 0 THROUGH[1]
20.625 20.875 55 9 0 THE[1]
20.875 21.500 65 7 1 MIST[1]
21.500 21.625 64 6 0 OF[1]
21.625 21.875 63 5 0 A[1]
21.875 22.125 62 4 1 MEMORY[1]
22.125 22.375 61 3 0 MEMORY[2]
22.375 22.750 60 2 0 MEMORY[3]
23.000 23.500 60 2 0 YOU[1]
23.500 23.625 59 1 1 WANDER[1]
23.625 23.875 58 0 0 WANDER[2]
23.875 24.250 57 11 1 BACK[1]
24.250 24.375 56 10 0 TO[1]
24.375 24.750 55 9 0 ME[1]
25.000 25.500 55 9 1 BREATHING[1]
25.500 25.625 54 8 0 BREATHING[2]
25.625 25.875 53 7 0 MY[1]
25.875 26.375 60 2 1 NAME[1]
26.375 26.625 61 3 0 WITH[1]
26.625 26.875 67 9 0 A[1]
26.875 28.000 62 4 1 SIGH[1]
28.500 28.750 53 7 0 IN[1]
28.750 28.875 55 9 0 THE[1]
28.875 29.500 65 7 1 STILL[1]
29.500 29.625 53 7 0 OF[1]
29.625 29.875 55 9 0 THE[1]
29.875 30.250 56 10 1 NIGHT[1]
30.500 30.750 53 7 0 ONCE[1]
30.750 30.875 54 8 0 AGAIN[1]
30.875 31.125 55 9 1 AGAIN[2]
31.125 31.375 60 2 0 I[1]
31.375 31.750 63 5 1 HOLD[1]
31.750 31.875 67 9 0 YOU[1]
31.875 32.250 65 7 1 TIGHT[1]
32.500 32.625 61 3 0 THOUGH[1]
32.625 32.875 62 4 1 YOU'RE[1]
32.875 33.250 60 2 1 GONE[1]
33.250 33.375 58 0 0 YOUR[1]
33.375 33.625 65 7 1 LOVE[1]
33.625 33.875 62 4 1 LIVES[1]
33.875 34.250 60 2 0 ON[1]
34.250 34.500 61 3 0 WHEN[1]
34.500 34.625 62 4 1 MOONLIGHT[1]
34.625 35.000 67 9 2 MOONLIGHT[2]
35.000 36.250 55 9 1 BEAMS[1]
36.500 36.625 54 8 0 AND[1]
36.625 36.875 55 9 0 AS[1]
36.875 37.500 65 7 1 LONG[1]
37.500 37.750 64 6 0 AS[1]
37.750 38.000 63 5 0 MY[1]
38.000 38.250 62 4 1 HEART[1]
38.250 38.375 61 3 0 WILL[1]
38.375 38.750 60 2 1 BEAT[1]
39.000 39.375 60 2 1 LOVER[1]
39.375 39.750 59 1 0 LOVER[2]
39.750 39.875 58 0 1 WE'LL[1]
39.875 40.312 57 11 1 ALWAYS[1]
40.312 40.500 56 10 2 ALWAYS[2]
40.500 40.750 55 9 1 MEET[1]
41.000 41.500 55 9 1 HERE[1]
41.500 41.625 54 8 0 IN[1]
41.625 42.125 53 7 0 MY[1]
42.125 42.375 48 2 1 DEEP[1]
42.375 42.562 49 3 1 PURPLE[1]
42.562 43.000 50 4 0 PURPLE[2]
43.000 63.000 46 0 1 DREAMS[1]
63.500 63.625 41 7 0 IN[1]
63.625 63.875 43 9 0 THE[1]
63.875 64.625 53 7 1 STILL[1]
64.625 64.750 41 7 0 OF[1]
64.750 64.875 43 9 0 THE[1]
64.875 65.250 44 10 1 NIGHT[1]
65.500 65.667 41 7 0 ONCE[1]
65.667 65.833 42 8 0 AGAIN[1]
65.833 66.250 43 9 1 AGAIN[2]
66.250 66.375 48 2 0 I[1]
66.375 66.750 51 5 1 HOLD[1]
66.750 66.875 55 9 0 YOU[1]
66.875 67.250 53 7 1 TIGHT[1]
67.500 67.625 49 3 0 THOUGH[1]
67.625 67.875 50 4 1 YOU'RE[1]
67.875 68.375 60 2 1 GONE[1]
68.375 68.500 58 0 0 YOUR[1]
68.500 68.625 53 7 1 LOVE[1]
68.625 68.875 50 4 1 LIVES[1]
68.875 69.000 46 0 0 ON[1]
69.250 69.375 49 3 0 WHEN[1]
69.375 69.625 50 4 1 MOONLIGHT[1]
69.625 70.000 55 9 2 MOONLIGHT[2]
70.125 71.250 43 9 1 BEAMS[1]
71.500 71.625 42 8 0 AND[1]
71.625 71.875 43 9 0 AS[1]
71.875 72.375 53 7 1 LONG[1]
72.375 72.625 52 6 0 AS[1]
72.625 72.875 51 5 0 MY[1]
72.875 73.125 50 4 1 HEART[1]
73.125 73.375 49 3 0 WILL[1]
73.375 73.750 48 2 1 BEAT[1]
74.000 74.375 48 2 1 LOVER[1]
74.375 74.750 47 1 0 LOVER[2]
74.750 74.875 46 0 1 WE'LL[1]
74.875 75.250 45 11 1 ALWAYS[1]
75.250 75.500 44 10 2 ALWAYS[2]
75.500 75.750 43 9 1 MEET[1]
75.875 76.500 43 9 1 HERE[1]
76.500 76.625 42 8 0 IN[1]
76.625 77.000 41 7 0 MY[1]
77.125 77.500 36 2 1 DEEP[1]
77.500 77.625 37 3 1 PURPLE[1]
77.625 77.875 38 4 0 PURPLE[2]
77.875 80.000 41 7 1 DREAMS[1]
