4.250 4.312 65 4 1 LOOK[1]
4.312 4.375 66 5 1 INTO[1]
4.375 4.438 65 4 0 INTO[2]
4.438 4.500 63 2 0 MY[1]
4.500 4.562 63 2 1 EYES[1]
5.250 5.438 63 2 0 YOU[1]
5.438 5.500 61 0 0 WILL[1]
5.500 5.562 58 9 1 SEE[1]
6.000 6.375 58 9 0 WHAT[1]
6.375 6.500 60 11 0 YOU[1]
6.500 6.750 61 0 1 MEAN[1]
6.750 6.812 65 4 0 TO[1]
7.000 7.250 63 2 0 ME[1]
7.750 7.938 65 4 1 SEARCH[1]
7.938 8.000 66 5 0 YOUR[1]
8.000 8.062 63 2 1 HEART[1]
8.750 8.938 63 2 1 SEARCH[1]
9.000 9.062 60 11 0 YOUR[1]
9.812 9.875 56 7 1 SOUL[1]
9.875 9.938 56 7 0 AND[1]
9.938 10.000 56 7 0 WHEN[1]
10.000 10.250 58 9 0 YOU[1]
10.250 10.500 60 11 1 FIND[1]
10.500 10.625 61 0 0 ME[1]
10.750 11.000 66 5 1 THERE[1]
11.000 11.062 65 4 1 YOU'LL[1]
11.375 11.500 63 2 1 SEARCH[1]
11.500 11.750 63 2 0 NO[1]
11.875 12.000 65 4 0 MORE[1]
12.000 12.250 66 5 1 DON'T[1]
12.250 12.438 66 5 1 TELL[1]
12.438 12.500 63 2 0 ME[1]
12.500 12.625 66 5 1 IT'S[1]
12.625 12.750 70 9 1 NOT[1]
12.750 12.875 68 7 1 WORTH[1]
12.875 13.000 65 4 1 TRYIN'[1]
13.000 13.250 63 2 0 TRYIN'[2]
13.812 13.875 63 2 0 FOR[1]
13.875 14.000 65 4 0 YOU[1]
14.000 14.250 66 5 1 CAN'T[1]
14.250 14.438 66 5 1 TELL[1]
14.438 14.500 63 2 0 ME[1]
14.500 14.625 66 5 1 IT'S[1]
14.625 14.750 70 9 1 NOT[1]
14.750 14.875 68 7 1 WORTH[1]
14.875 15.000 65 4 1 DYIN'[1]
15.000 15.250 63 2 0 FOR[1]
15.688 15.750 61 0 0 YOU[1]
15.750 15.875 65 4 1 KNOW[1]
15.875 15.938 66 5 1 IT'S[1]
15.938 16.000 63 2 1 TRUE[1]
16.750 16.812 66 5 1 EVERYTHING[1]
16.812 16.875 68 7 0 EVERYTHING[2]
16.875 16.938 66 5 2 EVERYTHING[3]
16.938 17.000 65 4 0 I[1]
17.062 17.500 63 2 1 DO[1]
17.688 17.750 56 7 0 I[1]
17.750 17.875 65 4 1 DO[1]
17.875 17.938 65 4 0 IT[1]
17.938 18.000 63 2 0 FOR[1]
18.125 18.500 63 2 0 YOU[1]
20.250 20.312 65 4 1 LOOK[1]
20.312 20.375 66 5 1 INTO[1]
20.375 20.438 65 4 0 INTO[2]
20.438 20.500 63 2 0 YOUR[1]
20.500 20.562 63 2 1 HEART[1]
21.250 21.438 63 2 0 YOU[1]
21.438 21.500 61 0 0 WILL[1]
21.500 21.562 58 9 1 FIND[1]
22.000 22.375 58 9 1 THERE'S[1]
22.375 22.500 60 11 1 NOTHIN'[1]
22.500 22.750 61 0 0 NOTHIN'[2]
22.750 22.938 66 5 1 THERE[1]
22.938 23.000 65 4 0 TO[1]
23.750 23.812 65 4 1 HIDE[1]
23.812 23.875 66 5 1 TAKE[1]
23.875 23.938 65 4 0 ME[1]
23.938 24.000 63 2 0 AS[1]
24.000 24.062 63 2 0 I[1]
24.625 24.875 56 7 1 AM[1]
24.875 25.000 53 4 1 TAKE[1]
25.000 25.062 53 4 0 MY[1]
25.875 25.938 44 7 1 LIFE[1]
25.938 26.000 44 7 0 I[1]
26.000 26.250 46 9 0 WOULD[1]
26.250 26.500 48 11 1 GIVE[1]
26.500 26.625 49 0 0 IT[1]
26.750 26.875 58 9 0 ALL[1]
26.875 27.000 54 5 0 I[1]
27.000 27.188 53 4 0 WOULD[1]
27.375 27.500 51 2 1 SACRIFICE[1]
27.500 27.750 51 2 0 SACRIFICE[2]
27.875 28.000 53 4 2 SACRIFICE[3]
28.000 28.250 54 5 1 DON'T[1]
28.250 28.438 54 5 1 TELL[1]
28.438 28.500 51 2 0 ME[1]
28.500 28.625 54 5 1 IT'S[1]
28.625 28.750 58 9 1 NOT[1]
28.750 28.875 56 7 1 WORTH[1]
28.875 29.000 53 4 1 FIGHTIN'[1]
29.000 29.250 51 2 0 FIGHTIN'[2]
29.812 29.875 51 2 0 FOR[1]
29.875 30.000 53 4 0 I[1]
30.000 30.250 54 5 1 CAN'T[1]
30.250 30.438 54 5 1 HELP[1]
30.438 30.500 51 2 0 IT[1]
30.500 30.625 54 5 1 THERE'S[1]
30.625 30.750 58 9 1 NOTHIN'[1]
30.750 30.875 56 7 0 NOTHIN'[2]
30.875 31.000 53 4 0 I[1]
31.000 31.250 51 2 1 WANT[1]
31.688 31.750 49 0 0 MORE[1]
31.750 31.875 53 4 0 YOU[1]
31.875 31.938 54 5 1 KNOW[1]
31.938 32.000 51 2 1 IT'S[1]
32.750 32.812 54 5 1 TRUE[1]
32.812 32.875 56 7 1 EVERYTHING[1]
32.875 32.938 54 5 0 EVERYTHING[2]
32.938 33.000 53 4 2 EVERYTHING[3]
33.062 33.500 51 2 0 I[1]
33.688 33.750 44 7 1 DO[1]
33.750 33.875 53 4 0 I[1]
33.875 33.938 53 4 1 DO[1]
33.938 34.000 51 2 0 IT[1]
34.125 34.500 51 2 0 FOR[1]
35.750 36.000 49 0 0 YOU[1]
36.000 36.250 51 4 1 THERE'S[1]
36.250 36.312 51 4 0 NO[1]
36.750 37.000 51 4 1 LOVE[1]
37.000 37.250 52 5 0 LIKE[1]
37.250 37.312 52 5 0 YOUR[1]
37.750 37.875 52 5 1 LOVE[1]
37.875 38.000 54 7 0 AND[1]
38.000 38.062 54 7 0 NO[1]
38.250 38.500 51 4 1 OTHER[1]
38.750 38.875 51 4 0 OTHER[2]
38.875 39.000 54 7 0 COULD[1]
39.000 39.062 54 7 1 GIVE[1]
39.250 39.500 49 2 0 MORE[1]
39.750 40.000 54 7 1 LOVE[1]
40.000 40.062 54 5 1 THERE'S[1]
40.250 40.312 53 4 1 NOWHERE[1]
40.750 40.875 53 4 2 NOWHERE[2]
40.875 41.000 56 7 0 UNLESS[1]
41.000 41.062 56 7 1 UNLESS[2]
41.250 41.500 51 2 1 YOU'RE[1]
41.750 42.000 56 7 1 THERE[1]
42.000 42.125 56 7 0 ALL[1]
42.750 42.938 46 9 0 THE[1]
42.938 43.000 48 11 1 TIME[1]
43.000 43.125 46 9 0 ALL[1]
51.500 51.750 44 7 0 THE[1]
51.750 51.812 44 7 1 WAY[1]
51.812 52.000 44 7 1 YEAH[1]
52.000 52.250 42 5 1 LOOK[1]
52.250 52.438 42 5 1 INTO[1]
52.438 52.500 39 2 0 INTO[2]
52.500 52.625 42 5 0 YOUR[1]
52.625 52.750 46 9 1 HEART[1]
52.750 52.875 44 7 1 BABY[1]
52.875 53.000 41 4 0 BABY[2]
53.000 53.250 39 2 1 OH[1]
53.750 53.812 44 7 0 YOU[1]
53.812 54.000 44 7 1 CAN'T[1]
54.000 54.062 46 9 1 TELL[1]
54.188 54.250 42 5 0 ME[1]
54.438 54.500 39 2 1 IT'S[1]
54.500 54.625 34 9 1 NOT[1]
54.625 54.750 32 7 1 WORTH[1]
54.750 54.875 32 7 1 TRYIN'[1]
54.875 55.000 29 4 0 TRYIN'[2]
55.000 55.312 27 2 0 FOR[1]
55.688 55.875 30 5 0 I[1]
55.875 56.000 30 5 1 CAN'T[1]
56.000 56.062 30 5 1 HELP[1]
56.250 56.375 29 4 0 IT[1]
56.375 56.500 29 4 1 THERE'S[1]
56.875 57.000 32 7 1 NOTHIN'[1]
57.000 57.062 32 7 0 NOTHIN'[2]
57.250 57.375 27 2 0 I[1]
57.375 57.500 27 2 1 WANT[1]
57.750 57.938 32 7 0 MORE[1]
57.938 58.000 34 9 1 YEAH[1]
58.000 58.250 32 7 0 I[1]
58.250 58.375 30 5 0 WOULD[1]
58.375 58.500 30 5 1 FIGHT[1]
58.688 58.875 32 7 0 FOR[1]
58.875 59.000 30 5 0 YOU[1]
59.000 59.167 30 5 0 I[1]
59.167 59.333 32 7 1 LIE[1]
59.333 59.500 33 8 0 FOR[1]
60.812 60.875 25 0 0 YOU[1]
60.875 60.938 32 7 1 WALK[1]
60.938 61.000 30 5 0 THE[1]
61.000 61.062 27 2 1 WIRE[1]
61.750 61.812 30 5 0 WIRE[2]
61.812 61.875 32 7 0 FOR[1]
61.875 61.938 30 5 0 YOU[1]
61.938 62.000 29 4 1 YEAH[1]
62.062 62.250 27 2 1 I'D[1]
62.750 62.875 29 4 1 DIE[1]
63.688 63.750 20 7 0 FOR[1]
63.750 63.812 29 4 0 YOU[1]
63.812 63.938 29 4 0 YOU[1]
63.938 64.000 27 2 1 KNOW[1]
64.125 64.500 27 2 1 IT'S[1]
 1 TRUE[1]
