7.250 7.375 61 4 1 EVERY(1)[1]
7.375 7.500 62 5 0 EVERY(1)[2]
7.500 7.750 61 4 1 BREATH[1]
7.750 7.812 59 2 0 YOU[1]
8.125 8.500 57 0 1 TAKE[1]
9.125 9.250 54 9 0 AND[1]
9.250 9.375 61 4 1 EVERY(1)[1]
9.375 9.500 62 5 0 EVERY(1)[2]
9.500 9.750 61 4 1 MOVE[1]
9.750 9.875 59 2 0 YOU[1]
10.000 10.250 57 0 1 MAKE[1]
11.125 11.250 57 0 1 EVERY(1)[1]
11.250 11.375 57 0 0 EVERY(1)[2]
11.375 11.625 61 4 1 BOND[1]
11.625 11.875 62 5 0 YOU[1]
11.875 12.000 57 0 1 BREAK[1]
12.125 12.250 57 0 1 EVERY(1)[1]
12.250 12.375 57 0 0 EVERY(1)[2]
12.375 12.500 62 5 1 STEP[1]
12.625 12.875 61 4 0 YOU[1]
12.875 13.000 59 2 1 TAKE[1]
13.125 13.250 59 2 1 I'LL[1]
13.250 13.375 57 0 1 BE[1]
13.375 13.500 61 4 1 WATCHING[1]
13.500 13.750 57 0 0 WATCHING[2]
13.750 13.875 57 0 0 YOU[1]
15.250 15.375 61 4 1 EVERY(1)[1]
15.375 15.500 62 5 0 EVERY(1)[2]
15.500 15.750 61 4 1 SINGLE[1]
15.750 15.812 59 2 0 SINGLE[2]
16.062 16.125 59 2 1 DAY[1]
17.125 17.250 54 9 0 AND[1]
17.250 17.375 61 4 1 EVERY(1)[1]
17.375 17.500 62 5 0 EVERY(1)[2]
17.500 17.750 61 4 1 WORD[1]
17.750 17.812 59 2 0 YOU[1]
18.000 19.000 57 0 1 SAY[1]
19.125 19.250 57 0 1 EVERY(1)[1]
19.250 19.375 57 0 0 EVERY(1)[2]
19.375 19.625 61 4 1 GAME[1]
19.625 19.875 62 5 0 YOU[1]
19.875 20.000 57 0 1 PLAY[1]
20.125 20.250 57 0 1 EVERY(1)[1]
20.250 20.375 57 0 0 EVERY(1)[2]
20.375 20.625 62 5 1 NIGHT[1]
20.625 20.875 61 4 0 YOU[1]
20.875 21.000 59 2 1 STAY[1]
21.125 21.250 59 2 1 I'LL[1]
21.250 21.375 57 0 1 BE[1]
21.375 21.500 61 4 1 WATCHING[1]
21.500 21.750 57 0 0 WATCHING[2]
21.750 21.875 52 7 0 YOU[1]
23.250 23.500 57 0 1 OH[1]
23.500 23.750 61 4 1 CAN'T[1]
23.750 23.812 64 7 0 YOU[1]
24.062 24.125 64 7 1 SEE[1]
25.250 25.375 66 9 0 YOU[1]
25.375 25.500 66 9 0 BELONG[1]
25.500 25.875 64 7 1 BELONG[2]
25.875 25.938 59 2 0 TO[1]
26.062 26.125 59 2 0 ME[1]
27.250 27.375 69 0 1 HOW[1]
27.375 27.500 66 9 0 MY[1]
27.500 27.750 69 0 1 POOR[1]
27.750 27.812 69 0 1 HEART[1]
28.125 28.188 69 0 1 ACHES[1]
29.125 29.250 75 6 0 WITH[1]
29.250 29.375 83 2 1 EVERY(1)[1]
29.375 29.500 83 2 0 EVERY(1)[2]
29.500 29.625 79 10 1 STEP[1]
29.875 30.125 76 7 0 YOU[1]
30.125 30.500 76 7 1 TAKE[1]
31.250 31.375 73 4 1 EVERY(1)[1]
31.375 31.500 74 5 0 EVERY(1)[2]
31.500 31.750 73 4 1 MOVE[1]
31.750 31.812 71 2 0 YOU[1]
32.125 32.500 69 0 1 MAKE[1]
33.125 33.250 69 0 0 AND[1]
33.250 33.375 73 4 1 EVERY(1)[1]
33.375 33.500 74 5 0 EVERY(1)[2]
33.500 33.750 73 4 1 VOW[1]
33.750 33.875 71 2 0 YOU[1]
34.125 34.250 69 0 1 BREAK[1]
35.125 35.250 69 0 1 EVERY(1)[1]
35.250 35.375 69 0 0 EVERY(1)[2]
35.375 35.625 73 4 1 SMILE[1]
35.625 35.875 74 5 0 YOU[1]
35.875 36.000 69 0 1 FAKE[1]
36.125 36.250 69 0 1 EVERY(1)[1]
36.250 36.375 69 0 0 EVERY(1)[2]
36.375 36.625 74 5 1 CLAIM[1]
36.625 36.875 73 4 0 YOU[1]
36.875 37.000 71 2 1 STAKE[1]
37.125 37.250 71 2 1 I'LL[1]
37.250 37.375 69 0 1 BE[1]
37.375 37.500 73 4 1 WATCHING[1]
37.500 37.750 69 0 0 WATCHING[2]
37.750 40.000 64 7 0 YOU[1]
40.125 40.250 81 0 0 SINCE[1]
40.250 40.375 81 0 1 YOU'VE[1]
40.375 40.500 81 0 1 GONE[1]
40.625 40.750 79 10 1 I'VE[1]
40.750 40.875 79 10 1 BEEN[1]
40.875 41.000 79 10 1 LOST[1]
41.125 41.375 79 10 0 WITHOUT[1]
41.375 41.625 81 0 1 WITHOUT[2]
41.625 41.875 79 10 0 A[1]
41.875 42.000 79 10 1 TRACE[1]
42.125 42.250 74 5 0 I[1]
42.250 42.375 79 10 1 DREAM[1]
42.375 42.500 79 10 0 AT[1]
42.500 42.625 79 10 1 NIGHT[1]
42.625 42.750 76 7 0 I[1]
42.750 42.875 74 5 0 CAN[1]
42.875 43.125 79 10 1 ONLY[1]
43.125 43.250 74 5 0 ONLY[2]
43.375 43.625 79 10 1 SEE[1]
43.625 43.875 79 10 0 YOUR[1]
43.875 44.000 79 10 1 FACE[1]
44.125 44.250 72 3 0 I[1]
44.250 44.375 79 10 1 LOOK[1]
44.375 44.500 79 10 0 AROUND[1]
44.500 44.750 79 10 1 AROUND[2]
44.750 44.875 79 10 0 BUT[1]
44.875 45.000 79 10 1 IT'S[1]
45.000 45.125 79 10 0 YOU[1]
45.125 45.375 79 10 0 I[1]
45.375 45.750 81 0 1 CAN'T[1]
45.750 45.875 76 7 2 REPLACE[1]
45.875 46.000 76 7 1 REPLACE[2]
46.125 46.250 74 5 0 I[1]
46.250 46.375 79 10 1 FEEL[1]
46.375 46.500 76 7 0 SO[1]
46.500 46.750 79 10 1 COLD[1]
46.750 46.875 76 7 0 AND[1]
46.875 47.000 74 5 0 I[1]
47.000 47.250 79 10 1 LONG[1]
47.250 47.375 76 7 0 FOR[1]
47.375 47.500 79 10 0 YOUR[1]
47.625 47.875 79 10 0 EMBRACE[1]
47.875 48.000 79 10 1 EMBRACE[2]
48.125 48.250 72 3 0 I[1]
48.250 48.375 79 10 1 KEEP[1]
48.500 48.750 79 10 1 CRYING[1]
48.750 48.875 74 5 0 CRYING[2]
48.875 49.125 79 10 1 BABY[1]
49.125 49.250 74 5 0 BABY[2]
49.375 49.625 79 10 1 BABY[1]
49.625 49.750 74 5 0 BABY[2]
49.875 65.000 79 10 1 PLEASE[1]
65.250 65.500 81 0 1 OH[1]
65.500 65.750 85 4 1 CAN'T[1]
65.750 65.812 88 7 0 YOU[1]
66.062 66.125 88 7 1 SEE[1]
67.250 67.375 90 9 0 YOU[1]
67.375 67.500 90 9 0 BELONG[1]
67.500 67.875 88 7 1 BELONG[2]
67.875 67.938 83 2 0 TO[1]
68.062 68.125 83 2 0 ME[1]
69.250 69.375 93 0 1 HOW[1]
69.375 69.500 90 9 0 MY[1]
69.500 69.750 93 0 1 POOR[1]
69.750 69.812 93 0 1 HEART[1]
70.125 70.188 93 0 1 ACHES[1]
71.125 71.250 99 6 0 WITH[1]
71.250 71.375 107 2 1 EVERY(1)[1]
71.375 71.500 107 2 0 EVERY(1)[2]
71.500 71.625 103 10 1 STEP[1]
71.875 72.125 100 7 0 YOU[1]
72.125 72.500 100 7 1 TAKE[1]
73.250 73.375 97 4 1 EVERY(1)[1]
73.375 73.500 98 5 0 EVERY(1)[2]
73.500 73.750 97 4 1 MOVE[1]
73.750 73.812 95 2 0 YOU[1]
74.062 74.125 95 2 1 MAKE[1]
75.125 75.250 90 9 0 AND[1]
75.250 75.375 97 4 1 EVERY(1)[1]
75.375 75.500 98 5 0 EVERY(1)[2]
75.500 75.750 97 4 1 VOW[1]
75.750 75.812 95 2 0 YOU[1]
76.000 76.250 93 0 1 BREAK[1]
77.125 77.250 93 0 1 EVERY(1)[1]
77.250 77.375 93 0 0 EVERY(1)[2]
77.375 77.625 97 4 1 SMILE[1]
77.625 77.875 98 5 0 YOU[1]
77.875 78.000 93 0 1 FAKE[1]
78.125 78.250 93 0 1 EVERY(1)[1]
78.250 78.375 93 0 0 EVERY(1)[2]
78.375 78.625 98 5 1 CLAIM[1]
78.625 78.875 97 4 0 YOU[1]
78.875 79.000 95 2 1 STAKE[1]
79.125 79.250 95 2 1 I'LL[1]
79.250 79.375 93 0 1 BE[1]
79.375 79.500 97 4 1 WATCHING[1]
79.500 79.750 93 0 0 WATCHING[2]
79.750 80.000 88 7 0 YOU[1]
81.125 81.250 93 0 1 EVERY(1)[1]
81.250 81.375 93 0 0 EVERY(1)[2]
81.375 81.625 97 4 1 MOVE[1]
81.625 81.875 98 5 0 YOU[1]
81.875 82.000 93 0 1 MAKE[1]
82.125 82.250 93 0 1 EVERY(1)[1]
82.250 82.375 93 0 0 EVERY(1)[2]
82.375 82.500 98 5 1 STEP[1]
82.625 82.875 97 4 0 YOU[1]
82.875 83.000 95 2 1 TAKE[1]
83.125 83.250 95 2 1 I'LL[1]
83.250 83.375 93 0 1 BE[1]
83.375 83.500 97 4 1 WATCHING[1]
83.500 83.750 93 0 0 WATCHING[2]
83.750 87.000 88 7 0 YOU[1]
87.250 87.375 85 4 1 I'LL[1]
87.375 87.500 86 5 1 BE[1]
87.500 87.750 85 4 1 WATCHING[1]
87.750 87.875 83 2 0 WATCHING[2]
88.125 88.500 81 0 0 YOU[1]
91.250 91.375 85 4 1 I'LL[1]
91.375 91.500 86 5 1 BE[1]
91.500 91.750 85 4 1 WATCHING[1]
91.750 91.875 83 2 0 WATCHING[2]
92.125 92.500 81 0 0 YOU[1]
95.250 95.375 85 4 1 I'LL[1]
95.375 95.500 86 5 1 BE[1]
95.500 95.750 85 4 1 WATCHING[1]
95.750 95.875 83 2 0 WATCHING[2]
96.125 96.500 81 0 0 YOU[1]
99.250 99.375 85 4 1 I'LL[1]
99.375 99.500 86 5 1 BE[1]
99.500 99.750 85 4 1 WATCHING[1]
99.750 99.875 83 2 0 WATCHING[2]
100.125 100.500 81 0 0 YOU[1]
103.250 103.375 85 4 1 I'LL[1]
103.375 103.500 86 5 1 BE[1]
103.500 103.750 85 4 1 WATCHING[1]
103.750 103.875 83 2 0 WATCHING[2]
104.125 104.500 81 0 0 YOU[1]
107.250 107.375 85 4 1 I'LL[1]
107.375 107.500 86 5 1 BE[1]
107.500 107.750 85 4 1 WATCHING[1]
107.750 107.875 83 2 0 WATCHING[2]
108.125 108.500 81 0 0 YOU[1]
