3.1250 3.3750 54 7 1 WELL[1]
3.3750 3.5000 54 7 0 I[1]
3.5000 3.6250 56 9 1 GUESS[1]
3.6250 3.7500 59 0 0 IT[1]
3.7500 3.8750 59 0 0 WOULD[1]
3.8750 4.0000 56 9 1 BE[1]
4.0000 4.1250 61 2 1 NICE[1]
5.2500 5.3750 63 4 0 IF[1]
5.3750 5.7500 61 2 0 I[1]
5.7500 6.0000 59 0 0 COULD[1]
6.0000 6.2500 61 2 1 TOUCH[1]
6.2500 6.3750 63 4 0 YOUR[1]
6.3750 6.7500 61 2 1 BODY[1]
6.7500 7.0000 59 0 0 BODY[2]
7.2500 7.5000 63 4 0 I[1]
7.5000 7.7500 61 2 1 KNOW[1]
7.7500 8.0000 59 0 1 NOT[1]
8.0000 8.2500 61 2 1 EVERYBODY[1]
8.2500 8.3750 63 4 0 EVERYBODY[2]
8.3750 8.7500 61 2 2 EVERYBODY[3]
8.7500 9.0000 59 0 0 EVERYBODY[4]
9.1250 9.2500 56 9 1 HAS[1]
9.2500 9.3750 59 0 1 GOT[1]
9.3750 9.5000 56 9 0 A[1]
9.5000 9.6250 59 0 1 BODY[1]
9.6250 9.7500 56 9 0 BODY[2]
9.7500 10.0000 59 0 0 LIKE[1]
10.0000 10.1250 59 0 0 YOU[1]
11.2500 11.3750 54 7 0 BUT[1]
11.3750 11.5000 54 7 0 I[1]
11.5000 11.6250 56 9 1 GOTTA[1]
11.6250 11.7500 59 0 0 GOTTA[2]
11.7500 12.0000 59 0 1 THINK[1]
12.0000 12.1250 61 2 1 TWICE[1]
13.2500 13.3750 63 4 0 BEFORE[1]
13.3750 13.7500 61 2 1 BEFORE[2]
13.7500 14.0000 59 0 0 I[1]
14.0000 14.2500 61 2 1 GIVE[1]
14.2500 14.3750 63 4 0 MY[1]
14.3750 14.6250 61 2 1 HEART[1]
14.6250 14.7500 61 2 0 AWAY[1]
14.7500 15.0000 59 0 1 AWAY[2]
15.2500 15.5000 63 4 0 AND[1]
15.5000 15.7500 61 2 0 I[1]
15.7500 16.0000 59 0 1 KNOW[1]
16.0000 16.2500 61 2 0 ALL[1]
16.2500 16.3750 63 4 0 THE[1]
16.3750 16.6250 61 2 1 GAMES[1]
16.6250 16.7500 61 2 0 YOU[1]
16.7500 17.0000 59 0 1 PLAY[1]
17.1250 17.2500 56 9 0 BECAUSE[1]
17.2500 17.3750 59 0 1 BECAUSE[2]
17.3750 17.5000 56 9 0 I[1]
17.5000 17.7500 59 0 1 PLAYED[1]
17.7500 18.0000 63 4 0 THEM[1]
18.0000 18.1250 61 2 1 TOO[1]
19.0000 19.1250 61 2 1 OH[1]
19.5000 19.6250 61 2 0 BUT[1]
19.6250 19.7500 59 0 0 I[1]
20.0000 20.3750 56 9 1 NEED[1]
20.3750 20.7500 59 0 0 SOME[1]
20.7500 21.2500 61 2 1 TIME[1]
21.2500 21.7500 59 0 0 OFF[1]
21.7500 22.0000 56 9 0 FROM[1]
22.0000 22.3750 63 4 0 THAT[1]
22.3750 22.7500 63 4 0 EMOTION[1]
22.7500 22.8750 63 4 1 EMOTION[2]
23.2500 23.5000 61 2 0 EMOTION[3]
24.0000 24.2500 56 9 1 TIME[1]
24.2500 24.3750 59 0 0 TO[1]
24.3750 24.6250 59 0 1 PICK[1]
24.6250 24.8750 59 0 0 MY[1]
24.8750 25.1250 61 2 1 HEART[1]
25.1250 25.3750 59 0 0 UP[1]
25.3750 25.6250 59 0 0 OFF[1]
25.6250 25.7500 56 9 0 THE[1]
25.7500 26.2500 63 4 1 FLOOR[1]
27.2500 27.5000 63 4 1 OH[1]
27.5000 27.7500 61 2 0 WHEN[1]
27.7500 28.0000 59 0 0 THAT[1]
28.0000 28.3750 56 9 1 LOVE[1]
28.3750 28.7500 59 0 1 COMES[1]
28.7500 29.2500 61 2 0 DOWN[1]
29.2500 29.7500 59 0 0 WITHOUT[1]
30.0000 30.3750 66 7 1 WITHOUT[2]
30.3750 30.7500 68 9 0 DEVOTION[1]
30.7500 30.8750 62 3 1 DEVOTION[2]
31.2500 31.5000 59 0 0 DEVOTION[3]
31.7500 31.8750 56 9 1 WELL[1]
31.8750 32.0000 59 0 0 IT[1]
32.0000 32.2500 64 5 1 TAKES[1]
32.2500 32.3750 63 4 0 A[1]
32.3750 32.5000 63 4 1 STRONG[1]
32.6250 32.8750 61 2 1 MAN[1]
32.8750 33.1250 63 4 1 BABY[1]
33.1250 33.5000 63 4 0 BABY[2]
33.5000 33.6250 61 2 0 BUT[1]
33.6250 33.7500 59 0 1 I'M[1]
34.0000 34.1250 61 2 1 SHOWIN'[1]
34.1250 34.2500 59 0 0 SHOWIN'[2]
34.3750 34.5000 61 2 0 YOU[1]
34.6250 34.7500 59 0 0 THE[1]
34.7500 35.0000 63 4 1 DOOR[1]
35.2500 35.3750 54 7 0 'CAUSE[1]
35.3750 35.5000 54 7 0 I[1]
35.5000 35.6250 56 9 1 GOTTA[1]
35.6250 35.7500 59 0 0 GOTTA[2]
35.7500 36.0000 59 0 1 HAVE[1]
36.0000 36.2500 59 0 1 FAITH[1]
37.2500 37.5000 63 4 0 I[1]
37.5000 37.6250 61 2 1 GOTTA[1]
37.6250 37.7500 59 0 0 GOTTA[2]
37.7500 38.2500 59 0 1 HAVE[1]
38.2500 38.5000 61 2 1 FAITH[1]
39.1250 39.2500 59 0 0 BECAUSE[1]
39.2500 39.3750 54 7 1 BECAUSE[2]
39.3750 39.5000 54 7 0 I[1]
39.5000 39.6250 56 9 1 GOTTA[1]
39.6250 39.7500 59 0 0 GOTTA[2]
39.7500 40.0000 59 0 1 HAVE[1]
40.0000 40.2500 59 0 1 FAITH[1]
40.3750 40.5000 59 0 1 FAITH[1]
41.2500 41.5000 63 4 0 I[1]
41.5000 41.6250 61 2 1 GOT[1]
41.6250 41.7500 59 0 0 TO[1]
41.7500 42.0000 59 0 1 HAVE[1]
42.0000 42.2500 59 0 1 FAITH[1]
42.3750 42.5000 59 0 1 FAITH[1]
42.7500 43.0000 59 0 1 FAITH[1]
43.7500 44.0000 66 7 1 BABY[1]
44.0000 44.1250 61 2 0 BABY[2]
45.2500 45.5000 63 4 0 I[1]
45.5000 45.7500 61 2 1 KNOW[1]
45.7500 46.0000 59 0 1 YOU'RE[1]
46.0000 46.2500 61 2 1 ASKIN'[1]
46.2500 46.3750 63 4 0 ASKIN'[2]
46.3750 46.6250 61 2 0 ME[1]
46.6250 46.7500 61 2 0 TO[1]
46.7500 47.0000 59 0 1 STAY[1]
47.2500 47.5000 63 4 1 SAY[1]
47.5000 47.7500 61 2 1 PLEASE[1]
47.7500 48.0000 59 0 1 PLEASE[1]
48.0000 48.2500 61 2 1 PLEASE[1]
48.2500 48.3750 63 4 1 DON'T[1]
48.3750 48.6250 61 2 1 GO[1]
48.6250 48.7500 61 2 0 AWAY[1]
48.7500 49.0000 59 0 1 AWAY[2]
49.1250 49.2500 56 9 0 YOU[1]
49.2500 49.3750 59 0 1 SAY[1]
49.3750 49.5000 56 9 1 I'M[1]
49.5000 49.6250 59 0 1 GIVIN'[1]
49.6250 49.7500 56 9 0 GIVIN'[2]
49.7500 49.8750 59 0 0 YOU[1]
49.8750 50.0000 56 9 0 THE[1]
50.0000 50.1250 59 0 1 BLUES[1]
51.0000 51.7500 66 7 1 MAYBE[1]
51.7500 52.0000 63 4 0 MAYBE[2]
53.2500 53.5000 63 4 0 YOU[1]
53.5000 53.7500 61 2 1 MEAN[1]
54.0000 54.2500 61 2 1 EVERY(1)[1]
54.2500 54.3750 63 4 0 EVERY(1)[2]
54.3750 54.6250 61 2 1 WORD[1]
54.6250 54.7500 61 2 0 YOU[1]
54.7500 55.0000 59 0 1 SAY[1]
55.2500 55.5000 63 4 1 CAN'T[1]
55.5000 55.7500 61 2 1 HELP[1]
55.7500 56.0000 61 2 0 BUT[1]
56.0000 56.2500 61 2 1 THINK[1]
56.2500 56.3750 63 4 0 OF[1]
56.3750 56.6250 61 2 1 YESTERDAY[1]
56.6250 56.7500 61 2 0 YESTERDAY[2]
56.7500 57.0000 59 0 2 YESTERDAY[3]
57.2500 57.3750 59 0 0 AND[1]
57.3750 57.5000 56 9 0 ANOTHER[1]
57.5000 57.6250 59 0 1 ANOTHER[2]
57.6250 57.7500 56 9 0 ANOTHER[3]
57.7500 57.8750 59 0 0 WHO[1]
58.0000 58.2500 63 4 1 TIED[1]
58.2500 58.5000 61 2 0 ME[1]
58.5000 58.7500 59 0 0 DOWN[1]
58.7500 58.8750 56 9 0 TO[1]
59.0000 59.1250 63 4 1 LOVERBOY[1]
59.1250 59.2500 59 0 0 LOVERBOY[2]
59.2500 59.5000 61 2 2 LOVERBOY[3]
59.5000 59.7500 59 0 1 RULES[1]
59.7500 60.0000 59 0 0 BEFORE[1]
60.0000 60.3750 56 9 1 BEFORE[2]
60.3750 60.7500 59 0 0 THIS[1]
60.7500 61.2500 61 2 1 RIVER[1]
61.2500 61.5000 59 0 0 RIVER[2]
61.7500 62.0000 59 0 0 BECOMES[1]
62.0000 62.3750 63 4 1 BECOMES[2]
62.3750 62.7500 63 4 0 AN[1]
62.7500 62.8750 63 4 1 OCEAN[1]
63.2500 63.5000 59 0 0 OCEAN[2]
63.8750 64.0000 59 0 0 BEFORE[1]
64.0000 64.2500 56 9 1 BEFORE[2]
64.2500 64.3750 59 0 0 YOU[1]
64.3750 64.6250 59 0 1 THROW[1]
64.6250 64.8750 59 0 0 MY[1]
64.8750 65.1250 61 2 1 HEART[1]
65.1250 65.3750 59 0 1 BACK[1]
65.3750 65.6250 59 0 0 ON[1]
65.6250 65.7500 59 0 0 THE[1]
65.7500 66.2500 63 4 1 FLOOR[1]
67.2500 67.5000 63 4 1 OH[1]
67.5000 67.6250 61 2 1 BABY[1]
67.6250 67.7500 59 0 0 BABY[2]
67.7500 68.0000 56 9 0 I[1]
68.0000 68.3750 56 9 2 RECONSIDER[1]
68.3750 68.7500 59 0 0 RECONSIDER[2]
68.7500 69.2500 61 2 1 RECONSIDER[3]
69.2500 69.7500 59 0 0 RECONSIDER[4]
69.7500 70.0000 59 0 0 MY[1]
70.0000 70.3750 66 7 1 FOOLISH[1]
70.3750 70.7500 68 9 0 FOOLISH[2]
70.7500 70.8750 62 3 1 NOTION[1]
71.2500 71.5000 59 0 0 NOTION[2]
71.7500 71.8750 56 9 1 WELL[1]
71.8750 72.0000 59 0 0 I[1]
72.0000 72.2500 64 5 1 NEED[1]
72.2500 72.3750 63 4 1 SOMEONE[1]
72.3750 72.5000 63 4 2 SOMEONE[2]
72.6250 72.8750 61 2 0 TO[1]
72.8750 73.1250 63 4 1 HOLD[1]
73.1250 73.5000 63 4 0 ME[1]
73.5000 73.6250 61 2 0 BUT[1]
73.6250 73.7500 59 0 1 I'LL[1]
74.0000 74.1250 61 2 1 WAIT[1]
74.1250 74.2500 59 0 0 FOR[1]
74.3750 74.5000 61 2 1 SOMETHIN'[1]
74.6250 74.7500 59 0 0 SOMETHIN'[2]
74.7500 75.0000 63 4 0 MORE[1]
75.2500 75.3750 54 7 1 YES[1]
75.3750 75.5000 54 7 0 I[1]
75.5000 75.6250 56 9 1 GOTTA[1]
75.6250 75.7500 59 0 0 GOTTA[2]
75.7500 76.0000 59 0 1 HAVE[1]
76.0000 76.2500 59 0 1 FAITH[1]
77.2500 77.5000 63 4 0 I[1]
77.5000 77.6250 61 2 1 GOTTA[1]
77.6250 77.7500 59 0 0 GOTTA[2]
77.7500 78.2500 59 0 1 HAVE[1]
78.2500 78.5000 61 2 1 FAITH[1]
79.1250 79.2500 59 0 0 BECAUSE[1]
79.2500 79.3750 54 7 1 BECAUSE[2]
79.3750 79.5000 54 7 0 I[1]
79.5000 79.6250 56 9 1 GOTTA[1]
79.6250 79.7500 59 0 0 GOTTA[2]
79.7500 80.0000 59 0 1 HAVE[1]
80.0000 80.2500 59 0 1 FAITH[1]
80.3750 80.5000 59 0 1 FAITH[1]
80.7500 81.0000 59 0 1 FAITH[1]
81.2500 81.5000 63 4 0 I[1]
81.5000 81.6250 61 2 1 GOTTA[1]
81.6250 81.7500 59 0 0 GOTTA[2]
81.7500 82.0000 59 0 1 HAVE[1]
82.0000 82.2500 59 0 1 FAITH[1]
82.3750 82.5000 59 0 1 FAITH[1]
82.7500 99.0000 59 0 1 FAITH[1]
99.8750 100.0000 59 0 0 BEFORE[1]
100.0000 100.3750 56 9 1 BEFORE[2]
100.3750 100.7500 59 0 0 THIS[1]
100.7500 101.2500 61 2 1 RIVER[1]
101.2500 101.5000 59 0 0 RIVER[2]
101.7500 102.0000 59 0 0 BECOMES[1]
102.0000 102.3750 63 4 1 BECOMES[2]
102.3750 102.7500 63 4 0 AN[1]
102.7500 102.8750 63 4 1 OCEAN[1]
103.2500 103.5000 61 2 0 OCEAN[2]
103.8750 104.0000 59 0 0 BEFORE[1]
104.0000 104.2500 56 9 1 BEFORE[2]
104.2500 104.3750 59 0 0 YOU[1]
104.3750 104.6250 59 0 1 THROW[1]
104.6250 104.8750 59 0 0 MY[1]
104.8750 105.1250 61 2 1 HEART[1]
105.1250 105.3750 59 0 1 BACK[1]
105.3750 105.6250 59 0 0 ON[1]
105.6250 105.7500 59 0 0 THE[1]
105.7500 106.2500 63 4 1 FLOOR[1]
107.2500 107.5000 63 4 1 OH[1]
107.5000 107.6250 61 2 1 BABY[1]
107.6250 107.7500 59 0 0 BABY[2]
107.7500 108.0000 56 9 0 I[1]
108.0000 108.3750 56 9 2 RECONSIDER[1]
108.3750 108.7500 59 0 0 RECONSIDER[2]
108.7500 109.2500 61 2 1 RECONSIDER[3]
109.2500 109.5000 59 0 0 RECONSIDER[4]
109.7500 110.0000 59 0 0 MY[1]
110.0000 110.3750 66 7 1 FOOLISH[1]
110.3750 110.7500 68 9 0 FOOLISH[2]
110.7500 110.8750 62 3 1 NOTION[1]
111.2500 111.5000 59 0 0 NOTION[2]
111.7500 111.8750 56 9 1 WELL[1]
111.8750 112.0000 59 0 0 I[1]
112.0000 112.2500 64 5 1 NEED[1]
112.2500 112.3750 63 4 1 SOMEONE[1]
112.3750 112.5000 63 4 2 SOMEONE[2]
112.6250 112.8750 61 2 0 TO[1]
112.8750 113.1250 63 4 1 HOLD[1]
113.1250 113.5000 63 4 0 ME[1]
113.5000 113.6250 61 2 0 BUT[1]
113.6250 113.7500 59 0 1 I'LL[1]
114.0000 114.1250 61 2 1 WAIT[1]
114.2500 114.3750 59 0 0 FOR[1]
114.3750 114.5000 61 2 1 SOMETHIN'[1]
114.6250 114.7500 59 0 0 SOMETHIN'[2]
114.7500 115.0000 63 4 0 MORE[1]
115.2500 115.3750 54 7 0 'CAUSE[1]
115.3750 115.5000 54 7 0 I[1]
115.5000 115.6250 56 9 1 GOTTA[1]
115.6250 115.7500 59 0 0 GOTTA[2]
115.7500 116.0000 59 0 1 HAVE[1]
116.0000 116.2500 59 0 1 FAITH[1]
117.2500 117.5000 63 4 0 I[1]
117.5000 117.6250 61 2 1 GOTTA[1]
117.6250 117.7500 59 0 0 GOTTA[2]
117.7500 118.2500 59 0 1 HAVE[1]
118.2500 118.5000 61 2 1 FAITH[1]
119.1250 119.2500 59 0 0 BECAUSE[1]
119.2500 119.3750 54 7 1 BECAUSE[2]
119.3750 119.5000 54 7 0 I[1]
119.5000 119.6250 56 9 1 GOTTA[1]
119.6250 119.7500 59 0 0 GOTTA[2]
119.7500 120.0000 59 0 1 HAVE[1]
120.0000 120.2500 59 0 1 FAITH[1]
120.3750 120.5000 59 0 1 FAITH[1]
120.7500 121.0000 59 0 1 FAITH[1]
121.2500 121.5000 63 4 0 I[1]
121.5000 121.6250 61 2 1 GOTTA[1]
121.6250 121.7500 59 0 0 GOTTA[2]
121.7500 122.0000 59 0 1 HAVE[1]
122.0000 122.2500 59 0 1 FAITH[1]
122.3750 122.5000 59 0 1 FAITH[1]
122.7500 123.0000 59 0 1 FAITH[1]
