84.875 85.250 52 4 1 GOOD[1]
85.250 86.000 52 4 1 NIGHT[1]
86.000 86.250 51 3 1 SWEETHEART[1]
86.250 87.000 52 4 2 SWEETHEART[2]
87.167 87.333 51 3 0 TILL[1]
87.333 87.500 52 4 0 WE[1]
87.500 87.750 51 3 1 MEET[1]
87.750 87.875 52 4 0 TOMORROW[1]
87.875 88.125 53 5 1 TOMORROW[2]
88.125 88.750 52 4 2 TOMORROW[3]
89.125 89.500 55 7 1 GOOD[1]
89.500 90.000 55 7 1 NIGHT[1]
90.000 90.250 54 6 1 SWEETHEART[1]
90.250 91.000 55 7 2 SWEETHEART[2]
91.167 91.333 54 6 1 SLEEP[1]
91.333 91.500 55 7 0 WILL[1]
91.500 91.625 54 6 1 BANISH[1]
91.625 91.875 55 7 0 BANISH[2]
91.875 92.250 57 9 1 SORROW[1]
92.250 92.750 55 7 0 SORROW[2]
93.000 93.625 60 0 1 TEARS[1]
93.625 94.000 60 0 0 AND[1]
94.000 94.250 59 11 1 PARTING[1]
94.250 94.750 60 0 0 PARTING[2]
94.750 94.875 60 0 0 MAY[1]
94.875 95.250 60 0 1 MAKE[1]
95.250 95.750 57 9 0 US[1]
95.750 95.875 53 5 0 FORLORN[1]
95.875 96.500 50 2 1 FORLORN[2]
96.875 97.250 59 11 0 BUT[1]
97.250 97.625 55 7 0 WITH[1]
97.625 97.875 52 4 0 THE[1]
97.875 98.500 48 0 1 DAWN[1]
98.875 99.000 57 9 0 A[1]
99.000 99.250 57 9 1 NEW[1]
99.250 99.375 53 5 1 DAY[1]
99.375 99.750 52 4 1 IS[1]
99.750 100.000 50 2 1 BORN[1]
100.375 100.500 55 7 0 SO[1]
100.500 100.750 54 6 1 I'LL[1]
100.750 101.000 53 5 1 SAY[1]
101.000 101.500 52 4 1 GOOD[1]
101.500 102.000 52 4 1 NIGHT[1]
102.000 102.250 51 3 1 SWEETHEART[1]
102.250 103.000 52 4 2 SWEETHEART[2]
103.125 103.250 51 3 0 THOUGH[1]
103.250 103.500 52 4 1 I'M[1]
103.500 103.750 51 3 1 NOT[1]
103.750 103.875 52 4 0 BESIDE[1]
103.875 104.500 53 5 1 BESIDE[2]
104.500 105.000 52 4 0 YOU[1]
105.125 105.500 55 7 1 GOOD[1]
105.500 106.000 55 7 1 NIGHT[1]
106.000 106.250 54 6 1 SWEETHEART[1]
106.250 107.000 55 7 2 SWEETHEART[2]
107.000 107.250 54 6 1 STILL[1]
107.250 107.375 55 7 0 MY[1]
107.375 107.750 54 6 1 LOVE[1]
107.750 107.875 55 7 0 WILL[1]
107.875 108.500 57 9 1 GUIDE[1]
108.500 109.000 55 7 0 YOU[1]
109.125 109.625 60 0 1 DREAMS[1]
109.625 110.000 60 0 0 ENFOLD[1]
110.000 110.250 59 11 1 ENFOLD[2]
110.250 110.750 60 0 0 YOU[1]
110.750 111.250 64 4 0 IN[1]
111.250 111.625 60 0 0 EACH[1]
111.625 111.750 59 11 0 ONE[1]
111.750 112.000 60 0 1 I'LL[1]
112.000 112.250 59 11 1 HOLD[1]
112.250 113.000 57 9 0 YOU[1]
113.000 113.500 55 7 1 GOOD[1]
113.500 114.000 55 7 1 NIGHT[1]
114.000 114.250 54 6 1 SWEETHEART[1]
114.250 114.500 55 7 2 SWEETHEART[2]
114.750 115.000 64 4 1 GOOD[1]
115.000 116.000 60 0 1 NIGHT[1]
