0.875 1.000 64 0 1 WELL[1]
1.000 1.083 64 0 0 SINCE[1]
1.167 1.333 64 0 0 MY[1]
1.333 1.417 64 0 1 BABY[1]
1.417 1.500 59 7 0 BABY[2]
1.500 1.667 62 10 1 LEFT[1]
1.667 1.750 64 0 0 ME[1]
1.833 1.917 59 7 1 WELL[1]
1.917 2.000 59 7 0 I[1]
2.000 2.083 64 0 1 FOUND[1]
2.083 2.167 64 0 0 A[1]
2.167 2.250 64 0 1 NEW[1]
2.250 2.417 64 0 1 PLACE[1]
2.417 2.500 59 7 0 TO[1]
2.500 2.750 62 10 1 DWELL[1]
2.833 2.917 59 7 1 WELL[1]
2.917 3.000 59 7 1 IT'S[1]
3.000 3.083 64 0 0 DOWN[1]
3.083 3.167 64 0 0 AT[1]
3.167 3.250 66 2 0 THE[1]
3.250 3.333 67 3 1 END[1]
3.417 3.500 66 2 0 OF[1]
3.500 3.667 64 0 1 LONELY[1]
3.667 3.750 62 10 0 LONELY[2]
3.750 3.917 59 7 1 STREET[1]
3.917 4.000 61 9 0 AT[1]
4.125 4.250 62 10 1 HEARTBREAK[1]
4.250 4.375 59 7 2 HEARTBREAK[2]
4.375 4.500 57 5 0 HOTEL[1]
4.500 4.625 55 3 1 HOTEL[2]
4.625 4.750 52 0 1 WELL[1]
4.750 4.875 52 0 1 I'LL[1]
4.875 5.000 52 0 1 BE[1]
5.125 5.250 52 0 1 I'LL[1]
5.250 5.375 52 0 1 BE[1]
5.375 5.500 52 0 0 SO[1]
5.500 5.625 55 3 1 LONELY[1]
5.625 5.750 52 0 0 LONELY[2]
5.750 5.875 52 0 1 BABY[1]
5.875 6.000 52 0 0 BABY[2]
6.125 6.250 52 0 1 WELL[1]
6.250 6.375 52 0 1 I'M[1]
6.375 6.500 52 0 0 SO[1]
6.500 6.625 55 3 1 LONELY[1]
6.625 6.750 52 0 0 LONELY[2]
7.167 7.250 54 2 1 I'LL[1]
7.250 7.417 54 2 1 BE[1]
7.417 7.500 54 2 0 SO[1]
7.500 7.667 56 4 1 LONELY[1]
7.667 7.833 47 7 0 LONELY[2]
7.833 7.917 49 9 0 I[1]
7.917 8.000 52 0 0 COULD[1]
8.000 8.250 52 0 1 DIE[1]
8.625 9.000 64 0 2 ALTHOUGH[1]
9.000 9.083 64 0 1 ALTHOUGH[2]
9.083 9.167 64 0 1 IT'S[1]
9.167 9.417 64 0 1 ALWAYS[1]
9.417 9.500 59 7 2 ALWAYS[2]
9.500 9.667 62 10 1 CROWDED[1]
9.667 9.750 64 0 0 CROWDED[2]
9.917 10.000 59 7 0 YOU[1]
10.000 10.083 64 0 1 STILL[1]
10.083 10.167 64 0 0 CAN[1]
10.167 10.417 64 0 1 FIND[1]
10.417 10.500 59 7 0 SOME[1]
10.500 10.750 62 10 1 ROOM[1]
10.917 11.000 59 7 0 FOR[1]
11.000 11.167 64 0 1 BROKEN[1]
11.167 11.250 66 2 0 BROKEN[2]
11.250 11.333 67 3 1 HEARTED[1]
11.417 11.500 66 2 0 HEARTED[2]
11.500 11.583 64 0 1 LOVERS[1]
11.667 11.917 59 7 0 LOVERS[2]
11.917 12.000 61 9 0 TO[1]
12.000 12.167 62 10 1 CRY[1]
12.167 12.333 59 7 1 THERE[1]
12.333 12.417 52 0 0 IN[1]
12.417 12.500 55 3 1 GLOOM[1]
12.667 12.750 52 0 1 I'LL[1]
12.750 12.917 52 0 1 BE[1]
12.917 13.000 52 0 0 SO[1]
13.167 13.250 52 0 0 IT[1]
13.250 13.333 52 0 1 MAKE[1]
13.333 13.417 52 0 0 YOU[1]
13.417 13.500 52 0 0 SO[1]
13.500 13.583 55 3 1 LONELY[1]
13.667 13.750 52 0 0 LONELY[2]
13.750 13.917 52 0 1 BABY[1]
13.917 14.000 52 0 0 BABY[2]
14.167 14.250 52 0 0 IT[1]
14.250 14.333 52 0 1 MAKE[1]
14.333 14.417 52 0 0 YOU[1]
14.417 14.500 52 0 0 SO[1]
14.500 14.667 55 3 1 LONELY[1]
14.667 14.750 52 0 0 LONELY[2]
15.167 15.250 54 2 1 OH[1]
15.250 15.417 54 2 1 THEY'RE[1]
15.417 15.500 54 2 0 SO[1]
15.500 15.667 56 4 1 LONELY[1]
15.667 15.833 47 7 0 LONELY[2]
15.833 15.917 49 9 0 THEY[1]
15.917 16.000 52 0 0 COULD[1]
16.000 16.250 52 0 1 DIE[1]
16.625 16.875 64 0 1 NOW[1]
16.875 17.000 64 0 0 THE[1]
17.000 17.083 64 0 1 BELLHOP'S[1]
17.083 17.167 64 0 0 BELLHOP'S[2]
17.167 17.417 64 0 1 TEARS[1]
17.417 17.500 59 7 1 KEEP[1]
17.500 17.583 62 10 1 FLOWING[1]
17.667 17.750 62 10 0 FLOWING[2]
17.833 17.917 59 7 0 AND[1]
17.917 18.000 59 7 0 THE[1]
18.000 18.083 64 0 1 DESK[1]
18.167 18.250 64 0 1 CLERK'S[1]
18.333 18.417 64 0 1 DRESSED[1]
18.417 18.500 59 7 0 IN[1]
18.500 18.583 62 10 1 BLACK[1]
18.833 18.917 59 7 1 WELL[1]
18.917 19.000 59 7 0 THEY[1]
19.000 19.167 64 0 1 BEEN[1]
19.167 19.250 66 2 0 SO[1]
19.250 19.333 67 3 1 LONG[1]
19.417 19.500 66 2 0 ON[1]
19.500 19.667 64 0 1 LONELY[1]
19.667 19.750 62 10 0 LONELY[2]
19.750 19.917 59 7 1 STREET[1]
19.917 20.000 59 7 1 THEY'LL[1]
20.000 20.083 59 7 1 NEVER[1]
20.083 20.167 52 0 0 NEVER[2]
20.167 20.250 52 0 1 THEY'LL[1]
20.250 20.333 52 0 1 NEVER[1]
20.333 20.417 52 0 0 NEVER[2]
20.417 20.500 52 0 1 LOOK[1]
20.500 20.667 52 0 1 BACK[1]
20.667 20.750 52 0 0 IT[1]
20.750 20.833 52 0 1 MAKE[1]
20.833 20.917 52 0 0 YOU[1]
20.917 21.000 52 0 0 SO[1]
21.167 21.250 52 0 0 IT[1]
21.250 21.333 52 0 1 MAKE[1]
21.333 21.417 52 0 0 YOU[1]
21.417 21.500 52 0 0 SO[1]
21.500 21.667 55 3 1 LONELY[1]
21.667 21.750 52 0 0 LONELY[2]
21.750 21.917 52 0 1 BABY[1]
21.917 22.000 52 0 0 BABY[2]
22.125 22.250 52 0 1 WELL[1]
22.250 22.375 52 0 1 THEY'RE[1]
22.375 22.500 52 0 0 SO[1]
22.500 22.625 55 3 1 LONELY[1]
22.625 23.000 52 0 0 LONELY[2]
23.125 23.250 54 2 1 WELL[1]
23.250 23.375 54 2 1 THEY'RE[1]
23.375 23.500 54 2 0 SO[1]
23.500 23.625 56 4 1 LONELY[1]
23.625 23.750 47 7 0 LONELY[2]
23.750 23.875 49 9 0 THEY[1]
23.875 24.000 52 0 0 COULD[1]
24.000 24.125 52 0 1 DIE[1]
24.625 25.000 64 0 1 WELL[1]
25.000 25.083 64 0 0 IF[1]
25.167 25.333 64 0 0 YOUR[1]
25.333 25.417 64 0 1 BABY[1]
25.417 25.500 59 7 0 BABY[2]
25.500 25.667 62 10 1 LEAVES[1]
25.667 25.750 64 0 0 YOU[1]
25.833 25.917 59 7 0 AND[1]
25.917 26.000 59 7 1 YOU'VE[1]
26.000 26.083 64 0 1 GOT[1]
26.083 26.167 64 0 0 A[1]
26.167 26.417 64 0 1 TALE[1]
26.417 26.500 59 7 0 TO[1]
26.500 26.750 62 10 1 TELL[1]
26.833 26.917 59 7 1 WELL[1]
26.917 27.000 59 7 1 JUST[1]
27.000 27.167 64 0 1 TAKE[1]
27.167 27.250 66 2 0 A[1]
27.250 27.333 67 3 1 WALK[1]
27.417 27.500 66 2 0 DOWN[1]
27.500 27.667 64 0 1 LONELY[1]
27.667 27.750 62 10 0 LONELY[2]
27.750 27.917 59 7 1 STREET[1]
27.917 28.000 61 9 0 TO[1]
28.167 28.250 62 10 1 HEARTBREAK[1]
28.250 28.417 59 7 2 HEARTBREAK[2]
28.417 28.500 57 5 0 HOTEL[1]
28.500 28.667 55 3 1 HOTEL[2]
28.667 28.750 52 0 0 WHERE[1]
28.750 28.833 52 0 0 YOU[1]
28.833 28.917 52 0 0 WILL[1]
28.917 29.000 52 0 1 BE[1]
29.083 29.167 52 0 0 IT[1]
29.167 29.250 52 0 0 WILL[1]
29.250 29.333 52 0 1 MAKE[1]
29.333 29.417 52 0 0 YOU[1]
29.417 29.500 52 0 0 SO[1]
29.500 29.667 55 3 1 LONELY[1]
29.667 29.750 52 0 0 LONELY[2]
29.750 29.917 52 0 1 BABY[1]
29.917 30.000 52 0 0 BABY[2]
30.167 30.250 52 0 1 WELL[1]
30.250 30.333 52 0 0 YOU[1]
30.333 30.417 52 0 0 WILL[1]
30.417 30.500 52 0 1 BE[1]
30.500 30.667 55 3 1 LONELY[1]
30.667 30.750 52 0 0 LONELY[2]
31.167 31.250 54 2 1 YOU'LL[1]
31.250 31.417 54 2 1 BE[1]
31.417 31.500 54 2 0 SO[1]
31.500 31.667 56 4 1 LONELY[1]
31.667 31.833 47 7 0 LONELY[2]
31.833 31.917 49 9 0 YOU[1]
31.917 32.000 52 0 0 COULD[1]
32.000 40.000 52 0 1 DIE[1]
40.625 40.875 64 0 2 ALTHOUGH[1]
41.000 41.083 64 0 1 ALTHOUGH[2]
41.083 41.167 66 2 1 IT'S[1]
41.167 41.417 64 0 1 ALWAYS[1]
41.417 41.500 59 7 2 ALWAYS[2]
41.500 41.667 62 10 1 CROWDED[1]
41.667 41.750 64 0 0 CROWDED[2]
41.833 41.917 59 7 1 WELL[1]
41.917 42.000 59 7 0 YOU[1]
42.000 42.083 64 0 1 STILL[1]
42.083 42.167 64 0 0 CAN[1]
42.167 42.417 64 0 1 FIND[1]
42.417 42.500 59 7 0 SOME[1]
42.500 42.750 62 10 1 ROOM[1]
42.917 43.000 59 7 0 FOR[1]
43.000 43.167 64 0 1 BROKEN[1]
43.167 43.250 66 2 0 BROKEN[2]
43.250 43.333 67 3 1 HEARTED[1]
43.417 43.500 66 2 0 HEARTED[2]
43.500 43.583 64 0 1 LOVERS[1]
43.667 43.917 59 7 0 LOVERS[2]
43.917 44.000 61 9 0 TO[1]
44.000 44.167 62 10 1 CRY[1]
44.167 44.333 59 7 1 THERE[1]
44.333 44.417 52 0 0 IN[1]
44.417 44.500 55 3 1 GLOOM[1]
44.750 44.833 52 0 1 I'LL[1]
44.833 44.917 52 0 1 BE[1]
44.917 45.000 52 0 0 SO[1]
45.167 45.250 52 0 0 IT[1]
45.250 45.333 52 0 1 MAKE[1]
45.333 45.417 52 0 0 YOU[1]
45.417 45.500 52 0 0 SO[1]
45.500 45.667 55 3 1 LONELY[1]
45.667 45.750 52 0 0 LONELY[2]
45.750 45.917 52 0 1 BABY[1]
45.917 46.000 52 0 0 BABY[2]
46.125 46.250 52 0 1 WELL[1]
46.250 46.375 52 0 1 THEY'RE[1]
46.375 46.500 52 0 0 SO[1]
46.500 46.625 55 3 1 LONELY[1]
46.625 47.000 52 0 0 LONELY[2]
47.167 47.250 54 2 1 THEY'LL[1]
47.250 47.417 54 2 1 BE[1]
47.417 47.500 54 2 0 SO[1]
47.500 47.667 56 4 1 LONELY[1]
47.667 47.833 47 7 0 LONELY[2]
47.833 47.917 49 9 0 THEY[1]
47.917 48.000 52 0 0 COULD[1]
48.000 48.083 52 0 1 DIE[1]
