0.7500 1.0000 60 7 1 HEY[1]
1.0000 1.5000 57 4 1 JUDE[1]
1.6250 1.7500 57 4 1 DON'T[1]
1.7500 1.8750 60 7 1 MAKE[1]
1.8750 2.0000 62 9 0 IT[1]
2.0000 2.5000 55 2 1 BAD[1]
2.7500 2.8750 55 2 1 TAKE[1]
2.8750 3.0000 57 4 0 A[1]
3.0000 3.2500 58 5 1 SAD[1]
3.2500 3.6250 65 0 1 SONG[1]
3.6250 3.7500 65 0 0 AND[1]
3.7500 3.8750 64 11 1 MAKE[1]
3.8750 4.0000 60 7 0 IT[1]
4.0000 4.1250 62 9 1 BETTER[1]
4.1250 4.1875 60 7 0 BETTER[2]
4.8750 5.0000 60 7 0 REMEMBER[1]
5.0000 5.1250 62 9 1 REMEMBER[2]
5.1250 5.2500 62 9 0 REMEMBER[3]
5.3750 5.5000 62 9 0 TO[1]
5.5000 5.5625 67 2 1 LET[1]
5.5625 5.6875 65 0 0 HER[1]
5.6875 5.8125 64 11 1 INTO[1]
5.8125 5.8750 65 0 0 INTO[2]
5.8750 6.0000 62 9 0 YOUR[1]
6.0000 6.2500 60 7 1 HEART[1]
6.5000 6.6250 53 0 0 THEN[1]
6.6250 6.7500 55 2 0 YOU[1]
6.7500 6.8750 57 4 0 CAN[1]
6.8750 7.0000 62 9 1 START[1]
7.3750 7.5000 60 7 0 TO[1]
7.5000 7.6250 58 5 1 MAKE[1]
7.6250 7.7500 57 4 0 IT[1]
7.8750 8.0000 52 11 1 BETTER[1]
8.0000 8.5000 53 0 0 BETTER[2]
8.7500 9.0000 60 7 1 HEY[1]
9.0000 9.2500 57 4 1 JUDE[1]
9.6250 9.7500 57 4 1 DON'T[1]
9.7500 9.8750 60 7 1 BE[1]
9.8750 10.0000 62 9 0 AFRAID[1]
10.0000 10.5000 55 2 1 AFRAID[2]
10.7500 10.8750 55 2 0 YOU[1]
10.8750 11.0000 57 4 1 WERE[1]
11.0000 11.2500 58 5 1 MADE[1]
11.2500 11.5000 65 0 0 TO[1]
11.6250 11.7500 65 0 1 GO[1]
11.7500 11.8750 64 11 0 OUT[1]
11.8750 12.0000 60 7 0 AND[1]
12.0000 12.1250 62 9 1 GET[1]
12.1250 12.1875 60 7 0 HER[1]
12.8750 13.0000 60 7 0 THE[1]
13.0000 13.0625 62 9 1 MINUTE[1]
13.0625 13.1250 62 9 0 MINUTE[2]
13.3750 13.5000 62 9 0 YOU[1]
13.5000 13.5625 67 2 1 LET[1]
13.5625 13.6875 65 0 0 HER[1]
13.6875 13.8125 64 11 1 UNDER[1]
13.8125 13.8750 65 0 0 UNDER[2]
13.8750 14.0000 62 9 0 YOUR[1]
14.0000 14.2500 60 7 1 SKIN[1]
14.5000 14.6250 53 0 0 THEN[1]
14.6250 14.7500 55 2 0 YOU[1]
14.7500 14.8750 57 4 0 BEGIN[1]
14.8750 15.0000 62 9 1 BEGIN[2]
15.3750 15.5000 60 7 0 TO[1]
15.5000 15.6250 58 5 1 MAKE[1]
15.6250 15.7500 57 4 0 IT[1]
15.8750 16.0000 52 11 1 BETTER[1]
16.0000 16.2500 53 0 0 BETTER[2]
17.1875 17.2500 53 0 0 AND[1]
17.2500 17.3125 65 0 1 ANYTIME[1]
17.3125 17.4375 62 9 0 ANYTIME[2]
17.4375 17.5000 62 9 2 ANYTIME[3]
17.6250 17.7500 60 7 0 YOU[1]
17.7500 17.8750 60 7 1 FEEL[1]
17.8750 17.9375 58 5 0 THE[1]
17.9375 18.2500 62 9 1 PAIN[1]
18.2500 18.3750 65 0 1 HEY[1]
18.3750 18.7500 62 9 1 JUDE[1]
18.7500 18.8750 65 0 0 REFRAIN[1]
18.8750 19.1250 58 5 1 REFRAIN[2]
19.2500 19.3750 65 0 1 DON'T[1]
19.3750 19.6250 62 9 1 CARRY[1]
19.6250 19.7500 60 7 0 CARRY[2]
19.7500 19.8750 58 5 0 THE[1]
19.8750 20.1250 60 7 1 WORLD[1]
20.2500 20.3750 62 9 0 UPON[1]
20.3750 20.7500 60 7 1 UPON[2]
20.7500 20.8750 58 5 0 YOUR[1]
20.8750 21.0625 57 4 1 SHOULDERS[1]
21.0625 21.1250 55 2 0 SHOULDERS[2]
22.1875 22.2500 53 0 0 FOR[1]
22.2500 22.3750 65 0 1 WELL[1]
22.3750 22.4375 62 9 0 YOU[1]
22.4375 22.5000 62 9 1 KNOW[1]
22.6250 22.6875 60 7 0 THAT[1]
22.6875 22.8125 60 7 1 IT'S[1]
22.8125 22.8750 58 5 0 A[1]
22.8750 23.2500 62 9 1 FOOL[1]
23.2500 23.3750 65 0 0 WHO[1]
23.3750 23.7500 62 9 1 PLAYS[1]
23.7500 23.8750 65 0 0 IT[1]
23.8750 24.2500 58 5 1 COOL[1]
24.2500 24.3750 65 0 0 BY[1]
24.3750 24.6250 62 9 1 MAKING[1]
24.6250 24.7500 60 7 0 MAKING[2]
24.7500 24.8750 58 5 0 HIS[1]
24.8750 25.2500 60 7 1 WORLD[1]
25.2500 25.3750 62 9 0 A[1]
25.3750 25.6250 60 7 1 LITTLE[1]
25.6250 25.8750 58 5 0 LITTLE[2]
25.8750 26.1250 57 4 1 COLDER[1]
26.1250 26.1875 55 2 0 COLDER[2]
26.6250 26.7500 57 4 1 NA[1]
26.7500 26.8750 60 7 1 NA[1]
26.8750 27.0000 62 9 1 NA[1]
27.0000 27.5000 63 10 1 NA[1]
27.5000 28.0000 63 10 1 NA[1]
28.0000 28.1250 64 11 1 NA[1]
28.1250 28.2500 65 0 1 NA[1]
28.2500 28.5000 67 2 1 NA[1]
28.5000 29.0000 67 2 1 NA[1]
29.7500 29.8125 60 7 1 HEY[1]
29.9375 30.0000 55 2 1 JUDE[1]
30.6250 30.7500 57 4 1 DON'T[1]
30.7500 30.8750 60 7 1 LET[1]
30.8750 30.9375 62 9 0 ME[1]
30.9375 31.2500 55 2 0 DOWN[1]
31.8333 31.9167 55 2 0 YOU[1]
31.9167 32.0000 57 4 1 HAVE[1]
32.0000 32.2500 58 5 1 FOUND[1]
32.2500 32.5000 65 0 0 HER[1]
32.6250 32.7500 65 0 1 NOW[1]
32.7500 32.8750 64 11 1 GO[1]
32.8750 33.0000 60 7 0 AND[1]
33.0000 33.1250 62 9 1 GET[1]
33.1250 33.1875 60 7 0 HER[1]
33.8750 34.0000 60 7 0 REMEMBER[1]
34.0000 34.1250 62 9 1 REMEMBER[2]
34.1250 34.2500 62 9 0 REMEMBER[3]
34.3750 34.5000 62 9 0 TO[1]
34.5000 34.5625 67 2 1 LET[1]
34.5625 34.6875 65 0 0 HER[1]
34.6875 34.8125 64 11 1 INTO[1]
34.8125 34.8750 65 0 0 INTO[2]
34.8750 35.0000 62 9 0 YOUR[1]
35.0000 35.2500 60 7 1 HEART[1]
35.5000 35.6250 53 0 0 THEN[1]
35.6250 35.7500 55 2 0 YOU[1]
35.7500 35.8750 57 4 0 CAN[1]
35.8750 36.0000 62 9 1 START[1]
36.3750 36.5000 60 7 0 TO[1]
36.5000 36.6250 58 5 1 MAKE[1]
36.6250 36.7500 57 4 0 IT[1]
36.8750 37.0000 52 11 1 BETTER[1]
37.0000 37.2500 53 0 0 BETTER[2]
38.1250 38.2500 53 0 0 SO[1]
38.2500 38.3125 65 0 1 LET[1]
38.3125 38.4375 62 9 0 IT[1]
38.4375 38.5000 62 9 0 OUT[1]
38.6250 38.7500 60 7 0 AND[1]
38.7500 38.8125 60 7 1 LET[1]
38.8125 38.8750 58 5 0 IT[1]
38.8750 39.1250 62 9 0 IN[1]
39.2500 39.3750 65 0 1 HEY[1]
39.3750 39.7500 62 9 1 JUDE[1]
39.7500 39.8750 65 0 0 BEGIN[1]
39.8750 40.2500 58 5 1 BEGIN[2]
40.2500 40.3750 65 0 1 YOU'RE[1]
40.3750 40.6250 62 9 1 WAITING[1]
40.6250 40.7500 60 7 0 WAITING[2]
40.7500 40.8750 58 5 0 FOR[1]
40.8750 41.1250 60 7 1 SOMEONE[1]
41.1250 41.3750 62 9 2 SOMEONE[2]
41.3750 41.7500 60 7 0 TO[1]
41.7500 41.8750 58 5 0 PERFORM[1]
41.8750 42.0625 57 4 1 PERFORM[2]
42.1250 42.5000 53 0 0 WITH[1]
43.1875 43.2500 57 4 0 AND[1]
43.2500 43.3750 65 0 1 DON'T[1]
43.3750 43.4375 67 2 0 YOU[1]
43.4375 43.6250 70 5 1 KNOW[1]
43.6250 43.6875 65 0 0 THAT[1]
43.6875 43.8125 67 2 1 IT'S[1]
43.8125 43.9375 67 2 1 JUST[1]
43.9375 44.0000 65 0 0 YOU[1]
44.2500 44.3750 65 0 1 HEY[1]
44.3750 44.7500 62 9 1 JUDE[1]
44.7500 44.8750 67 2 1 YOU'LL[1]
44.8750 44.9375 60 7 1 DO[1]
45.2500 45.3750 65 0 0 THE[1]
45.3750 45.6250 62 9 1 MOVEMENT[1]
45.6250 45.7500 60 7 0 MOVEMENT[2]
45.7500 45.8750 58 5 0 YOU[1]
45.8750 46.2500 60 7 1 NEED[1]
46.2500 46.3750 62 9 1 IS[1]
46.3750 46.6250 60 7 0 ON[1]
46.6250 46.8750 58 5 0 YOUR[1]
46.8750 47.0625 57 4 1 SHOULDER[1]
47.0625 47.1250 55 2 0 SHOULDER[2]
47.6250 47.7500 57 4 1 NA[1]
47.7500 47.8750 60 7 1 NA[1]
47.8750 48.0000 62 9 1 NA[1]
48.0000 48.5000 63 10 1 NA[1]
48.5000 49.0000 63 10 1 NA[1]
49.0000 49.1250 64 11 1 NA[1]
49.1250 49.2500 65 0 1 NA[1]
49.2500 49.5000 67 2 1 NA[1]
49.5000 50.0000 67 2 1 NA[1]
50.7500 50.8125 60 7 1 HEY[1]
50.9375 51.0000 65 0 1 JUDE[1]
51.6250 51.7500 57 4 1 DON'T[1]
51.7500 51.8750 60 7 1 MAKE[1]
51.8750 52.0000 62 9 0 IT[1]
52.0000 52.5000 55 2 1 BAD[1]
52.7500 52.8750 55 2 1 TAKE[1]
52.8750 53.0000 57 4 0 A[1]
53.0000 53.2500 58 5 1 SAD[1]
53.2500 53.5000 65 0 1 SONG[1]
53.6250 53.7500 65 0 0 AND[1]
53.7500 53.8750 64 11 1 MAKE[1]
53.8750 54.0000 60 7 0 IT[1]
54.0000 54.1250 62 9 1 BETTER[1]
54.1250 54.1875 60 7 0 BETTER[2]
54.8750 55.0000 60 7 0 REMEMBER[1]
55.0000 55.1250 62 9 1 REMEMBER[2]
55.1250 55.2500 62 9 0 REMEMBER[3]
55.3750 55.5000 62 9 0 TO[1]
55.5000 55.5625 67 2 1 LET[1]
55.5625 55.6875 65 0 0 HER[1]
55.6875 55.8125 64 11 1 UNDER[1]
55.8125 55.8750 65 0 0 UNDER[2]
55.8750 56.0000 62 9 0 YOUR[1]
56.0000 56.2500 60 7 1 SKIN[1]
56.5000 56.6250 53 0 0 THEN[1]
56.6250 56.7500 55 2 1 YOU'LL[1]
56.7500 56.8750 57 4 0 BEGIN[1]
56.8750 57.0000 62 9 1 BEGIN[2]
57.3750 57.5000 60 7 0 TO[1]
57.5000 57.6250 58 5 1 MAKE[1]
57.6250 57.7500 57 4 0 IT[1]
57.8750 58.1250 52 11 1 BETTER[1]
58.1250 58.2500 53 0 0 BETTER[2]
58.2500 58.3750 56 3 1 BETTER[1]
58.3750 58.5000 57 4 0 BETTER[2]
58.5000 58.6250 59 6 1 BETTER[1]
58.6250 58.7500 60 7 0 BETTER[2]
58.7500 58.8750 64 11 1 BETTER[1]
58.8750 59.0000 65 0 0 BETTER[2]
59.0000 59.1250 68 3 1 BETTER[1]
59.1250 59.2500 69 4 0 BETTER[2]
59.2500 59.3750 71 6 1 BETTER[1]
59.3750 59.5000 72 7 0 BETTER[2]
59.5000 60.0000 77 0 1 AH[1]
60.0000 60.5000 53 0 1 NA[1]
60.5000 60.7500 57 4 1 NA[1]
60.7500 61.0000 60 7 1 NA[1]
61.0000 61.0625 67 2 1 NA[1]
61.0625 61.1250 65 0 1 NA[1]
61.1250 61.2500 67 2 1 NA[1]
61.2500 61.5000 65 0 1 NA[1]
62.0000 62.0625 67 2 1 NA[1]
62.0625 62.1250 65 0 1 NA[1]
62.1250 62.2500 67 2 1 NA[1]
62.2500 62.5000 65 0 1 NA[1]
62.7500 62.8125 63 10 1 HEY[1]
62.9375 64.0000 60 7 1 JUDE[1]
64.0000 64.5000 53 0 1 NA[1]
64.5000 64.7500 57 4 1 NA[1]
64.7500 65.0000 60 7 1 NA[1]
65.0000 65.0625 67 2 1 NA[1]
65.0625 65.1250 65 0 1 NA[1]
65.1250 65.2500 67 2 1 NA[1]
65.2500 65.5000 65 0 1 NA[1]
66.0000 66.0625 67 2 1 NA[1]
66.0625 66.1250 65 0 1 NA[1]
66.1250 66.2500 67 2 1 NA[1]
66.2500 66.5000 65 0 1 NA[1]
66.7500 66.8125 63 10 1 HEY[1]
66.9375 68.0000 60 7 1 JUDE[1]
68.0000 68.5000 53 0 1 NA[1]
68.5000 68.7500 57 4 1 NA[1]
68.7500 69.0000 60 7 1 NA[1]
69.0000 69.0625 67 2 1 NA[1]
69.0625 69.1250 65 0 1 NA[1]
69.1250 69.2500 67 2 1 NA[1]
69.2500 69.5000 65 0 1 NA[1]
70.0000 70.0625 67 2 1 NA[1]
70.0625 70.1250 65 0 1 NA[1]
70.1250 70.2500 67 2 1 NA[1]
70.2500 70.5000 65 0 1 NA[1]
70.7500 70.8125 63 10 1 HEY[1]
70.9375 72.0000 60 7 1 JUDE[1]
72.0000 72.5000 53 0 1 NA[1]
72.5000 72.7500 57 4 1 NA[1]
72.7500 73.0000 60 7 1 NA[1]
73.0000 73.0625 67 2 1 NA[1]
73.0625 73.1250 65 0 1 NA[1]
73.1250 73.2500 67 2 1 NA[1]
73.2500 73.5000 65 0 1 NA[1]
74.0000 74.0625 67 2 1 NA[1]
74.0625 74.1250 65 0 1 NA[1]
74.1250 74.2500 67 2 1 NA[1]
74.2500 74.5000 65 0 1 NA[1]
74.7500 74.8125 63 10 1 HEY[1]
74.9375 76.0000 60 7 1 JUDE[1]
76.0000 76.5000 53 0 1 NA[1]
76.5000 76.7500 57 4 1 NA[1]
76.7500 77.0000 60 7 1 NA[1]
77.0000 77.0625 67 2 1 NA[1]
77.0625 77.1250 65 0 1 NA[1]
77.1250 77.2500 67 2 1 NA[1]
77.2500 77.5000 65 0 1 NA[1]
78.0000 78.0625 67 2 1 NA[1]
78.0625 78.1250 65 0 1 NA[1]
78.1250 78.2500 67 2 1 NA[1]
78.2500 78.5000 65 0 1 NA[1]
78.7500 78.8125 63 10 1 HEY[1]
78.9375 80.0000 60 7 1 JUDE[1]
80.0000 80.5000 53 0 1 NA[1]
80.5000 80.7500 57 4 1 NA[1]
80.7500 81.0000 60 7 1 NA[1]
81.0000 81.0625 67 2 1 NA[1]
81.0625 81.1250 65 0 1 NA[1]
81.1250 81.2500 67 2 1 NA[1]
81.2500 81.5000 65 0 1 NA[1]
82.0000 82.0625 67 2 1 NA[1]
82.0625 82.1250 65 0 1 NA[1]
82.1250 82.2500 67 2 1 NA[1]
82.2500 82.5000 65 0 1 NA[1]
82.7500 82.8125 63 10 1 HEY[1]
82.9375 84.0000 60 7 1 JUDE[1]
84.0000 84.5000 53 0 1 NA[1]
84.5000 84.7500 57 4 1 NA[1]
84.7500 85.0000 60 7 1 NA[1]
85.0000 85.0625 67 2 1 NA[1]
85.0625 85.1250 65 0 1 NA[1]
85.1250 85.2500 67 2 1 NA[1]
85.2500 85.5000 65 0 1 NA[1]
86.0000 86.0625 67 2 1 NA[1]
86.0625 86.1250 65 0 1 NA[1]
86.1250 86.2500 67 2 1 NA[1]
86.2500 86.5000 65 0 1 NA[1]
86.7500 86.8125 63 10 1 HEY[1]
86.9375 88.0000 60 7 1 JUDE[1]
88.0000 88.5000 53 0 1 NA[1]
88.5000 88.7500 57 4 1 NA[1]
88.7500 89.0000 60 7 1 NA[1]
89.0000 89.0625 67 2 1 NA[1]
89.0625 89.1250 65 0 1 NA[1]
89.1250 89.2500 67 2 1 NA[1]
89.2500 89.5000 65 0 1 NA[1]
90.0000 90.0625 67 2 1 NA[1]
90.0625 90.1250 65 0 1 NA[1]
90.1250 90.2500 67 2 1 NA[1]
90.2500 90.5000 65 0 1 NA[1]
90.7500 90.8125 63 10 1 HEY[1]
90.9375 92.0000 60 7 1 JUDE[1]
92.0000 92.5000 53 0 1 NA[1]
92.5000 92.7500 57 4 1 NA[1]
92.7500 93.0000 60 7 1 NA[1]
93.0000 93.0625 67 2 1 NA[1]
93.0625 93.1250 65 0 1 NA[1]
93.1250 93.2500 67 2 1 NA[1]
93.2500 93.5000 65 0 1 NA[1]
94.0000 94.0625 67 2 1 NA[1]
94.0625 94.1250 65 0 1 NA[1]
94.1250 94.2500 67 2 1 NA[1]
94.2500 94.5000 65 0 1 NA[1]
94.7500 94.8125 63 10 1 HEY[1]
94.9375 96.0000 60 7 1 JUDE[1]
96.0000 96.5000 53 0 1 NA[1]
96.5000 96.7500 57 4 1 NA[1]
96.7500 97.0000 60 7 1 NA[1]
97.0000 97.0625 67 2 1 NA[1]
97.0625 97.1250 65 0 1 NA[1]
97.1250 97.2500 67 2 1 NA[1]
97.2500 97.5000 65 0 1 NA[1]
98.0000 98.0625 67 2 1 NA[1]
98.0625 98.1250 65 0 1 NA[1]
98.1250 98.2500 67 2 1 NA[1]
98.2500 98.5000 65 0 1 NA[1]
98.7500 98.8125 63 10 1 HEY[1]
98.9375 100.0000 60 7 1 JUDE[1]
100.0000 100.5000 53 0 1 NA[1]
100.5000 100.7500 57 4 1 NA[1]
100.7500 101.0000 60 7 1 NA[1]
101.0000 101.0625 67 2 1 NA[1]
101.0625 101.1250 65 0 1 NA[1]
101.1250 101.2500 67 2 1 NA[1]
101.2500 101.5000 65 0 1 NA[1]
102.0000 102.0625 67 2 1 NA[1]
102.0625 102.1250 65 0 1 NA[1]
102.1250 102.2500 67 2 1 NA[1]
102.2500 102.5000 65 0 1 NA[1]
102.7500 102.8125 63 10 1 HEY[1]
102.9375 104.0000 60 7 1 JUDE[1]
104.0000 104.5000 53 0 1 NA[1]
104.5000 104.7500 57 4 1 NA[1]
104.7500 105.0000 60 7 1 NA[1]
105.0000 105.0625 67 2 1 NA[1]
105.0625 105.1250 65 0 1 NA[1]
105.1250 105.2500 67 2 1 NA[1]
105.2500 105.5000 65 0 1 NA[1]
106.0000 106.0625 67 2 1 NA[1]
106.0625 106.1250 65 0 1 NA[1]
106.1250 106.2500 67 2 1 NA[1]
106.2500 106.5000 65 0 1 NA[1]
106.7500 106.8125 63 10 1 HEY[1]
106.9375 108.0000 60 7 1 JUDE[1]
108.0000 108.5000 53 0 1 NA[1]
108.5000 108.7500 57 4 1 NA[1]
108.7500 109.0000 60 7 1 NA[1]
109.0000 109.0625 67 2 1 NA[1]
109.0625 109.1250 65 0 1 NA[1]
109.1250 109.2500 67 2 1 NA[1]
109.2500 109.5000 65 0 1 NA[1]
110.0000 110.0625 67 2 1 NA[1]
110.0625 110.1250 65 0 1 NA[1]
110.1250 110.2500 67 2 1 NA[1]
110.2500 110.5000 65 0 1 NA[1]
110.7500 110.8125 63 10 1 HEY[1]
110.9375 112.0000 60 7 1 JUDE[1]
112.0000 112.5000 53 0 1 NA[1]
112.5000 112.7500 57 4 1 NA[1]
112.7500 113.0000 60 7 1 NA[1]
113.0000 113.0625 67 2 1 NA[1]
113.0625 113.1250 65 0 1 NA[1]
113.1250 113.2500 67 2 1 NA[1]
113.2500 113.5000 65 0 1 NA[1]
114.0000 114.0625 67 2 1 NA[1]
114.0625 114.1250 65 0 1 NA[1]
114.1250 114.2500 67 2 1 NA[1]
114.2500 114.5000 65 0 1 NA[1]
114.7500 114.8125 63 10 1 HEY[1]
114.9375 116.0000 60 7 1 JUDE[1]
116.0000 116.5000 53 0 1 NA[1]
116.5000 116.7500 57 4 1 NA[1]
116.7500 117.0000 60 7 1 NA[1]
117.0000 117.0625 67 2 1 NA[1]
117.0625 117.1250 65 0 1 NA[1]
117.1250 117.2500 67 2 1 NA[1]
117.2500 117.5000 65 0 1 NA[1]
118.0000 118.0625 67 2 1 NA[1]
118.0625 118.1250 65 0 1 NA[1]
118.1250 118.2500 67 2 1 NA[1]
118.2500 118.5000 65 0 1 NA[1]
118.7500 118.8125 63 10 1 HEY[1]
118.9375 120.0000 60 7 1 JUDE[1]
120.0000 120.5000 53 0 1 NA[1]
120.5000 120.7500 57 4 1 NA[1]
120.7500 121.0000 60 7 1 NA[1]
121.0000 121.0625 67 2 1 NA[1]
121.0625 121.1250 65 0 1 NA[1]
121.1250 121.2500 67 2 1 NA[1]
121.2500 121.5000 65 0 1 NA[1]
122.0000 122.0625 67 2 1 NA[1]
122.0625 122.1250 65 0 1 NA[1]
122.1250 122.2500 67 2 1 NA[1]
122.2500 122.5000 65 0 1 NA[1]
122.7500 122.8125 63 10 1 HEY[1]
122.9375 124.0000 60 7 1 JUDE[1]
124.0000 124.5000 53 0 1 NA[1]
124.5000 124.7500 57 4 1 NA[1]
124.7500 125.0000 60 7 1 NA[1]
125.0000 125.0625 67 2 1 NA[1]
125.0625 125.1250 65 0 1 NA[1]
125.1250 125.2500 67 2 1 NA[1]
125.2500 125.5000 65 0 1 NA[1]
126.0000 126.0625 67 2 1 NA[1]
126.0625 126.1250 65 0 1 NA[1]
126.1250 126.2500 67 2 1 NA[1]
126.2500 126.5000 65 0 1 NA[1]
126.7500 126.8125 63 10 1 HEY[1]
126.9375 128.0000 60 7 1 JUDE[1]
128.0000 128.5000 53 0 1 NA[1]
128.5000 128.7500 57 4 1 NA[1]
128.7500 129.0000 60 7 1 NA[1]
129.0000 129.0625 67 2 1 NA[1]
129.0625 129.1250 65 0 1 NA[1]
129.1250 129.2500 67 2 1 NA[1]
129.2500 129.5000 65 0 1 NA[1]
130.0000 130.0625 67 2 1 NA[1]
130.0625 130.1250 65 0 1 NA[1]
130.1250 130.2500 67 2 1 NA[1]
130.2500 130.5000 65 0 1 NA[1]
130.7500 130.8125 63 10 1 HEY[1]
130.9375 132.0000 60 7 1 JUDE[1]
