6.0000 6.0625 60 7 0 I[1]
6.1250 6.2500 65 0 1 KNOW[1]
6.2500 6.3750 65 0 1 THERE'S[1]
6.3750 6.4375 60 7 1 PAIN[1]
7.6250 7.7500 69 4 1 WHY[1]
7.7500 7.8750 69 4 1 DO[1]
7.8750 8.0000 69 4 0 YOU[1]
8.0000 8.1250 69 4 1 LOCK[1]
8.1250 8.2500 65 0 0 YOURSELF[1]
8.2500 8.3750 65 0 1 YOURSELF[2]
8.3750 8.5000 65 0 0 UP[1]
8.5000 8.6250 62 9 0 IN[1]
8.6250 8.8750 62 9 0 THESE[1]
8.8750 9.2500 62 9 1 CHAINS[1]
10.0000 10.0625 60 7 0 NO[1]
10.1250 10.2500 65 0 0 ONE[1]
10.2500 10.3750 65 0 0 CAN[1]
10.3750 10.4375 60 7 1 CHANGE[1]
10.5625 10.6250 65 0 0 YOUR[1]
10.6250 10.7500 65 0 1 LIFE[1]
10.7500 10.8750 65 0 0 EXCEPT[1]
10.8750 11.0625 62 9 1 EXCEPT[2]
11.0625 11.1250 60 7 0 FOR[1]
11.1250 11.2500 60 7 0 YOU[1]
11.8750 12.0000 60 7 1 DON'T[1]
12.0000 12.1250 69 4 1 EVER[1]
12.1250 12.2500 69 4 0 EVER[2]
12.2500 12.3750 69 4 1 LET[1]
12.3750 12.5000 69 4 1 ANYONE[1]
12.5000 12.6250 69 4 0 ANYONE[2]
12.6250 12.7500 69 4 2 ANYONE[3]
12.7500 12.8750 69 4 1 STEP[1]
12.8750 13.0000 69 4 0 ALL[1]
13.0000 13.1250 72 7 1 OVER[1]
13.1250 13.1875 65 0 0 OVER[2]
13.1875 13.3750 65 0 0 YOU[1]
13.8750 14.0000 60 7 1 JUST[1]
14.0000 14.1250 69 4 1 OPEN[1]
14.1250 14.2500 60 7 0 OPEN[2]
14.2500 14.3750 60 7 0 YOUR[1]
14.3750 14.5000 67 2 1 HEART[1]
14.6250 14.7500 67 2 0 AND[1]
14.7500 14.8750 69 4 0 YOUR[1]
14.8750 15.0000 67 2 1 MIND[1]
16.1250 16.1875 62 9 1 IS[1]
16.1875 16.2500 62 9 0 IT[1]
16.2500 16.3125 65 0 1 REALLY[1]
16.3125 16.3750 65 0 0 REALLY[2]
16.3750 16.5000 65 0 1 FAIR[1]
16.7500 16.8750 58 5 0 TO[1]
16.8750 17.2500 65 0 1 FEEL[1]
17.5000 17.6250 62 9 0 THIS[1]
17.6250 17.7500 60 7 1 WAY[1]
17.7500 17.8750 58 5 2 INSIDE[1]
17.8750 18.0000 58 5 1 INSIDE[2]
18.6250 18.7500 67 2 1 OH[1]
19.1250 19.2500 62 9 0 SOME[1]
19.2500 19.3750 65 0 1 DAY[1]
19.3750 19.5000 62 9 1 SOMEBODY'S[1]
19.5000 19.5625 65 0 2 SOMEBODY'S[2]
19.5625 19.6250 65 0 0 SOMEBODY'S[3]
19.6250 19.6875 62 9 1 GONNA[1]
19.6875 19.7500 62 9 0 GONNA[2]
19.7500 19.8125 65 0 1 MAKE[1]
19.8125 19.8750 65 0 0 YOU[1]
19.8750 19.9375 65 0 1 WANT[1]
19.9375 20.0000 62 9 0 TO[1]
20.0000 20.0625 65 0 1 TURN[1]
20.0625 20.1250 65 0 0 AROUND[1]
20.1250 20.1875 65 0 1 AROUND[2]
20.1875 20.2500 62 9 0 AND[1]
20.2500 20.3750 65 0 1 SAY[1]
20.3750 20.4375 65 0 2 GOODBYE[1]
20.4375 20.7500 69 4 1 GOODBYE[2]
21.0625 21.1250 65 0 0 UNTIL[1]
21.1250 21.2500 72 7 1 UNTIL[2]
21.2500 21.3750 72 7 0 THEN[1]
21.3750 21.4375 60 7 1 BABY[1]
21.5000 21.6250 65 0 0 BABY[2]
21.6250 21.6875 60 7 1 ARE[1]
21.6875 21.7500 60 7 0 YOU[1]
21.7500 21.8125 60 7 1 GONNA[1]
21.8125 21.8750 60 7 0 GONNA[2]
21.8750 21.9375 60 7 1 LET[1]
21.9375 22.0000 57 4 0 THEM[1]
22.0000 22.0625 62 9 1 HOLD[1]
22.0625 22.1250 60 7 0 YOU[1]
22.1250 22.1875 60 7 0 DOWN[1]
22.1875 22.2500 57 4 0 AND[1]
22.2500 22.3750 60 7 1 MAKE[1]
22.3750 22.5000 57 4 0 YOU[1]
22.5000 22.5625 60 7 1 CRY[1]
22.7500 22.8125 60 7 1 DON'T[1]
22.8125 22.8750 62 9 0 YOU[1]
22.8750 23.0000 65 0 1 KNOW[1]
23.1250 23.1875 65 0 1 DON'T[1]
23.1875 23.2500 67 2 0 YOU[1]
23.2500 23.3750 69 4 1 KNOW[1]
23.5000 23.5625 65 0 1 THINGS[1]
23.5625 23.6250 67 2 0 CAN[1]
23.6250 23.7500 69 4 1 CHANGE[1]
24.0000 24.0625 65 0 1 THINGS'LL[1]
24.0625 24.1250 67 2 0 THINGS'LL[2]
24.1250 24.2500 69 4 1 GO[1]
24.2500 24.3750 69 4 0 YOUR[1]
24.3750 24.5000 69 4 1 WAY[1]
24.6250 24.6875 65 0 0 IF[1]
24.6875 24.7500 65 0 0 YOU[1]
24.7500 25.1250 72 7 1 HOLD[1]
25.3750 25.4375 65 0 0 ON[1]
25.7500 25.8750 65 0 0 FOR[1]
25.8750 26.0000 65 0 0 ONE[1]
26.0000 26.1250 65 0 0 MORE[1]
26.1250 26.2500 62 9 1 DAY[1]
26.6250 26.6875 60 7 0 CAN[1]
26.6875 26.7500 60 7 0 YOU[1]
26.7500 27.1250 67 2 1 HOLD[1]
27.3750 27.5000 65 0 0 ON[1]
27.7500 27.8750 60 7 0 FOR[1]
27.8750 28.0000 60 7 0 ONE[1]
28.0000 28.1250 65 0 0 MORE[1]
28.1250 28.2500 65 0 1 DAY[1]
28.5000 28.6250 65 0 1 THINGS'LL[1]
28.6250 28.6875 62 9 0 THINGS'LL[2]
28.6875 28.8125 65 0 1 GO[1]
28.8125 28.8750 65 0 0 YOUR[1]
28.8750 29.0000 62 9 1 WAY[1]
30.1250 30.2500 67 2 1 HOLD[1]
30.2500 30.3750 65 0 0 ON[1]
30.3750 30.5000 60 7 0 FOR[1]
30.5000 30.6250 60 7 0 ONE[1]
30.6250 30.7500 57 4 0 MORE[1]
30.7500 35.0000 65 0 1 DAY[1]
35.0000 35.1250 69 4 0 YOU[1]
35.1250 35.2500 60 7 0 COULD[1]
35.2500 35.3750 60 7 0 SUSTAIN[1]
35.3750 35.7500 65 0 1 SUSTAIN[2]
36.6250 36.7500 65 0 0 OR[1]
36.7500 36.8750 65 0 1 ARE[1]
36.8750 37.0000 65 0 0 YOU[1]
37.0000 37.1250 65 0 1 COMFORTABLE(1)[1]
37.1250 37.2500 62 9 0 COMFORTABLE(1)[2]
37.2500 37.3750 62 9 0 COMFORTABLE(1)[3]
37.3750 37.5000 62 9 0 WITH[1]
37.5000 37.6250 60 7 0 THE[1]
37.6250 38.0000 62 9 1 PAIN[1]
38.7500 38.8750 60 7 1 YOU'VE[1]
38.8750 39.0000 60 7 1 GOT[1]
39.0000 39.0625 60 7 0 NO[1]
39.1250 39.2500 65 0 0 ONE[1]
39.2500 39.3750 65 0 0 TO[1]
39.3750 39.4375 60 7 1 BLAME[1]
39.5625 39.6250 65 0 0 FOR[1]
39.6250 39.7500 65 0 0 YOUR[1]
39.7500 39.8750 65 0 0 UNHAPPINESS[1]
39.8750 40.0625 62 9 1 UNHAPPINESS[2]
40.0625 40.1250 60 7 0 UNHAPPINESS[3]
40.1250 40.2500 60 7 0 UNHAPPINESS[4]
40.6250 40.7500 72 7 0 NO[1]
40.7500 40.8750 67 2 1 BABY[1]
40.8750 41.0000 65 0 0 BABY[2]
41.0000 41.1250 69 4 0 YOU[1]
41.1250 41.2500 69 4 1 GOT[1]
41.2500 41.3750 69 4 0 YOURSELF[1]
41.3750 41.5000 69 4 1 YOURSELF[2]
41.5000 41.6250 69 4 1 INTO[1]
41.6250 41.7500 69 4 0 INTO[2]
41.7500 41.8750 69 4 0 YOUR[1]
41.8750 42.0000 72 7 1 OWN[1]
42.0000 42.2500 65 0 1 MESS[1]
43.0000 43.1250 69 4 1 LETTING[1]
43.1250 43.2500 60 7 0 LETTING[2]
43.2500 43.3750 60 7 0 YOUR[1]
43.3750 43.5000 67 2 1 WORRIES[1]
43.5000 43.6250 67 2 0 WORRIES[2]
43.6250 43.7500 67 2 1 PASS[1]
43.7500 43.8750 69 4 0 YOU[1]
43.8750 44.0000 67 2 0 BY[1]
45.1250 45.2500 65 0 1 DON'T[1]
45.2500 45.3750 62 9 0 YOU[1]
45.3750 45.5000 65 0 1 THINK[1]
45.5000 45.6250 62 9 1 IT'S[1]
45.6250 45.7500 65 0 1 WORTH[1]
45.7500 45.8750 62 9 0 YOUR[1]
45.8750 46.0000 65 0 1 TIME[1]
46.4375 46.5000 60 7 0 TO[1]
46.5000 46.6250 62 9 1 CHANGE[1]
46.7500 46.8750 60 7 0 YOUR[1]
46.8750 47.0000 57 4 1 MIND[1]
48.1250 48.2500 62 9 0 SOME[1]
48.2500 48.3750 65 0 1 DAY[1]
48.3750 48.5000 62 9 1 SOMEBODY'S[1]
48.5000 48.5625 65 0 2 SOMEBODY'S[2]
48.5625 48.6250 65 0 0 SOMEBODY'S[3]
48.6250 48.6875 62 9 1 GONNA[1]
48.6875 48.7500 62 9 0 GONNA[2]
48.7500 48.8125 65 0 1 MAKE[1]
48.8125 48.8750 65 0 0 YOU[1]
48.8750 48.9375 65 0 1 WANT[1]
48.9375 49.0000 62 9 0 TO[1]
49.0000 49.0625 65 0 1 TURN[1]
49.0625 49.1250 65 0 0 AROUND[1]
49.1250 49.1875 65 0 1 AROUND[2]
49.1875 49.2500 62 9 0 AND[1]
49.2500 49.3750 65 0 1 SAY[1]
49.3750 49.4375 65 0 2 GOODBYE[1]
49.4375 49.7500 69 4 1 GOODBYE[2]
50.0625 50.1250 65 0 0 UNTIL[1]
50.1250 50.2500 72 7 1 UNTIL[2]
50.2500 50.3750 72 7 0 THEN[1]
50.3750 50.4375 60 7 1 BABY[1]
50.5000 50.6250 65 0 0 BABY[2]
50.6250 50.6875 60 7 1 ARE[1]
50.6875 50.7500 60 7 0 YOU[1]
50.7500 50.8125 60 7 1 GONNA[1]
50.8125 50.8750 60 7 0 GONNA[2]
50.8750 50.9375 60 7 1 LET[1]
50.9375 51.0000 57 4 0 THEM[1]
51.0000 51.0625 62 9 1 HOLD[1]
51.0625 51.1250 60 7 0 YOU[1]
51.1250 51.1875 60 7 0 DOWN[1]
51.1875 51.2500 57 4 0 AND[1]
51.2500 51.3750 60 7 1 MAKE[1]
51.3750 51.5000 57 4 0 YOU[1]
51.5000 51.5625 60 7 1 CRY[1]
51.7500 51.8125 60 7 1 DON'T[1]
51.8125 51.8750 62 9 0 YOU[1]
51.8750 52.0000 65 0 1 KNOW[1]
52.1250 52.1875 65 0 1 DON'T[1]
52.1875 52.2500 67 2 0 YOU[1]
52.2500 52.3750 69 4 1 KNOW[1]
52.5000 52.5625 65 0 1 THINGS[1]
52.5625 52.6250 67 2 0 CAN[1]
52.6250 52.7500 69 4 1 CHANGE[1]
53.0000 53.0625 65 0 1 THINGS'LL[1]
53.0625 53.1250 67 2 0 THINGS'LL[2]
53.1250 53.2500 69 4 1 GO[1]
53.2500 53.3750 69 4 0 YOUR[1]
53.3750 53.5000 69 4 1 WAY[1]
53.6250 53.6875 65 0 0 IF[1]
53.6875 53.7500 65 0 0 YOU[1]
53.7500 54.1250 72 7 1 HOLD[1]
54.3750 54.4375 65 0 0 ON[1]
54.7500 54.8750 65 0 0 FOR[1]
54.8750 55.0000 65 0 0 ONE[1]
55.0000 55.1250 65 0 0 MORE[1]
55.1250 55.2500 62 9 1 DAY[1]
55.6250 55.6875 60 7 0 CAN[1]
55.6875 55.7500 60 7 0 YOU[1]
55.7500 56.1250 67 2 1 HOLD[1]
56.3750 56.5000 65 0 0 ON[1]
56.7500 56.8750 60 7 0 FOR[1]
56.8750 57.0000 60 7 0 ONE[1]
57.0000 57.1250 65 0 0 MORE[1]
57.1250 57.2500 65 0 1 DAY[1]
57.5000 57.6250 65 0 1 THINGS'LL[1]
57.6250 57.6875 62 9 0 THINGS'LL[2]
57.6875 57.8125 65 0 1 GO[1]
57.8125 57.8750 65 0 0 YOUR[1]
57.8750 58.0000 62 9 1 WAY[1]
59.1250 59.2500 70 5 1 HOLD[1]
59.2500 59.3750 69 4 0 ON[1]
59.3750 59.5000 65 0 0 FOR[1]
59.5000 59.6250 65 0 0 ONE[1]
59.6250 59.7500 60 7 0 MORE[1]
59.7500 59.8750 58 5 1 DAY[1]
60.1250 60.2500 62 9 0 I[1]
60.2500 60.3750 65 0 1 KNOW[1]
60.3750 60.4375 62 9 0 THAT[1]
60.4375 60.5625 65 0 1 THERE[1]
60.5625 60.6250 62 9 1 IS[1]
60.6250 60.8125 60 7 1 PAIN[1]
60.8125 60.8750 60 7 0 BUT[1]
60.8750 60.9375 60 7 0 YOU[1]
61.1250 61.1875 60 7 1 HOLD[1]
61.2500 61.3750 65 0 0 ON[1]
61.3750 61.4375 62 9 0 FOR[1]
61.4375 61.5625 65 0 0 ONE[1]
61.5625 61.6250 62 9 0 MORE[1]
61.6250 61.8125 60 7 1 DAY[1]
61.8125 61.8750 60 7 0 AND[1]
61.8750 61.9375 60 7 0 YOU[1]
62.1250 62.2500 69 4 1 BREAK[1]
62.2500 62.4375 67 2 1 FREE[1]
62.4375 62.5625 64 11 0 FROM[1]
62.5625 62.6250 64 11 0 THE[1]
62.6250 62.8750 64 11 1 CHAINS[1]
64.0625 64.1250 60 7 1 YEAH[1]
64.1250 64.2500 72 7 0 I[1]
64.2500 64.3750 67 2 1 KNOW[1]
64.3750 64.4375 67 2 0 THAT[1]
64.4375 64.5625 67 2 1 THERE[1]
64.5625 64.6250 65 0 1 IS[1]
64.6250 64.8750 65 0 1 PAIN[1]
64.8750 64.9375 62 9 0 BUT[1]
64.9375 65.0000 60 7 0 YOU[1]
65.1250 65.1875 60 7 1 HOLD[1]
65.2500 65.3750 65 0 0 ON[1]
65.3750 65.4375 62 9 0 FOR[1]
65.4375 65.5625 65 0 0 ONE[1]
65.5625 65.6250 62 9 0 MORE[1]
65.6250 65.8125 67 2 1 DAY[1]
65.8125 65.8750 67 2 0 AND[1]
65.8750 65.9375 67 2 0 YOU[1]
66.1250 66.2500 72 7 1 BREAK[1]
66.2500 66.3125 67 2 1 FREE[1]
66.3750 66.5000 72 7 1 BREAK[1]
66.5000 66.6250 67 2 0 FROM[1]
66.6250 66.6875 67 2 0 THE[1]
66.6875 66.8750 67 2 1 CHAINS[1]
68.1250 68.2500 62 9 0 SOME[1]
68.2500 68.3750 65 0 1 DAY[1]
68.3750 68.5000 62 9 1 SOMEBODY'S[1]
68.5000 68.5625 65 0 2 SOMEBODY'S[2]
68.5625 68.6250 65 0 0 SOMEBODY'S[3]
68.6250 68.6875 62 9 1 GONNA[1]
68.6875 68.7500 62 9 0 GONNA[2]
68.7500 68.8125 65 0 1 MAKE[1]
68.8125 68.8750 65 0 0 YOU[1]
68.8750 68.9375 65 0 1 WANT[1]
68.9375 69.0000 62 9 0 TO[1]
69.0000 69.0625 65 0 1 TURN[1]
69.0625 69.1250 65 0 0 AROUND[1]
69.1250 69.1875 65 0 1 AROUND[2]
69.1875 69.2500 62 9 0 AND[1]
69.2500 69.3750 65 0 1 SAY[1]
69.3750 69.4375 65 0 2 GOODBYE[1]
69.4375 69.7500 69 4 1 GOODBYE[2]
70.0625 70.1250 65 0 0 UNTIL[1]
70.1250 70.2500 72 7 1 UNTIL[2]
70.2500 70.3750 72 7 0 THEN[1]
70.3750 70.4375 60 7 1 BABY[1]
70.5000 70.6250 65 0 0 BABY[2]
70.6250 70.6875 60 7 1 ARE[1]
70.6875 70.7500 60 7 0 YOU[1]
70.7500 70.8125 60 7 1 GONNA[1]
70.8125 70.8750 60 7 0 GONNA[2]
70.8750 70.9375 60 7 1 LET[1]
70.9375 71.0000 57 4 0 THEM[1]
71.0000 71.0625 62 9 1 HOLD[1]
71.0625 71.1250 60 7 0 YOU[1]
71.1250 71.1875 60 7 0 DOWN[1]
71.1875 71.2500 57 4 0 AND[1]
71.2500 71.3750 60 7 1 MAKE[1]
71.3750 71.5000 57 4 0 YOU[1]
71.5000 71.5625 60 7 1 CRY[1]
71.7500 71.8125 60 7 1 DON'T[1]
71.8125 71.8750 62 9 0 YOU[1]
71.8750 72.0000 65 0 1 KNOW[1]
72.1250 72.1875 65 0 1 DON'T[1]
72.1875 72.2500 67 2 0 YOU[1]
72.2500 72.3750 69 4 1 KNOW[1]
72.5000 72.5625 65 0 1 THINGS[1]
72.5625 72.6250 67 2 0 CAN[1]
72.6250 72.7500 69 4 1 CHANGE[1]
73.0000 73.0625 65 0 1 THINGS'LL[1]
73.0625 73.1250 67 2 0 THINGS'LL[2]
73.1250 73.2500 69 4 1 GO[1]
73.2500 73.3750 69 4 0 YOUR[1]
73.3750 73.5000 69 4 1 WAY[1]
73.6250 73.6875 65 0 0 IF[1]
73.6875 73.7500 65 0 0 YOU[1]
73.7500 74.1250 72 7 1 HOLD[1]
74.3750 74.4375 65 0 0 ON[1]
74.7500 74.8750 72 7 0 FOR[1]
74.8750 75.0000 72 7 0 ONE[1]
75.0000 75.1250 68 3 0 MORE[1]
75.1250 75.2500 67 2 1 DAY[1]
75.7500 76.1250 67 2 1 HOLD[1]
76.3750 79.0000 65 0 0 ON[1]
80.1250 80.1875 65 0 1 DON'T[1]
80.1875 80.2500 67 2 0 YOU[1]
80.2500 80.3750 69 4 1 KNOW[1]
80.5000 80.5625 65 0 1 THINGS[1]
80.5625 80.6250 67 2 0 CAN[1]
80.6250 80.7500 69 4 1 CHANGE[1]
81.0000 81.0625 65 0 1 THINGS'LL[1]
81.0625 81.1250 67 2 0 THINGS'LL[2]
81.1250 81.2500 69 4 1 GO[1]
81.2500 81.3750 69 4 0 YOUR[1]
81.3750 81.5000 69 4 1 WAY[1]
81.6250 81.6875 65 0 0 IF[1]
81.6875 81.7500 65 0 0 YOU[1]
81.7500 82.1250 72 7 1 HOLD[1]
82.3750 82.4375 65 0 0 ON[1]
82.7500 82.8750 72 7 0 FOR[1]
82.8750 83.0000 72 7 0 ONE[1]
83.0000 83.1250 68 3 0 MORE[1]
83.1250 83.2500 67 2 1 DAY[1]
83.6250 83.6875 60 7 0 IF[1]
83.6875 83.7500 60 7 0 YOU[1]
83.7500 84.1250 67 2 1 HOLD[1]
84.3750 85.0000 65 0 0 ON[1]
