5.625 5.750 61 4 0 FOR[1]
5.750 5.875 61 4 0 SO[1]
5.875 6.000 61 4 1 LONG[1]
7.000 7.125 61 4 0 YOU[1]
7.125 7.250 61 4 0 AND[1]
7.250 7.375 59 2 0 ME[1]
7.375 7.438 59 2 1 BEEN[1]
7.438 7.562 64 7 1 FINDING[1]
7.562 7.625 64 7 0 FINDING[2]
7.625 7.750 64 7 0 EACH[1]
7.750 7.875 61 4 1 OTHER[1]
7.875 8.000 59 2 0 OTHER[2]
8.000 8.125 59 2 0 FOR[1]
8.125 8.250 59 2 0 SO[1]
8.250 8.375 59 2 1 LONG[1]
8.875 8.938 52 7 0 AND[1]
8.938 9.000 52 7 0 THE[1]
9.000 9.125 54 9 1 FEELING[1]
9.125 9.250 57 0 0 FEELING[2]
9.250 9.312 57 0 0 THAT[1]
9.312 9.438 59 2 0 I[1]
9.438 9.625 61 4 1 FEEL[1]
9.625 9.750 59 2 0 FOR[1]
9.750 9.875 57 0 0 YOU[1]
9.875 10.000 59 2 1 IS[1]
10.125 10.312 61 4 0 MORE[1]
10.312 10.500 62 5 0 THAN[1]
10.500 10.688 61 4 1 STRONG[1]
10.688 10.875 59 2 1 GIRL[1]
11.000 11.125 61 4 1 TAKE[1]
11.125 11.250 62 5 0 IT[1]
11.250 11.375 64 7 0 FROM[1]
11.375 11.438 64 7 0 ME[1]
11.875 11.938 61 4 0 IF[1]
11.938 12.000 61 4 0 YOU[1]
12.000 12.062 62 5 1 GIVE[1]
12.062 12.125 62 5 0 A[1]
12.125 12.188 62 5 1 LITTLE[1]
12.188 12.250 62 5 0 LITTLE[2]
12.250 12.375 62 5 0 MORE[1]
12.375 12.438 61 4 0 THAN[1]
12.438 12.500 59 2 1 YOU'RE[1]
12.500 12.562 61 4 1 ASKING[1]
12.562 12.750 59 2 0 ASKING[2]
12.750 12.875 59 2 0 FOR[1]
12.875 12.938 61 4 0 YOUR[1]
12.938 13.125 62 5 1 LOVE[1]
13.125 13.250 62 5 0 WILL[1]
13.250 13.375 61 4 1 TURN[1]
13.375 13.438 59 2 0 THE[1]
13.438 13.500 59 2 1 KEY[1]
13.750 13.875 61 4 1 DARLING[1]
13.875 14.000 61 4 0 DARLING[2]
14.000 14.125 61 4 0 MINE[1]
15.000 15.125 61 4 0 I[1]
15.125 15.250 61 4 0 WOULD[1]
15.250 15.375 59 2 1 WAIT[1]
15.375 15.438 59 2 0 FOREVER[1]
15.438 15.562 64 7 1 FOREVER[2]
15.562 15.688 64 7 0 FOREVER[3]
15.688 15.875 61 4 0 FOR[1]
15.875 16.000 59 2 0 THOSE[1]
16.000 16.125 59 2 1 LIPS[1]
16.125 16.250 59 2 0 OF[1]
16.250 16.375 59 2 1 WINE[1]
17.000 17.125 54 9 1 BUILD[1]
17.125 17.250 57 0 0 MY[1]
17.250 17.375 57 0 1 WORLD[1]
17.375 17.438 59 2 0 AROUND[1]
17.438 17.625 61 4 1 AROUND[2]
17.625 17.688 59 2 0 YOU[1]
17.688 17.812 57 0 1 DARLING[1]
17.812 18.000 59 2 0 DARLING[2]
18.000 18.125 61 4 0 THIS[1]
18.125 18.250 61 4 1 LOVE[1]
18.250 18.375 62 5 0 WILL[1]
18.375 18.438 59 2 1 SHINE[1]
18.562 18.750 59 2 1 GIRL[1]
19.000 19.125 61 4 1 WATCH[1]
19.125 19.250 62 5 0 IT[1]
19.250 19.375 64 7 0 AND[1]
19.375 19.438 64 7 1 SEE[1]
19.812 19.938 69 0 0 IF[1]
19.938 20.000 69 0 0 YOU[1]
20.000 20.062 69 0 1 GIVE[1]
20.062 20.125 69 0 0 A[1]
20.125 20.188 69 0 1 LITTLE[1]
20.188 20.250 69 0 0 LITTLE[2]
20.250 20.375 69 0 0 MORE[1]
20.375 20.438 66 9 0 THAN[1]
20.438 20.500 64 7 1 YOU'RE[1]
20.500 20.562 69 0 1 ASKING[1]
20.562 20.750 69 0 0 ASKING[2]
20.750 20.875 69 0 0 FOR[1]
20.875 20.938 66 9 0 YOUR[1]
20.938 21.125 69 0 1 LOVE[1]
21.125 21.250 69 0 0 WILL[1]
21.250 21.375 66 9 1 TURN[1]
21.375 21.438 64 7 0 THE[1]
21.438 21.500 64 7 1 KEY[1]
22.875 23.125 69 0 0 I[1]
23.125 23.250 69 0 1 JUST[1]
23.250 23.375 69 0 1 WANT[1]
23.375 23.438 69 0 0 TO[1]
23.438 23.500 69 0 1 BE[1]
23.625 23.750 68 11 0 YOUR[1]
23.750 23.938 68 11 1 EVERYTHING[1]
23.938 24.125 66 9 0 EVERYTHING[2]
24.125 24.250 66 9 2 EVERYTHING[3]
25.062 25.188 64 7 1 OPEN[1]
25.188 25.250 64 7 0 OPEN[2]
25.250 25.375 64 7 0 UP[1]
25.375 25.500 62 5 0 THE[1]
25.500 25.625 62 5 1 HEAVEN[1]
25.625 25.688 61 4 0 HEAVEN[2]
25.688 25.812 62 5 0 IN[1]
25.812 25.938 64 7 0 YOUR[1]
25.938 26.125 64 7 1 HEART[1]
26.125 26.250 62 5 0 AND[1]
26.250 26.375 62 5 1 LET[1]
26.375 26.438 61 4 0 ME[1]
26.438 26.500 62 5 1 BE[1]
26.938 27.000 64 7 0 THE[1]
27.000 27.125 64 7 1 THINGS[1]
27.125 27.250 62 5 0 YOU[1]
27.250 27.375 62 5 1 ARE[1]
27.375 27.438 61 4 0 TO[1]
27.438 27.500 62 5 0 ME[1]
27.833 27.917 62 5 0 AND[1]
27.917 28.000 61 4 1 NOT[1]
28.000 28.125 59 2 0 SOME[1]
28.125 28.250 62 5 1 PUPPET[1]
28.250 28.333 61 4 0 PUPPET[2]
28.333 28.417 61 4 0 ON[1]
28.417 28.500 59 2 0 A[1]
28.500 28.750 61 4 1 STRING[1]
30.875 30.938 69 0 0 IF[1]
30.938 31.125 69 0 0 I[1]
31.125 31.250 69 0 1 STAY[1]
31.250 31.375 69 0 1 HERE[1]
31.375 31.438 69 0 0 WITHOUT[1]
31.438 31.625 69 0 1 WITHOUT[2]
31.625 31.750 68 11 0 YOU[1]
31.750 31.875 68 11 1 DARLING[1]
31.875 32.000 66 9 0 DARLING[2]
32.000 32.125 66 9 0 I[1]
32.125 32.250 66 9 0 WILL[1]
32.250 32.375 66 9 1 DIE[1]
33.062 33.250 64 7 0 I[1]
33.250 33.375 64 7 1 WANT[1]
33.375 33.438 62 5 0 YOU[1]
33.438 33.500 62 5 1 LAYING[1]
33.625 33.750 61 4 0 LAYING[2]
33.750 33.875 62 5 0 IN[1]
33.875 33.938 64 7 0 THE[1]
33.938 34.125 64 7 1 LOVE[1]
34.125 34.250 62 5 0 I[1]
34.250 34.375 62 5 1 HAVE[1]
34.375 34.438 61 4 0 TO[1]
34.438 34.500 62 5 1 BRING[1]
34.938 35.125 64 7 1 I'D[1]
35.125 35.250 62 5 1 DO[1]
35.250 35.375 62 5 1 ANYTHING[1]
35.375 35.438 61 4 0 ANYTHING[2]
35.438 35.500 62 5 2 ANYTHING[3]
35.688 35.750 68 11 0 TO[1]
35.750 35.875 69 0 1 BE[1]
35.875 36.000 71 2 0 YOUR[1]
36.000 36.375 71 2 1 EVERYTHING[1]
36.375 36.625 69 0 0 EVERYTHING[2]
36.625 47.000 69 0 2 EVERYTHING[3]
47.438 47.500 52 7 1 DARLING[1]
47.625 47.750 57 0 0 DARLING[2]
47.750 47.875 61 4 0 FOR[1]
47.875 48.000 64 7 0 SO[1]
48.000 48.125 61 4 1 LONG[1]
49.000 49.125 61 4 0 YOU[1]
49.125 49.250 61 4 0 AND[1]
49.250 49.375 59 2 0 ME[1]
49.375 49.438 59 2 1 BEEN[1]
49.438 49.562 64 7 1 FINDING[1]
49.562 49.625 64 7 0 FINDING[2]
49.625 49.750 64 7 0 EACH[1]
49.750 49.875 61 4 1 OTHER[1]
49.875 50.000 59 2 0 OTHER[2]
50.000 50.125 59 2 0 FOR[1]
50.125 50.250 59 2 0 SO[1]
50.250 50.375 59 2 1 LONG[1]
50.875 50.938 52 7 0 AND[1]
50.938 51.000 52 7 0 THE[1]
51.000 51.125 54 9 1 FEELING[1]
51.125 51.250 57 0 0 FEELING[2]
51.250 51.312 57 0 0 THAT[1]
51.312 51.438 59 2 0 I[1]
51.438 51.625 60 3 1 FEEL[1]
51.625 51.750 59 2 0 FOR[1]
51.750 51.875 57 0 0 YOU[1]
51.875 52.000 59 2 1 IS[1]
52.125 52.312 61 4 0 MORE[1]
52.312 52.500 62 5 0 THAN[1]
52.500 52.688 61 4 1 STRONG[1]
52.688 52.875 59 2 1 GIRL[1]
53.000 53.125 61 4 1 TAKE[1]
53.125 53.250 62 5 0 IT[1]
53.250 53.375 64 7 0 FROM[1]
53.375 53.438 64 7 0 ME[1]
53.812 53.938 69 0 0 IF[1]
53.938 54.000 69 0 0 YOU[1]
54.000 54.062 69 0 1 GIVE[1]
54.062 54.125 69 0 0 A[1]
54.125 54.188 69 0 1 LITTLE[1]
54.188 54.250 69 0 0 LITTLE[2]
54.250 54.375 69 0 0 MORE[1]
54.375 54.438 66 9 0 THAN[1]
54.438 54.500 64 7 1 YOU'RE[1]
54.500 54.562 69 0 1 ASKING[1]
54.562 54.750 69 0 0 ASKING[2]
54.750 54.875 69 0 0 FOR[1]
54.875 54.938 66 9 0 YOUR[1]
54.938 55.125 69 0 1 LOVE[1]
55.125 55.250 69 0 0 WILL[1]
55.250 55.375 66 9 1 TURN[1]
55.375 55.438 64 7 0 THE[1]
55.438 55.500 64 7 1 KEY[1]
56.875 57.125 69 0 0 I[1]
57.125 57.250 69 0 1 JUST[1]
57.250 57.375 69 0 1 WANT[1]
57.375 57.438 69 0 0 TO[1]
57.438 57.500 69 0 1 BE[1]
57.625 57.750 68 11 0 YOUR[1]
57.750 57.938 68 11 1 EVERYTHING[1]
57.938 58.125 66 9 0 EVERYTHING[2]
58.125 58.250 66 9 2 EVERYTHING[3]
59.062 59.188 64 7 1 OPEN[1]
59.188 59.250 64 7 0 OPEN[2]
59.250 59.375 64 7 0 UP[1]
59.375 59.500 62 5 0 THE[1]
59.500 59.625 62 5 1 HEAVEN[1]
59.625 59.688 61 4 0 HEAVEN[2]
59.688 59.812 62 5 0 IN[1]
59.812 59.938 64 7 0 YOUR[1]
59.938 60.125 64 7 1 HEART[1]
60.125 60.250 62 5 0 AND[1]
60.250 60.375 62 5 1 LET[1]
60.375 60.438 61 4 0 ME[1]
60.438 60.500 62 5 1 BE[1]
60.938 61.000 64 7 0 THE[1]
61.000 61.125 64 7 1 THINGS[1]
61.125 61.250 62 5 0 YOU[1]
61.250 61.375 62 5 1 ARE[1]
61.375 61.438 61 4 0 TO[1]
61.438 61.500 62 5 0 ME[1]
61.750 61.812 62 5 0 AND[1]
61.812 61.938 61 4 1 NOT[1]
61.938 62.062 59 2 0 SOME[1]
62.062 62.188 62 5 1 PUPPET[1]
62.188 62.250 61 4 0 PUPPET[2]
62.250 62.312 61 4 0 ON[1]
62.312 62.438 59 2 0 A[1]
62.438 62.500 61 4 1 STRING[1]
64.875 64.938 69 0 0 IF[1]
64.938 65.125 69 0 0 I[1]
65.125 65.250 69 0 1 STAY[1]
65.250 65.375 69 0 1 HERE[1]
65.375 65.438 69 0 0 WITHOUT[1]
65.438 65.625 69 0 1 WITHOUT[2]
65.625 65.750 68 11 0 YOU[1]
65.750 65.875 68 11 1 DARLING[1]
65.875 66.000 66 9 0 DARLING[2]
66.000 66.125 66 9 0 I[1]
66.125 66.250 66 9 0 WILL[1]
66.250 66.375 66 9 1 DIE[1]
67.062 67.250 64 7 0 I[1]
67.250 67.375 64 7 1 WANT[1]
67.375 67.438 62 5 0 YOU[1]
67.438 67.500 62 5 1 LAYING[1]
67.625 67.750 61 4 0 LAYING[2]
67.750 67.875 62 5 0 IN[1]
67.875 67.938 64 7 0 THE[1]
67.938 68.125 64 7 1 LOVE[1]
68.125 68.250 62 5 0 I[1]
68.250 68.375 62 5 1 HAVE[1]
68.375 68.438 61 4 0 TO[1]
68.438 68.500 62 5 1 BRING[1]
68.938 69.125 64 7 1 I'D[1]
69.125 69.250 62 5 1 DO[1]
69.250 69.375 62 5 1 ANYTHING[1]
69.375 69.438 61 4 0 ANYTHING[2]
69.438 69.500 62 5 2 ANYTHING[3]
69.688 69.750 68 11 0 TO[1]
69.750 69.875 69 0 1 BE[1]
69.875 70.000 71 2 0 YOUR[1]
70.000 70.188 71 2 1 EVERYTHING[1]
70.188 70.375 69 0 0 EVERYTHING[2]
70.375 75.000 71 2 2 EVERYTHING[3]
75.875 76.125 69 0 0 I[1]
76.125 76.250 69 0 1 JUST[1]
76.250 76.375 69 0 1 WANT[1]
76.375 76.438 69 0 0 TO[1]
76.438 76.500 69 0 1 BE[1]
76.625 76.750 68 11 0 YOUR[1]
76.750 76.938 68 11 1 EVERYTHING[1]
76.938 77.125 66 9 0 EVERYTHING[2]
77.125 77.250 66 9 2 EVERYTHING[3]
78.062 78.188 66 9 1 OPEN[1]
78.188 78.250 64 7 0 OPEN[2]
78.250 78.375 64 7 0 UP[1]
78.375 78.500 62 5 0 THE[1]
78.500 78.625 62 5 1 HEAVEN[1]
78.625 78.688 61 4 0 HEAVEN[2]
78.688 78.812 62 5 0 IN[1]
78.812 78.938 64 7 0 YOUR[1]
78.938 79.125 64 7 1 HEART[1]
79.125 79.250 62 5 0 AND[1]
79.250 79.375 62 5 1 LET[1]
79.375 79.438 61 4 0 ME[1]
79.438 79.500 62 5 1 BE[1]
79.938 80.000 64 7 0 THE[1]
80.000 80.125 64 7 1 THINGS[1]
80.125 80.250 62 5 0 YOU[1]
80.250 80.375 62 5 1 ARE[1]
80.375 80.438 61 4 0 TO[1]
80.438 80.500 62 5 0 ME[1]
80.750 80.812 62 5 0 AND[1]
80.812 80.938 61 4 1 NOT[1]
80.938 81.062 59 2 0 SOME[1]
81.062 81.188 62 5 1 PUPPET[1]
81.188 81.250 61 4 0 PUPPET[2]
81.250 81.375 61 4 0 ON[1]
81.375 81.438 59 2 0 A[1]
81.438 81.500 61 4 1 STRING[1]
83.875 83.938 69 0 0 IF[1]
83.938 84.125 69 0 0 I[1]
84.125 84.250 69 0 1 STAY[1]
84.250 84.375 69 0 1 HERE[1]
84.375 84.438 69 0 0 WITHOUT[1]
84.438 84.625 69 0 1 WITHOUT[2]
84.625 84.750 68 11 0 YOU[1]
84.750 84.875 68 11 1 DARLING[1]
84.875 85.000 66 9 0 DARLING[2]
85.000 85.125 66 9 0 I[1]
85.125 85.250 66 9 0 WILL[1]
85.250 85.375 66 9 1 DIE[1]
86.125 86.250 64 7 0 I[1]
86.250 86.375 64 7 1 WANT[1]
86.375 86.438 62 5 0 YOU[1]
86.438 86.500 62 5 1 LAYING[1]
86.625 86.750 61 4 0 LAYING[2]
86.750 86.875 62 5 0 IN[1]
86.875 86.938 64 7 0 THE[1]
86.938 87.125 64 7 1 LOVE[1]
87.125 87.250 62 5 0 I[1]
87.250 87.375 62 5 1 HAVE[1]
87.375 87.438 61 4 0 TO[1]
87.438 87.500 62 5 1 BRING[1]
87.938 88.125 64 7 1 I'D[1]
88.125 88.250 62 5 1 DO[1]
88.250 88.375 62 5 1 ANYTHING[1]
88.375 88.438 61 4 0 ANYTHING[2]
88.438 88.500 62 5 2 ANYTHING[3]
88.688 88.750 62 5 0 TO[1]
88.750 88.875 61 4 1 BE[1]
88.875 89.000 59 2 0 YOUR[1]
89.000 89.188 59 2 1 EVERYTHING[1]
89.188 89.375 57 0 0 EVERYTHING[2]
89.375 89.500 57 0 2 EVERYTHING[3]
