4.5000 4.7500 64 9 1 OH[1]
4.7500 5.0000 64 9 1 YEAH[1]
5.0000 5.1875 62 7 1 I'LL[1]
5.7500 5.8750 59 4 1 TELL[1]
5.8750 6.0000 62 7 0 YOU[1]
6.0000 6.0625 60 5 1 SOMETHING[1]
6.1875 6.2500 57 2 0 SOMETHING[2]
7.1250 7.2500 59 4 0 I[1]
7.2500 7.3750 59 4 1 THINK[1]
7.3750 7.5000 59 4 1 YOU'LL[1]
7.5000 7.7500 59 4 2 UNDERSTAND[1]
7.7500 8.0000 59 4 0 UNDERSTAND[2]
8.0000 8.5000 54 11 1 UNDERSTAND[3]
8.7500 8.8750 50 7 0 WHEN[1]
9.0000 9.1875 62 7 1 I'LL[1]
9.7500 9.8750 59 4 1 SAY[1]
9.8750 10.0000 62 7 0 THAT[1]
10.0000 10.0625 60 5 1 SOMETHING[1]
10.1875 10.3750 57 2 0 SOMETHING[2]
11.1250 11.2500 59 4 0 I[1]
11.2500 11.3750 59 4 1 WANNA[1]
11.3750 11.5000 59 4 0 WANNA[2]
11.5000 11.7500 59 4 1 HOLD[1]
11.7500 11.8750 59 4 0 YOUR[1]
11.8750 13.0000 66 11 1 HAND[1]
13.1250 13.2500 67 0 0 I[1]
13.2500 13.3750 66 11 1 WANNA[1]
13.3750 13.5000 64 9 0 WANNA[2]
13.5000 13.7500 62 7 1 HOLD[1]
13.7500 14.0000 60 5 0 YOUR[1]
14.0000 14.1875 62 7 1 HAND[1]
15.1250 15.2500 67 0 0 I[1]
15.2500 15.3750 66 11 1 WANNA[1]
15.3750 15.5000 64 9 0 WANNA[2]
15.5000 15.6250 62 7 1 HOLD[1]
15.7500 15.8125 59 4 0 YOUR[1]
16.0000 16.2500 55 0 1 HAND[1]
16.7500 16.8125 62 7 1 OH[1]
17.0000 17.1875 62 7 1 PLEASE[1]
17.7500 17.8750 59 4 1 SAY[1]
17.8750 18.0000 62 7 0 TO[1]
18.0000 18.1250 60 5 0 ME[1]
19.1250 19.2500 59 4 1 YOU'LL[1]
19.2500 19.3750 59 4 1 LET[1]
19.3750 19.5000 59 4 0 ME[1]
19.5000 19.7500 59 4 1 BE[1]
19.7500 20.0000 59 4 0 YOUR[1]
20.0000 20.5000 54 11 1 MAN[1]
20.7500 20.8125 62 7 0 AND[1]
21.0000 21.1875 62 7 1 PLEASE[1]
21.7500 21.8750 59 4 1 SAY[1]
21.8750 22.0000 62 7 0 TO[1]
22.0000 22.1250 60 5 0 ME[1]
23.1250 23.2500 59 4 1 YOU'LL[1]
23.2500 23.3750 59 4 1 LET[1]
23.3750 23.5000 59 4 0 ME[1]
23.5000 23.7500 59 4 1 HOLD[1]
23.7500 23.8750 59 4 0 YOUR[1]
23.8750 25.0000 66 11 1 HAND[1]
25.1250 25.2500 67 0 0 AND[1]
25.2500 25.3750 66 11 1 LET[1]
25.3750 25.5000 64 9 0 ME[1]
25.5000 25.7500 62 7 1 HOLD[1]
25.7500 26.0000 60 5 0 YOUR[1]
26.0000 26.1875 62 7 1 HAND[1]
27.1250 27.2500 67 0 0 I[1]
27.2500 27.3750 66 11 1 WANNA[1]
27.3750 27.5000 64 9 0 WANNA[2]
27.5000 27.7500 62 7 1 HOLD[1]
27.7500 27.8125 59 4 0 YOUR[1]
28.0000 29.0000 55 0 1 HAND[1]
29.2500 29.5000 57 9 0 AND[1]
29.5000 29.7500 60 0 0 WHEN[1]
29.7500 30.0000 64 4 0 I[1]
30.0000 30.1250 62 2 1 TOUCH[1]
30.2500 30.5000 60 0 0 YOU[1]
30.5000 30.7500 59 11 0 I[1]
30.7500 31.0000 57 9 1 FEEL[1]
31.0000 31.1250 55 7 1 HAPPY[1]
31.1250 31.2500 55 7 0 HAPPY[2]
31.7500 31.8750 55 7 2 INSIDE[1]
31.8750 32.0000 55 7 1 INSIDE[2]
33.2500 33.3750 57 9 1 IT'S[1]
33.5000 33.7500 60 0 0 SUCH[1]
33.7500 34.0000 64 4 0 A[1]
34.0000 34.2500 62 2 1 FEELING[1]
34.2500 34.5000 60 0 0 FEELING[2]
34.5000 34.7500 59 11 0 THAT[1]
34.7500 35.0000 57 9 0 MY[1]
35.0000 35.2500 55 7 1 LOVE[1]
35.6250 35.7500 60 0 0 I[1]
35.7500 35.8750 60 0 1 CAN'T[1]
35.8750 36.0000 60 0 1 HIDE[1]
36.6250 36.7500 60 5 0 I[1]
36.7500 36.8750 60 5 1 CAN'T[1]
36.8750 37.0000 60 5 1 HIDE[1]
37.6250 37.7500 60 5 0 I[1]
37.7500 37.8750 60 5 1 CAN'T[1]
37.8750 38.0000 60 5 1 HIDE[1]
39.7500 39.8125 62 7 1 YEAH[1]
40.0000 40.1875 62 7 1 YOU'VE[1]
40.7500 40.8750 59 4 1 GOT[1]
40.8750 41.0000 62 7 0 THAT[1]
41.0000 41.0625 60 5 1 SOMETHING[1]
41.1875 41.2500 57 2 0 SOMETHING[2]
42.1250 42.2500 59 4 0 I[1]
42.2500 42.3750 59 4 1 THINK[1]
42.3750 42.5000 59 4 1 YOU'LL[1]
42.5000 42.7500 59 4 2 UNDERSTAND[1]
42.7500 43.0000 59 4 0 UNDERSTAND[2]
43.0000 43.5000 54 11 1 UNDERSTAND[3]
43.7500 43.8125 62 7 0 WHEN[1]
44.0000 44.1250 62 7 1 I'LL[1]
44.7500 44.8750 59 4 1 SAY[1]
44.8750 45.0000 62 7 0 THAT[1]
45.0000 45.0625 60 5 1 SOMETHING[1]
45.1875 45.2500 57 2 0 SOMETHING[2]
46.1250 46.2500 59 4 0 I[1]
46.2500 46.3750 59 4 1 WANNA[1]
46.3750 46.5000 59 4 0 WANNA[2]
46.5000 46.7500 59 4 1 HOLD[1]
46.7500 46.8750 59 4 0 YOUR[1]
46.8750 48.0000 66 11 1 HAND[1]
48.1250 48.2500 67 0 0 I[1]
48.2500 48.3750 66 11 1 WANNA[1]
48.3750 48.5000 64 9 0 WANNA[2]
48.5000 48.7500 62 7 1 HOLD[1]
48.7500 49.0000 60 5 0 YOUR[1]
49.0000 49.1875 62 7 1 HAND[1]
50.1250 50.2500 67 0 0 I[1]
50.2500 50.3750 66 11 1 WANNA[1]
50.3750 50.5000 64 9 0 WANNA[2]
50.5000 50.7500 62 7 1 HOLD[1]
50.7500 50.8125 59 4 0 YOUR[1]
51.0000 52.0000 55 0 1 HAND[1]
52.2500 52.5000 57 9 0 AND[1]
52.5000 52.7500 60 0 0 WHEN[1]
52.7500 53.0000 64 4 0 I[1]
53.0000 53.1250 62 2 1 TOUCH[1]
53.2500 53.5000 60 0 0 YOU[1]
53.5000 53.7500 59 11 0 I[1]
53.7500 54.0000 57 9 1 FEEL[1]
54.0000 54.1250 55 7 1 HAPPY[1]
54.1250 54.2500 55 7 0 HAPPY[2]
54.7500 54.8750 55 7 2 INSIDE[1]
54.8750 55.0000 55 7 1 INSIDE[2]
56.2500 56.5000 57 9 1 IT'S[1]
56.5000 56.7500 60 0 0 SUCH[1]
56.7500 57.0000 64 4 0 A[1]
57.0000 57.2500 62 2 1 FEELING[1]
57.2500 57.5000 60 0 0 FEELING[2]
57.5000 57.7500 59 11 0 THAT[1]
57.7500 58.0000 57 9 0 MY[1]
58.0000 58.2500 55 7 1 LOVE[1]
58.6250 58.7500 60 0 0 I[1]
58.7500 58.8750 60 0 1 CAN'T[1]
58.8750 59.0000 60 0 1 HIDE[1]
59.6250 59.7500 60 5 0 I[1]
59.7500 59.8750 60 5 1 CAN'T[1]
59.8750 60.0000 60 5 1 HIDE[1]
60.6250 60.7500 60 5 0 I[1]
60.7500 60.8750 60 5 1 CAN'T[1]
60.8750 61.0000 60 5 1 HIDE[1]
62.7500 62.8125 62 7 1 YEAH[1]
63.0000 63.1875 62 7 1 YOU'VE[1]
63.7500 63.8750 59 4 1 GOT[1]
63.8750 64.0000 62 7 0 THAT[1]
64.0000 64.0625 60 5 1 SOMETHING[1]
64.1875 64.2500 57 2 0 SOMETHING[2]
65.1250 65.2500 59 4 0 I[1]
65.2500 65.3750 59 4 1 THINK[1]
65.3750 65.5000 59 4 1 YOU'LL[1]
65.5000 65.7500 59 4 2 UNDERSTAND[1]
65.7500 66.0000 59 4 0 UNDERSTAND[2]
66.0000 66.5000 54 11 1 UNDERSTAND[3]
66.7500 66.8750 50 7 0 WHEN[1]
67.0000 67.1875 62 7 1 I'LL[1]
67.7500 67.8750 59 4 1 FEEL[1]
67.8750 68.0000 62 7 0 THAT[1]
68.0000 68.0625 60 5 1 SOMETHING[1]
68.1875 68.2500 57 2 0 SOMETHING[2]
69.1250 69.2500 59 4 0 I[1]
69.2500 69.3750 59 4 1 WANNA[1]
69.3750 69.5000 59 4 0 WANNA[2]
69.5000 69.7500 59 4 1 HOLD[1]
69.7500 69.8750 59 4 0 YOUR[1]
69.8750 71.0000 66 11 1 HAND[1]
71.1250 71.2500 67 0 0 I[1]
71.2500 71.3750 66 11 1 WANNA[1]
71.3750 71.5000 64 9 0 WANNA[2]
71.5000 71.7500 62 7 1 HOLD[1]
71.7500 72.0000 60 5 0 YOUR[1]
72.0000 72.1875 62 7 1 HAND[1]
73.1250 73.2500 67 0 0 I[1]
73.2500 73.3750 66 11 1 WANNA[1]
73.3750 73.5000 64 9 0 WANNA[2]
73.5000 73.5625 62 7 1 HOLD[1]
73.7500 73.8125 59 4 0 YOUR[1]
74.0000 75.0000 59 4 1 HAND[1]
75.1250 75.2500 67 0 0 I[1]
75.2500 75.3750 66 11 1 WANNA[1]
75.3750 75.5000 64 9 0 WANNA[2]
75.5000 75.5625 62 7 1 HOLD[1]
75.7500 75.8125 59 4 0 YOUR[1]
76.0000 78.0000 55 0 1 HAND[1]
