4.0000 4.1250 61 0 0 IF[1]
5.0000 5.5000 63 2 0 I[1]
6.0000 6.2500 65 4 1 KNEW[1]
6.2500 6.3750 65 4 0 YOU[1]
6.3750 6.5000 63 2 1 WERE[1]
6.5000 6.6250 65 4 1 COMIN'[1]
6.6250 6.7500 63 2 0 COMIN'[2]
6.7500 6.8750 61 0 1 I'D[1]
6.8750 7.0000 58 9 1 HAVE[1]
7.0000 7.1250 56 7 1 BAKED[1]
7.2500 7.3750 58 9 0 A[1]
7.3750 7.7500 61 0 1 CAKE[1]
8.0000 8.1250 56 7 1 BAKED[1]
8.2500 8.3750 58 9 0 A[1]
8.3750 8.7500 63 2 1 CAKE[1]
9.0000 9.1250 56 7 1 BAKED[1]
9.2500 9.3750 58 9 0 A[1]
9.3750 9.5000 65 4 1 CAKE[1]
9.6250 9.7500 65 4 0 IF[1]
9.8750 10.0000 63 2 0 I[1]
10.0000 10.2500 65 4 1 KNEW[1]
10.2500 10.3750 65 4 0 YOU[1]
10.3750 10.5000 63 2 1 WERE[1]
10.5000 10.6250 65 4 1 COMIN'[1]
10.6250 10.7500 63 2 0 COMIN'[2]
10.7500 10.8750 61 0 1 I'D[1]
10.8750 11.0000 58 9 1 HAVE[1]
11.0000 11.1250 56 7 1 BAKED[1]
11.2500 11.3750 58 9 0 A[1]
11.3750 11.5000 61 0 1 CAKE[1]
11.6250 11.7500 68 7 1 HOW-JA[1]
11.8750 12.0000 65 4 0 HOW-JA[2]
12.0000 12.1250 68 7 1 DO[1]
12.2500 12.3750 66 5 1 HOW-JA[1]
12.3750 12.5000 63 2 0 HOW-JA[2]
12.5000 12.6250 65 4 1 DO[1]
12.7500 12.8750 63 2 1 HOW-JA[1]
12.8750 13.0000 60 11 0 HOW-JA[2]
13.0000 13.2500 61 0 1 DO[1]
13.6250 13.8750 61 0 1 HAD[1]
13.8750 14.0000 63 2 0 YOU[1]
14.0000 14.1250 65 4 1 DROPPED[1]
14.2500 14.3750 65 4 0 ME[1]
14.3750 14.5000 63 2 0 A[1]
14.5000 14.6250 65 4 1 LETTER[1]
14.6250 14.7500 63 2 0 LETTER[2]
14.7500 14.8750 61 0 1 I'D[1]
14.8750 15.0000 58 9 1 HAVE[1]
15.0000 15.2500 56 7 1 HIRED(1)[1]
15.2500 15.3750 58 9 0 A[1]
15.3750 15.7500 61 0 1 BAND[1]
16.0000 16.2500 56 7 1 GRANDEST[1]
16.2500 16.3750 58 9 0 GRANDEST[2]
16.3750 16.7500 63 2 1 BAND[1]
17.0000 17.2500 56 7 0 IN[1]
17.2500 17.3750 58 9 0 THE[1]
17.3750 17.7500 65 4 1 LAND[1]
17.7500 17.8750 61 0 1 HAD[1]
17.8750 18.0000 63 2 0 YOU[1]
18.0000 18.1250 65 4 1 DROPPED[1]
18.2500 18.3750 65 4 0 ME[1]
18.3750 18.5000 63 2 0 A[1]
18.5000 18.6250 65 4 1 LETTER[1]
18.6250 18.7500 63 2 0 LETTER[2]
18.7500 18.8750 61 0 1 I'D[1]
18.8750 19.0000 58 9 1 HAVE[1]
19.0000 19.2500 56 7 1 HIRED(1)[1]
19.2500 19.3750 58 9 0 A[1]
19.3750 19.7500 61 0 1 BAND[1]
19.8750 20.0000 65 4 0 AND[1]
20.0000 20.1250 68 7 1 SPREAD[1]
20.1250 20.2500 65 4 0 THE[1]
20.2500 20.3750 66 5 1 WELCOME[1]
20.3750 20.5000 63 2 0 WELCOME[2]
20.5000 20.6250 65 4 1 MAT[1]
20.7500 20.8750 63 2 0 FOR[1]
20.8750 21.5000 61 0 0 YOU[1]
21.6250 21.8750 61 0 1 NOW[1]
21.8750 22.0000 61 0 0 I[1]
22.0000 22.2500 70 9 1 DON'T[1]
22.2500 22.5000 66 5 1 KNOW[1]
22.5000 22.7500 61 0 0 WHERE[1]
22.7500 22.8750 66 5 0 YOU[1]
22.8750 23.1250 70 9 1 CAME[1]
23.1250 23.5000 66 5 0 FROM[1]
23.6250 23.8750 65 4 0 'CAUSE[1]
23.8750 24.0000 66 5 0 I[1]
24.0000 24.2500 68 7 1 DON'T[1]
24.2500 24.5000 66 5 1 KNOW[1]
24.5000 24.6250 65 4 0 WHERE[1]
24.6250 24.8750 66 5 1 YOU'VE[1]
24.8750 25.5000 68 7 1 BEEN[1]
25.6250 25.8750 61 0 0 BUT[1]
25.8750 26.0000 63 2 0 IT[1]
26.0000 26.1250 65 4 1 REALLY[1]
26.1250 26.2500 65 4 0 REALLY[2]
26.2500 26.3750 65 4 1 DOESN'T[1]
26.3750 26.5000 65 4 0 DOESN'T[2]
26.5000 26.6250 65 4 1 MATTER[1]
26.6250 26.7500 63 2 0 MATTER[2]
26.7500 26.8750 61 0 1 GRAB[1]
26.8750 27.0000 63 2 0 A[1]
27.0000 27.1250 65 4 1 CHAIR[1]
27.1250 27.2500 65 4 0 AND[1]
27.2500 27.3750 65 4 1 FILL[1]
27.3750 27.5000 65 4 0 YOUR[1]
27.5000 27.6250 65 4 1 PLATTER[1]
27.6250 27.7500 65 4 0 PLATTER[2]
27.7500 27.8750 61 0 0 AND[1]
28.0000 28.1250 70 9 1 DIG[1]
28.2500 28.3750 68 7 1 DIG[1]
28.5000 28.6250 66 5 1 DIG[1]
28.7500 28.8750 65 4 1 RIGHT[1]
28.8750 29.5000 63 2 0 IN[1]
29.6250 29.8750 61 0 0 IF[1]
29.8750 30.0000 63 2 0 I[1]
30.0000 30.2500 65 4 1 KNEW[1]
30.2500 30.3750 65 4 0 YOU[1]
30.3750 30.5000 63 2 1 WERE[1]
30.5000 30.6250 65 4 1 COMIN'[1]
30.6250 30.7500 63 2 0 COMIN'[2]
30.7500 30.8750 61 0 1 I'D[1]
30.8750 31.0000 58 9 1 HAVE[1]
31.0000 31.1250 56 7 1 BAKED[1]
31.2500 31.3750 58 9 0 A[1]
31.3750 31.7500 61 0 1 CAKE[1]
32.0000 32.2500 56 7 1 HIRED(1)[1]
32.2500 32.3750 58 9 0 A[1]
32.3750 32.7500 63 2 1 BAND[1]
33.0000 33.2500 75 2 1 GOODNESS[1]
33.2500 33.3750 68 7 0 GOODNESS[2]
33.3750 33.7500 77 4 1 SAKE[1]
33.7500 33.8750 61 0 0 IF[1]
33.8750 34.0000 63 2 0 I[1]
34.0000 34.2500 65 4 1 KNEW[1]
34.2500 34.3750 65 4 0 YOU[1]
34.3750 34.5000 63 2 1 WERE[1]
34.5000 34.6250 65 4 1 COMIN'[1]
34.6250 34.7500 63 2 0 COMIN'[2]
34.7500 34.8750 61 0 1 I'D[1]
34.8750 35.0000 58 9 1 HAVE[1]
35.0000 35.1250 56 7 1 BAKED[1]
35.2500 35.3750 58 9 0 A[1]
35.3750 35.5000 61 0 1 CAKE[1]
35.6250 35.7500 68 7 1 HOW-JA[1]
35.8750 36.0000 65 4 0 HOW-JA[2]
36.0000 36.1250 68 7 1 DO[1]
36.2500 36.3750 66 5 1 HOW-JA[1]
36.3750 36.5000 63 2 0 HOW-JA[2]
36.5000 36.6250 65 4 1 DO[1]
36.7500 36.8750 63 2 1 HOW-JA[1]
36.8750 37.0000 60 11 0 HOW-JA[2]
37.0000 37.2500 61 0 1 DO[1]
71.7500 71.8750 68 7 0 IF[1]
71.8750 72.0000 68 7 0 I[1]
72.0000 72.2500 65 4 1 KNEW[1]
72.2500 72.3750 65 4 0 YOU[1]
72.3750 72.5000 63 2 1 WERE[1]
72.5000 72.6250 65 4 1 COMIN'[1]
72.6250 72.7500 63 2 0 COMIN'[2]
72.7500 72.8750 61 0 1 I'D[1]
72.8750 73.0000 58 9 1 HAVE[1]
73.0000 73.1250 56 7 1 BAKED[1]
73.2500 73.3750 58 9 0 A[1]
73.3750 73.7500 61 0 1 CAKE[1]
74.0000 74.1250 56 7 1 BAKED[1]
74.2500 74.3750 58 9 0 A[1]
74.3750 74.7500 63 2 1 CAKE[1]
75.0000 75.1250 56 7 1 BAKED[1]
75.2500 75.3750 58 9 0 A[1]
75.3750 75.5000 65 4 1 CAKE[1]
75.6250 75.7500 68 7 0 IF[1]
75.8750 76.0000 68 7 0 I[1]
76.0000 76.2500 65 4 1 KNEW[1]
76.2500 76.3750 65 4 0 YOU[1]
76.3750 76.5000 63 2 1 WERE[1]
76.5000 76.6250 65 4 1 COMIN'[1]
76.6250 76.7500 63 2 0 COMIN'[2]
76.7500 76.8750 61 0 1 I'D[1]
76.8750 77.0000 58 9 1 HAVE[1]
77.0000 77.1250 56 7 1 BAKED[1]
77.2500 77.3750 58 9 0 A[1]
77.3750 77.5000 62 1 1 CAKE[1]
77.6250 77.7500 68 7 1 HOW-JA[1]
77.8750 78.0000 65 4 0 HOW-JA[2]
78.0000 78.1250 68 7 1 DO[1]
78.2500 78.3750 66 5 1 HOW-JA[1]
78.3750 78.5000 63 2 0 HOW-JA[2]
78.5000 78.6250 65 4 1 DO[1]
78.7500 78.8750 63 2 1 HOW-JA[1]
78.8750 79.0000 60 11 0 HOW-JA[2]
79.0000 79.2500 61 0 1 DO[1]
79.6250 79.8750 68 7 1 HAD[1]
79.8750 80.0000 68 7 0 YOU[1]
80.0000 80.1250 65 4 1 DROPPED[1]
80.2500 80.3750 65 4 0 ME[1]
80.3750 80.5000 63 2 0 A[1]
80.5000 80.6250 65 4 1 LETTER[1]
80.6250 80.7500 63 2 0 LETTER[2]
80.7500 80.8750 61 0 1 I'D[1]
80.8750 81.0000 58 9 1 HAVE[1]
81.0000 81.2500 56 7 1 HIRED(1)[1]
81.2500 81.3750 58 9 0 A[1]
81.3750 81.7500 61 0 1 HALL[1]
82.0000 82.2500 56 7 1 GREAT[1]
82.2500 82.3750 58 9 1 BIG[1]
82.3750 82.7500 63 2 1 HALL[1]
83.0000 83.2500 56 7 1 BAND[1]
83.2500 83.3750 58 9 0 AND[1]
83.3750 83.7500 65 4 0 ALL[1]
83.7500 83.8750 68 7 1 HAD[1]
83.8750 84.0000 68 7 0 YOU[1]
84.0000 84.1250 65 4 1 DROPPED[1]
84.2500 84.3750 65 4 0 ME[1]
84.3750 84.5000 63 2 0 A[1]
84.5000 84.6250 65 4 1 LETTER[1]
84.6250 84.7500 63 2 0 LETTER[2]
84.7500 84.8750 61 0 1 I'D[1]
84.8750 85.0000 58 9 1 HAVE[1]
85.0000 85.2500 56 7 1 HIRED(1)[1]
85.2500 85.3750 58 9 0 A[1]
85.3750 85.7500 61 0 1 HALL[1]
85.8750 86.0000 65 4 0 AND[1]
86.0000 86.1250 68 7 1 SPREAD[1]
86.1250 86.2500 65 4 0 THE[1]
86.2500 86.3750 66 5 1 WELCOME[1]
86.3750 86.5000 63 2 0 WELCOME[2]
86.5000 86.6250 65 4 1 MAT[1]
86.7500 86.8750 63 2 0 FOR[1]
86.8750 87.5000 61 0 0 YOU[1]
87.6250 87.8750 61 0 1 NOW[1]
87.8750 88.0000 61 0 0 I[1]
88.0000 88.2500 70 9 1 DON'T[1]
88.2500 88.5000 66 5 1 KNOW[1]
88.5000 88.7500 61 0 0 WHERE[1]
88.7500 88.8750 66 5 0 YOU[1]
88.8750 89.1250 70 9 1 CAME[1]
89.1250 89.5000 66 5 0 FROM[1]
89.6250 89.8750 65 4 0 'CAUSE[1]
89.8750 90.0000 66 5 0 I[1]
90.0000 90.2500 68 7 1 DON'T[1]
90.2500 90.5000 66 5 1 KNOW[1]
90.5000 90.6250 65 4 0 WHERE[1]
90.6250 90.8750 66 5 1 YOU'VE[1]
90.8750 91.5000 68 7 1 BEEN[1]
91.6250 91.8750 61 0 0 BUT[1]
91.8750 92.0000 63 2 0 IT[1]
92.0000 92.1250 65 4 1 REALLY[1]
92.1250 92.2500 65 4 0 REALLY[2]
92.2500 92.3750 65 4 1 DOESN'T[1]
92.3750 92.5000 65 4 0 DOESN'T[2]
92.5000 92.6250 65 4 1 MATTER[1]
92.6250 92.7500 63 2 0 MATTER[2]
92.7500 92.8750 61 0 1 GRAB[1]
92.8750 93.0000 63 2 0 A[1]
93.0000 93.1250 65 4 1 CHAIR[1]
93.1250 93.2500 65 4 0 AND[1]
93.2500 93.3750 65 4 1 FILL[1]
93.3750 93.5000 65 4 0 YOUR[1]
93.5000 93.6250 65 4 1 PLATTER[1]
93.6250 93.7500 65 4 0 PLATTER[2]
93.7500 93.8750 61 0 0 AND[1]
94.0000 94.1250 70 9 1 DIG[1]
94.2500 94.3750 68 7 1 DIG[1]
94.5000 94.6250 66 5 1 DIG[1]
94.7500 94.8750 65 4 1 RIGHT[1]
94.8750 95.5000 63 2 0 IN[1]
95.6250 95.8750 68 7 0 IF[1]
95.8750 96.0000 68 7 0 I[1]
96.0000 96.2500 65 4 1 KNEW[1]
96.2500 96.3750 65 4 0 YOU[1]
96.3750 96.5000 63 2 1 WERE[1]
96.5000 96.6250 65 4 1 COMIN'[1]
96.6250 96.7500 63 2 0 COMIN'[2]
96.7500 96.8750 61 0 1 I'D[1]
96.8750 97.0000 58 9 1 HAVE[1]
97.0000 97.1250 56 7 1 KEPT[1]
97.2500 97.3750 58 9 0 THE[1]
97.3750 97.7500 61 0 1 POT[1]
98.0000 98.2500 56 7 1 COFFEE[1]
98.2500 98.3750 58 9 0 COFFEE[2]
98.3750 98.7500 63 2 1 POT[1]
99.0000 99.2500 75 2 1 NICE[1]
99.2500 99.3750 68 7 0 AND[1]
99.3750 99.7500 77 4 1 HOT[1]
99.7500 99.8750 61 0 0 IF[1]
99.8750 100.0000 63 2 0 I[1]
100.0000 100.2500 65 4 1 KNEW[1]
100.2500 100.3750 65 4 0 YOU[1]
100.3750 100.5000 63 2 1 WERE[1]
100.5000 100.6250 65 4 1 COMIN'[1]
100.6250 100.7500 63 2 0 COMIN'[2]
100.7500 100.8750 61 0 1 I'D[1]
100.8750 101.0000 58 9 1 HAVE[1]
101.0000 101.1250 56 7 1 BAKED[1]
101.2500 101.3750 58 9 0 A[1]
101.3750 101.5000 61 0 1 CAKE[1]
101.6250 101.7500 68 7 1 HOW-JA[1]
101.8750 102.0000 65 4 0 HOW-JA[2]
102.0000 102.1250 68 7 1 DO[1]
102.2500 102.3750 66 5 1 HOW-JA[1]
102.3750 102.5000 63 2 0 HOW-JA[2]
102.5000 102.6250 65 4 1 DO[1]
102.7500 102.8750 63 2 1 HOW-JA[1]
102.8750 103.0000 60 11 0 HOW-JA[2]
103.0000 103.2500 61 0 1 DO[1]
103.5000 103.8750 68 7 1 HOW-JA[1]
103.8750 104.0000 65 4 0 HOW-JA[2]
104.0000 104.1250 68 7 1 DO[1]
104.2500 104.3750 66 5 1 HOW-JA[1]
104.3750 104.5000 63 2 0 HOW-JA[2]
104.5000 104.6250 65 4 1 DO[1]
104.7500 104.8750 63 2 1 HOW-JA[1]
104.8750 105.0000 60 11 0 HOW-JA[2]
105.0000 105.2500 61 0 1 DO[1]
105.5000 105.8750 68 7 1 HOW-JA[1]
105.8750 106.0000 65 4 0 HOW-JA[2]
106.0000 106.0833 68 7 1 DO[1]
