0.5000 1.0000 67 7 1 I'LL[1]
1.0000 1.5000 71 11 1 NEVER[1]
1.5000 2.0000 69 9 0 NEVER[2]
2.0000 2.3750 72 0 1 SMILE[1]
2.3750 2.5000 62 2 0 AGAIN[1]
2.5000 3.0000 62 2 1 AGAIN[2]
3.1250 3.2500 62 2 0 UNTIL[1]
3.2500 3.3125 62 2 1 UNTIL[2]
3.3125 3.5000 64 4 0 I[1]
3.5000 3.8750 62 2 1 SMILE[1]
3.8750 4.0000 60 0 0 AT[1]
4.0000 5.0000 64 4 0 YOU[1]
5.2500 5.5000 67 7 1 I'LL[1]
5.5000 5.7500 71 11 1 NEVER[1]
5.7500 6.0000 69 9 0 NEVER[2]
6.0000 6.3750 72 0 1 LAUGH[1]
6.3750 6.5000 62 2 0 AGAIN[1]
6.5000 7.0000 62 2 1 AGAIN[2]
7.3750 7.5000 52 4 0 WHAT[1]
7.5000 7.8750 50 2 1 GOOD[1]
7.8750 7.9375 48 0 0 WOULD[1]
7.9375 8.0000 47 11 0 IT[1]
8.0000 9.0000 45 9 1 DO[1]
9.8750 10.0000 45 9 0 FOR[1]
10.0000 10.3750 52 4 1 TEARS[1]
10.3750 10.5000 52 4 0 WOULD[1]
10.5000 10.8750 52 4 1 FILL[1]
10.8750 11.0000 52 4 0 MY[1]
11.0000 11.5000 48 0 1 EYES[1]
11.8750 12.0000 52 4 0 MY[1]
12.0000 12.3750 55 7 1 HEART[1]
12.3750 12.5000 55 7 0 WOULD[1]
12.5000 12.9375 55 7 1 REALIZE(1)[1]
12.9375 13.5000 52 4 0 REALIZE(1)[2]
13.8750 14.0000 55 7 0 THAT[1]
14.0000 14.5000 59 11 1 OUR(1)[1]
14.5000 15.0000 59 11 0 ROMANCE[1]
15.0000 15.5000 59 11 1 ROMANCE[2]
15.5000 16.0000 59 11 1 IS[1]
16.0000 16.3750 55 7 0 THROUGH[1]
17.2500 17.5000 67 7 1 I'LL[1]
17.5000 17.7500 71 11 1 NEVER[1]
17.7500 18.0000 69 9 0 NEVER[2]
18.0000 18.3750 72 0 1 LOVE[1]
18.3750 18.5000 62 2 0 AGAIN[1]
18.5000 19.0000 62 2 1 AGAIN[2]
19.1250 19.2500 62 2 1 I'M[1]
19.2500 19.3750 62 2 0 SO[1]
19.3750 19.5000 64 4 0 IN[1]
19.5000 19.8750 62 2 1 LOVE[1]
19.8750 20.0000 60 0 0 WITH[1]
20.0000 21.0000 64 4 0 YOU[1]
21.2500 21.5000 67 7 1 I'LL[1]
21.5000 21.7500 71 11 1 NEVER[1]
21.7500 22.0000 69 9 0 NEVER[2]
22.0000 22.3750 72 0 1 THRILL[1]
22.3750 22.5000 62 2 0 AGAIN[1]
22.5000 23.0000 62 2 1 AGAIN[2]
23.2500 23.5000 64 4 0 TO[1]
23.5000 23.6667 62 2 1 SOMEBODY[1]
23.6667 23.8333 60 0 2 SOMEBODY[2]
23.8333 24.0000 59 11 0 SOMEBODY[3]
24.0000 25.0000 64 4 1 NEW[1]
25.8750 26.0000 48 0 0 WITHIN[1]
26.0000 26.7500 52 4 1 WITHIN[2]
26.7500 26.9375 50 2 0 MY[1]
26.9375 27.5000 53 5 1 HEART[1]
27.8750 28.0000 52 4 0 I[1]
28.0000 28.1667 47 11 1 KNOW[1]
28.1667 28.3333 48 0 0 I[1]
28.3333 28.5000 52 4 0 WILL[1]
28.5000 28.7500 55 7 1 NEVER[1]
28.7500 29.0000 57 9 0 NEVER[2]
29.0000 29.5000 59 11 1 START[1]
29.7500 30.0000 69 9 0 TO[1]
30.0000 30.3750 72 0 1 SMILE[1]
30.3750 30.5000 62 2 0 AGAIN[1]
30.5000 31.0000 62 2 1 AGAIN[2]
31.1875 31.3125 45 9 0 UNTIL[1]
31.3125 31.3750 47 11 1 UNTIL[2]
31.3750 31.5000 48 0 0 I[1]
31.5000 31.9375 52 4 1 SMILE[1]
31.9375 32.0000 52 4 0 AT[1]
32.0000 33.0000 48 0 0 YOU[1]
41.8333 41.9167 48 0 0 WITHIN[1]
41.9167 42.8750 52 4 1 WITHIN[2]
42.8750 43.0000 50 2 0 MY[1]
43.0000 43.5000 53 5 1 HEART[1]
43.8750 44.0000 52 4 0 I[1]
44.0000 44.1667 47 11 1 KNOW[1]
44.1667 44.3333 48 0 0 I[1]
44.3333 44.5000 52 4 0 WILL[1]
44.5000 44.7500 55 7 1 NEVER[1]
44.7500 45.0000 57 9 0 NEVER[2]
45.0000 45.5000 59 11 1 START[1]
45.7500 46.0000 69 9 0 TO[1]
46.0000 46.3750 72 0 1 SMILE[1]
46.3750 46.5000 62 2 0 AGAIN[1]
46.5000 47.0000 62 2 1 AGAIN[2]
47.1875 47.3125 45 9 0 UNTIL[1]
47.3125 47.3750 47 11 1 UNTIL[2]
47.3750 47.5000 48 0 0 I[1]
47.5000 47.9375 52 4 1 SMILE[1]
47.9375 48.0000 52 4 0 AT[1]
48.0000 49.0000 48 0 0 YOU[1]
52.1250 52.2500 45 9 0 UNTIL[1]
52.2500 52.3125 47 11 1 UNTIL[2]
52.3125 52.5000 48 0 0 I[1]
52.5000 52.7500 57 9 1 SMILE[1]
52.7500 53.0000 59 11 0 AT[1]
53.0000 54.0000 60 0 0 YOU[1]
