83.750 84.000 62 7 1 I'LL[1]
84.000 84.500 64 9 1 SEE[1]
84.500 85.000 67 0 0 YOU[1]
85.000 85.500 69 2 0 IN[1]
85.500 86.000 71 4 0 MY[1]
86.000 86.250 71 4 1 DREAMS[1]
88.000 88.500 71 4 1 HOLD[1]
88.500 89.000 74 7 0 YOU[1]
89.000 89.500 76 9 0 IN[1]
89.500 89.750 78 11 0 MY[1]
90.000 90.250 78 11 1 DREAMS[1]
92.000 92.500 76 9 1 SOMEONE[1]
92.500 93.000 64 9 2 SOMEONE[2]
93.000 93.500 66 11 1 TOOK[1]
93.500 93.875 68 1 0 YOU[1]
93.875 94.250 74 7 0 OUT[1]
94.250 94.500 71 4 0 OF[1]
94.500 94.750 74 7 0 MY[1]
94.750 95.500 71 4 1 ARMS[1]
96.000 96.500 71 4 1 STILL[1]
96.500 97.000 64 9 0 I[1]
97.000 97.500 66 11 1 FEEL[1]
97.500 98.000 67 0 0 THE[1]
98.000 98.250 71 4 1 THRILL[1]
98.250 98.500 69 2 0 OF[1]
98.500 98.750 71 4 0 YOUR[1]
98.750 99.500 69 2 1 CHARMS[1]
100.000 100.500 64 9 1 LIPS[1]
100.500 101.000 67 0 0 THAT[1]
101.000 101.500 69 2 0 ONCE[1]
101.500 101.750 71 4 1 WERE[1]
102.000 102.250 70 3 0 MINE[1]
104.000 104.500 71 4 1 TENDER[1]
104.500 105.000 74 7 0 TENDER[2]
105.000 105.500 76 9 1 EYES[1]
105.500 105.750 78 11 0 THAT[1]
106.000 106.500 78 11 1 SHINE[1]
108.000 108.500 77 10 0 THEY[1]
108.500 109.000 76 9 0 WILL[1]
109.000 109.500 74 7 1 LIGHT[1]
109.750 110.000 64 9 0 MY[1]
110.000 110.500 71 4 1 WAY[1]
110.500 111.000 69 2 0 TONIGHT[1]
111.000 111.500 67 0 1 TONIGHT[2]
111.750 112.000 66 11 1 I'LL[1]
112.000 112.500 64 9 1 SEE[1]
112.500 113.000 67 0 0 YOU[1]
113.000 113.500 69 2 0 IN[1]
113.500 114.000 71 4 0 MY[1]
114.000 114.500 71 4 1 DREAMS[1]
