8.1250 8.2500 62 7 1 I'VE[1]
8.2500 8.3750 59 4 1 GOT[1]
8.3750 8.5000 62 7 0 A[1]
8.5000 8.7500 59 4 1 BRAND[1]
8.7500 9.0000 62 7 1 NEW[1]
9.0000 9.2500 59 4 1 SWEETIE[1]
9.2500 9.7500 57 2 0 SWEETIE[2]
10.0000 10.1250 62 7 1 BETTER[1]
10.1250 10.2500 59 4 0 BETTER[2]
10.2500 10.3750 62 7 0 THAN[1]
10.3750 10.5000 59 4 0 THE[1]
10.5000 10.6250 62 7 0 ONE[1]
10.6250 10.8750 59 4 0 BEFORE[1]
10.8750 11.7500 52 9 1 BEFORE[2]
12.0000 12.7500 62 7 1 OH[1]
12.7500 12.8750 59 4 1 SHE'S[1]
12.8750 13.0000 59 4 1 GOT[1]
13.0000 13.1250 62 7 1 EVERYTHING[1]
13.1250 13.3750 59 4 0 EVERYTHING[2]
13.3750 13.7500 57 2 2 EVERYTHING[3]
14.1250 14.3750 59 4 0 AND[1]
14.3750 14.5000 58 3 0 A[1]
14.5000 14.6250 59 4 1 LITTLE[1]
14.6250 14.7500 58 3 0 LITTLE[2]
14.7500 14.8750 59 4 1 BIT[1]
15.0000 15.1250 62 7 0 MORE[1]
16.1250 16.2500 59 4 0 I[1]
16.2500 16.3750 60 5 1 DON'T[1]
16.3750 16.5000 59 4 1 KNOW[1]
16.5000 16.6250 60 5 0 MUCH[1]
16.6250 17.0000 59 4 0 ABOUT[1]
17.0000 17.3750 64 9 1 ABOUT[2]
17.3750 17.7500 59 4 0 HER[1]
18.1250 18.2500 59 4 0 AND[1]
18.2500 18.3750 60 5 0 YET[1]
18.3750 18.5000 59 4 0 I[1]
18.5000 18.6250 60 5 1 KNOW[1]
18.6250 18.8750 59 4 0 HER[1]
18.8750 19.2500 64 9 1 LOVE[1]
20.1250 20.2500 58 3 0 AND[1]
20.2500 20.3750 59 4 0 WHAT[1]
20.3750 20.5000 58 3 0 IT[1]
20.5000 20.7500 59 4 1 TAKES[1]
21.1250 21.2500 59 4 0 TO[1]
21.2500 21.3750 62 7 1 MAKE[1]
21.3750 21.5000 61 6 0 ME[1]
21.5000 21.6250 59 4 1 LOVE[1]
21.6250 22.0000 54 11 0 HER[1]
22.1250 22.2500 58 3 0 I[1]
22.2500 22.3750 59 4 1 WANT[1]
22.3750 22.5000 58 3 0 TO[1]
22.5000 22.6250 59 4 1 TELL[1]
22.6250 22.7500 58 3 1 YA[1]
22.7500 22.8750 59 4 1 SHE'S[1]
22.8750 23.0000 57 2 1 GOT[1]
24.1250 24.3750 62 7 1 DOES[1]
24.3750 24.7500 59 4 0 SHE[1]
25.0000 25.1250 56 1 1 MAKE[1]
25.1250 25.2500 59 4 1 EVERYBODY[1]
25.2500 25.3750 56 1 0 EVERYBODY[2]
25.3750 25.6250 52 9 2 EVERYBODY[3]
25.7500 25.8750 50 7 0 EVERYBODY[4]
26.0000 26.2500 45 2 1 STARE[1]
26.7500 27.0000 52 9 1 I'LL[1]
27.0000 27.1250 52 9 1 SAY[1]
27.1250 27.3750 52 9 0 SHE[1]
27.3750 27.5000 59 4 1 DOES[1]
28.2500 28.5000 60 5 1 DOES[1]
28.5000 28.6250 57 2 0 SHE[1]
28.6250 28.8750 54 11 1 GO[1]
29.0000 29.1250 54 11 1 LA[1]
29.1250 29.2500 57 2 0 DA[1]
29.2500 29.3750 54 11 0 DA[1]
29.3750 29.6250 52 9 0 DA[1]
29.6250 29.7500 49 6 0 I[1]
29.7500 30.0000 50 7 1 DON'T[1]
30.0000 30.2500 59 4 1 CARE[1]
30.7500 31.0000 52 9 1 I'LL[1]
31.0000 31.1250 52 9 1 SAY[1]
31.1250 31.3750 51 8 0 SHE[1]
31.3750 31.7500 50 7 1 DOES[1]
32.2500 32.6250 55 0 0 BUT[1]
32.6250 32.7500 52 9 1 IS[1]
32.7500 33.0000 52 9 0 SHE[1]
33.0000 33.1250 54 11 1 NICER[1]
33.1250 33.2500 57 2 0 NICER[2]
33.2500 33.3750 54 11 0 TO[1]
33.3750 33.5000 50 7 0 ME[1]
34.2500 34.5000 55 0 0 AND[1]
34.5000 34.7500 55 0 1 DOES[1]
34.7500 35.0000 55 0 0 SHE[1]
35.0000 35.1250 54 11 1 SIT[1]
35.1250 35.2500 57 2 0 ON[1]
35.2500 35.3750 54 11 0 MY[1]
35.3750 35.5000 50 7 1 KNEE[1]
36.1250 36.3750 57 2 1 DOES[1]
36.3750 36.7500 57 2 0 SHE[1]
37.1250 37.5000 64 9 1 I'LL[1]
37.5000 37.7500 66 11 1 SAY[1]
37.7500 37.8750 64 9 0 SHE[1]
37.8750 38.5000 66 11 1 DOES[1]
39.1250 39.5000 62 7 0 AND[1]
39.5000 39.7500 62 7 1 DOES[1]
39.7500 40.0000 62 7 0 SHE[1]
40.0000 40.2500 62 7 1 CRAVE[1]
40.8750 41.0000 56 1 0 A[1]
41.0000 41.1250 59 4 1 WEDDING[1]
41.1250 41.2500 52 9 0 WEDDING[2]
41.6250 41.7500 49 6 0 AND[1]
41.7500 41.8750 50 7 1 EVERYTHING[1]
41.8750 42.0000 47 4 0 EVERYTHING[2]
42.0000 42.2500 49 6 2 EVERYTHING[3]
42.6250 43.0000 59 4 1 I'LL[1]
43.0000 43.1250 59 4 1 SAY[1]
43.1250 43.3750 58 3 0 SHE[1]
43.3750 43.7500 57 2 1 DOES[1]
44.2500 44.5000 60 5 1 WAS[1]
44.5000 44.7500 57 2 0 SHE[1]
44.8750 45.0000 53 10 1 HAPPY[1]
45.1250 45.2500 57 2 0 HAPPY[2]
45.2500 45.5000 54 11 0 TO[1]
45.5000 45.6250 52 9 1 GET[1]
45.6250 45.8750 50 7 0 THE[1]
45.8750 46.2500 59 4 1 RING[1]
46.2500 46.5000 47 4 0 YOU[1]
46.5000 46.7500 51 8 1 BET[1]
46.7500 46.8750 54 11 0 SHE[1]
46.8750 47.2500 59 4 1 WAS[1]
48.0000 48.2500 64 9 0 WHEN[1]
48.2500 48.3750 59 4 0 SHE[1]
48.3750 48.6250 59 4 1 DANCES[1]
48.6250 49.0000 59 4 0 DANCES[2]
49.0000 49.1250 64 9 1 DOES[1]
49.1250 49.3750 59 4 0 SHE[1]
49.3750 49.5000 59 4 1 TWIST[1]
50.0000 50.1250 59 4 1 DOES[1]
50.1250 50.2500 58 3 0 SHE[1]
50.2500 50.3750 59 4 1 DO[1]
50.3750 50.5000 58 3 0 A[1]
50.5000 50.6250 59 4 1 LOT[1]
50.6250 50.7500 58 3 0 OF[1]
50.7500 50.8750 59 4 1 THINGS[1]
50.8750 51.0000 58 3 0 I[1]
51.0000 51.1250 59 4 1 CAN'T[1]
51.2500 51.3750 55 0 0 RESIST[1]
51.3750 51.5000 59 4 1 RESIST[2]
52.0000 52.2500 64 9 1 DOES[1]
52.5000 53.0000 57 2 0 SHE[1]
53.1250 53.5000 62 7 1 I'LL[1]
53.5000 53.6250 58 3 1 SAY[1]
53.6250 53.8750 59 4 0 SHE[1]
53.8750 54.0000 59 4 1 DOES[1]
60.1250 60.2500 62 7 0 IT[1]
60.2500 60.3750 59 4 1 WAS[1]
60.3750 60.5000 62 7 0 SO[1]
60.5000 60.7500 59 4 1 HARD[1]
60.7500 61.0000 62 7 0 TO[1]
61.0000 61.2500 59 4 1 GET[1]
61.2500 61.7500 57 2 0 HER[1]
62.0000 62.1250 62 7 0 SHE[1]
62.1250 62.2500 59 4 0 CAN[1]
62.2500 62.3750 62 7 1 NEVER[1]
62.3750 62.5000 59 4 0 NEVER[2]
62.5000 62.6250 62 7 1 GET[1]
62.6250 62.8750 59 4 0 AWAY[1]
62.8750 63.7500 52 9 1 AWAY[2]
64.2500 64.3750 50 7 0 BECAUSE[1]
64.3750 64.6250 55 0 1 BECAUSE[2]
64.6250 65.0000 59 4 1 I'M[1]
65.0000 65.1250 62 7 1 WATCHING[1]
65.1250 65.3750 59 4 0 WATCHING[2]
65.3750 65.7500 57 2 0 HER[1]
66.1250 66.3750 59 4 0 ALL[1]
66.3750 66.5000 58 3 0 THE[1]
66.5000 66.6250 59 4 1 NIGHT[1]
66.6250 66.7500 58 3 0 AND[1]
66.7500 66.8750 59 4 0 ALL[1]
67.0000 67.1250 59 4 1 DAY[1]
68.1250 68.2500 59 4 1 I'VE[1]
68.2500 68.3750 60 5 1 ALWAYS[1]
68.3750 68.5000 59 4 2 ALWAYS[2]
68.5000 68.6250 60 5 1 HAD[1]
68.6250 69.0000 59 4 0 HER[1]
69.0000 69.3750 64 9 1 PICTURE[1]
69.3750 69.7500 59 4 0 PICTURE[2]
70.1250 70.2500 59 4 0 I[1]
70.2500 70.3750 60 5 1 HAD[1]
70.3750 70.5000 59 4 0 IT[1]
70.5000 70.6250 60 5 0 IN[1]
70.6250 70.8750 59 4 0 MY[1]
70.8750 71.5000 64 9 1 MIND[1]
72.1250 72.2500 58 3 0 I[1]
72.2500 72.3750 59 4 1 ALWAYS[1]
72.3750 72.5000 58 3 2 ALWAYS[2]
72.5000 72.7500 59 4 1 KNEW[1]
72.7500 72.8750 57 2 0 THE[1]
72.8750 73.2500 62 7 1 KIND[1]
73.2500 73.5000 60 5 0 I[1]
73.5000 73.6250 59 4 1 WANTED[1]
73.6250 73.7500 54 11 0 WANTED[2]
74.1250 74.2500 58 3 0 AND[1]
74.2500 74.3750 59 4 1 SHE'S[1]
74.3750 74.5000 58 3 0 EXACTLY[1]
74.5000 74.6250 59 4 1 EXACTLY[2]
74.6250 74.7500 58 3 0 EXACTLY[3]
74.7500 74.8750 59 4 0 THE[1]
74.8750 75.0000 57 2 1 KIND[1]
76.1250 76.3750 62 7 1 DOES[1]
76.3750 76.7500 59 4 0 SHE[1]
77.0000 77.1250 56 1 1 MAKE[1]
77.1250 77.2500 59 4 1 EVERYBODY[1]
77.2500 77.3750 56 1 0 EVERYBODY[2]
77.3750 77.6250 52 9 2 EVERYBODY[3]
77.7500 77.8750 50 7 0 EVERYBODY[4]
78.0000 78.2500 45 2 1 STARE[1]
78.6250 79.0000 59 4 1 I'LL[1]
79.0000 79.1250 59 4 1 SAY[1]
79.1250 79.3750 58 3 0 SHE[1]
79.3750 79.7500 57 2 1 DOES[1]
80.2500 80.5000 60 5 1 DOES[1]
80.5000 80.6250 57 2 0 SHE[1]
80.6250 81.0000 54 11 1 GO[1]
81.0000 81.1250 54 11 1 LA[1]
81.1250 81.2500 57 2 0 DA[1]
81.2500 81.3750 54 11 0 DA[1]
81.3750 81.6250 52 9 0 DA[1]
81.6250 81.7500 49 6 0 I[1]
81.7500 82.0000 50 7 1 DON'T[1]
82.0000 82.2500 59 4 1 CARE[1]
82.7500 83.0000 52 9 1 I'LL[1]
83.0000 83.1250 52 9 1 SAY[1]
83.1250 83.3750 51 8 0 SHE[1]
83.3750 83.7500 50 7 1 DOES[1]
84.2500 84.6250 55 0 0 BUT[1]
84.6250 84.7500 52 9 1 IS[1]
84.7500 85.0000 52 9 0 SHE[1]
85.0000 85.1250 54 11 1 NICER[1]
85.1250 85.2500 57 2 0 NICER[2]
85.2500 85.3750 54 11 0 TO[1]
85.3750 85.5000 50 7 0 ME[1]
86.2500 86.5000 55 0 0 AND[1]
86.5000 86.7500 55 0 1 DOES[1]
86.7500 87.0000 55 0 0 SHE[1]
87.0000 87.1250 54 11 1 SIT[1]
87.1250 87.2500 57 2 0 ON[1]
87.2500 87.3750 54 11 0 MY[1]
87.3750 87.5000 50 7 1 KNEE[1]
88.1250 88.3750 57 2 1 DOES[1]
88.3750 88.7500 57 2 0 SHE[1]
89.1250 89.5000 64 9 1 I'LL[1]
89.5000 89.7500 66 11 1 SAY[1]
89.7500 89.8750 64 9 0 SHE[1]
89.8750 90.5000 66 11 1 DOES[1]
91.0000 92.0000 62 7 0 AND[1]
92.1250 92.2500 59 4 1 DOES[1]
92.2500 92.5000 59 4 0 SHE[1]
92.5000 92.8750 62 7 1 CRAVE[1]
92.8750 93.0000 59 4 0 A[1]
93.0000 93.1250 59 4 1 WEDDING[1]
93.1250 93.2500 52 9 0 WEDDING[2]
93.6250 93.7500 49 6 0 AND[1]
93.7500 93.8750 50 7 1 EVERYTHING[1]
93.8750 94.0000 47 4 0 EVERYTHING[2]
94.0000 94.2500 49 6 2 EVERYTHING[3]
94.6250 95.0000 59 4 1 I'LL[1]
95.0000 95.1250 59 4 1 SAY[1]
95.1250 95.3750 58 3 0 SHE[1]
95.3750 95.7500 57 2 1 DOES[1]
96.2500 96.3750 60 5 1 WAS[1]
96.3750 96.7500 57 2 0 SHE[1]
97.0000 97.1250 54 11 1 HAPPY[1]
97.1250 97.2500 57 2 0 HAPPY[2]
97.2500 97.3750 54 11 0 TO[1]
97.3750 97.6250 52 9 1 GET[1]
97.6250 98.0000 50 7 0 THE[1]
98.0000 98.2500 59 4 1 RING[1]
98.2500 98.5000 47 4 0 YOU[1]
98.5000 98.7500 51 8 1 BET[1]
98.7500 98.8750 54 11 0 SHE[1]
98.8750 99.2500 59 4 1 WAS[1]
100.0000 100.1250 64 9 0 WHEN[1]
100.1250 100.3750 59 4 0 I[1]
100.3750 100.5000 59 4 1 KISS[1]
100.5000 101.0000 59 4 0 HER[1]
101.0000 101.1250 64 9 1 DOES[1]
101.1250 101.3750 59 4 0 SHE[1]
101.3750 101.5000 59 4 1 SHOUT[1]
102.0000 102.1250 59 4 1 DOES[1]
102.1250 102.2500 57 2 0 SHE[1]
102.2500 102.3750 59 4 1 DO[1]
102.3750 102.5000 58 3 0 A[1]
102.5000 102.6250 59 4 1 LOT[1]
102.6250 102.7500 58 3 0 OF[1]
102.7500 102.8750 59 4 1 THINGS[1]
102.8750 103.0000 58 3 0 I[1]
103.0000 103.2500 59 4 1 CAN'T[1]
103.2500 103.3750 59 4 1 TALK[1]
103.3750 103.5000 57 2 0 ABOUT[1]
103.5000 103.6250 59 4 1 ABOUT[2]
104.0000 104.2500 64 9 1 DOES[1]
104.5000 105.0000 57 2 0 SHE[1]
105.1250 105.5000 62 7 1 I'LL[1]
105.5000 105.6250 58 3 1 SAY[1]
105.6250 105.8750 59 4 0 SHE[1]
105.8750 106.0000 59 4 1 DOES[1]
