4.000 4.062 60 0 0 UP[1]
4.188 4.250 64 4 0 TO[1]
4.250 4.375 62 2 1 MIGHTY[1]
4.375 4.500 60 0 0 MIGHTY[2]
4.500 4.625 57 9 1 LONDON[1]
4.625 4.750 55 7 0 LONDON[2]
4.750 4.875 52 4 1 CAME[1]
4.875 4.938 53 5 0 AN[1]
4.938 5.125 55 7 1 IRISH[1]
5.125 5.250 57 9 0 IRISH[2]
5.250 5.375 55 7 1 MAN[1]
5.375 5.500 52 4 0 ONE[1]
5.500 5.750 55 7 1 DAY[1]
6.000 6.125 60 0 0 ALL[1]
6.125 6.250 64 4 0 THE[1]
6.250 6.375 62 2 1 STREETS[1]
6.375 6.500 60 0 1 WERE[1]
6.500 6.625 57 9 1 PAVED[1]
6.625 6.750 55 7 0 WITH[1]
6.750 6.938 52 4 1 GOLD[1]
6.938 7.000 55 7 0 SO[1]
7.000 7.125 59 11 1 EVERYONE[1]
7.125 7.188 60 0 0 EVERYONE[2]
7.188 7.375 59 11 2 EVERYONE[3]
7.375 7.500 54 6 1 WAS[1]
7.500 7.750 59 11 1 GAY[1]
8.000 8.062 60 0 1 SINGING[1]
8.062 8.250 64 4 0 SINGING[2]
8.250 8.375 62 2 1 SONGS[1]
8.375 8.500 60 0 0 OF[1]
8.500 8.583 57 9 1 PICCADILLY[1]
8.583 8.667 55 7 0 PICCADILLY[2]
8.667 8.750 52 4 2 PICCADILLY[3]
8.750 9.000 55 7 0 PICCADILLY[4]
9.000 9.188 59 11 1 STRAND[1]
9.188 9.250 60 0 0 AND[1]
9.250 9.375 59 11 1 LEICESTER[1]
9.375 9.500 54 6 0 LEICESTER[2]
9.500 9.750 59 11 1 SQUARE[1]
9.875 10.000 59 11 1 'TIL[1]
10.000 10.062 64 4 1 PADDY[1]
10.062 10.188 62 2 0 PADDY[2]
10.188 10.375 60 0 1 GOT[1]
10.375 10.500 59 11 0 EXCITED[1]
10.500 10.625 62 2 1 EXCITED[2]
10.625 10.688 60 0 0 EXCITED[3]
10.750 10.875 62 2 0 AND[1]
10.875 11.000 64 4 0 HE[1]
11.000 11.125 59 11 1 SHOUTED[1]
11.125 11.250 57 9 0 SHOUTED[2]
11.250 11.312 59 11 0 TO[1]
11.312 11.438 60 0 0 THEM[1]
11.438 11.750 62 2 1 THERE[1]
11.750 11.875 52 4 1 IT'S[1]
11.875 11.938 53 5 0 A[1]
11.938 12.250 55 7 1 LONG[1]
12.250 12.500 55 7 1 WAY[1]
12.625 12.750 55 7 0 TO[1]
12.750 12.812 57 9 1 TIPPERARY[1]
12.812 12.875 59 11 0 TIPPERARY[2]
12.875 13.250 60 0 2 TIPPERARY[3]
13.250 13.500 64 4 0 TIPPERARY[4]
13.750 13.875 64 4 1 IT'S[1]
13.875 13.938 62 2 0 A[1]
13.938 14.250 60 0 1 LONG[1]
14.250 14.688 57 9 1 WAY[1]
14.688 14.938 60 0 0 TO[1]
14.938 15.500 55 7 1 GO[1]
15.750 15.875 57 9 1 IT'S[1]
15.875 15.938 53 5 0 A[1]
15.938 16.250 55 7 1 LONG[1]
16.250 16.625 55 7 1 WAY[1]
16.625 16.750 55 7 0 TO[1]
16.750 16.812 57 9 1 TIPPERARY[1]
16.812 16.875 59 11 0 TIPPERARY[2]
16.875 17.250 60 0 2 TIPPERARY[3]
17.250 17.500 64 4 0 TIPPERARY[4]
17.750 17.875 60 0 0 TO[1]
17.875 18.000 61 1 0 THE[1]
18.000 18.125 62 2 1 SWEETEST[1]
18.125 18.500 57 9 0 SWEETEST[2]
18.500 18.750 59 11 1 GIRL[1]
18.750 18.938 60 0 0 I[1]
18.938 19.750 62 2 1 KNOW[1]
20.000 20.250 55 7 2 GOODBYE[1]
20.250 20.750 55 7 1 GOODBYE[2]
20.750 20.833 57 9 1 PICCADILLY[1]
20.833 20.917 59 11 0 PICCADILLY[2]
20.917 21.000 60 0 2 PICCADILLY[3]
21.000 21.750 64 4 0 PICCADILLY[4]
22.000 22.250 65 5 2 FAREWELL[1]
22.250 22.438 57 9 1 FAREWELL[2]
22.438 22.625 60 0 1 LEICESTER[1]
22.625 23.000 62 2 0 LEICESTER[2]
23.000 23.500 64 4 1 SQUARE[1]
23.750 23.875 60 0 1 IT'S[1]
23.875 23.938 62 2 0 A[1]
23.938 24.250 64 4 1 LONG[1]
24.250 24.500 64 4 1 LONG[1]
24.500 24.583 64 4 1 WAY[1]
24.667 24.750 60 0 0 TO[1]
24.750 24.833 62 2 1 TIPPERARY[1]
24.833 24.917 60 0 0 TIPPERARY[2]
24.917 25.500 57 9 2 TIPPERARY[3]
25.500 25.625 55 7 0 TIPPERARY[4]
25.750 25.875 60 0 0 BUT[1]
26.000 26.250 64 4 0 MY[1]
26.250 26.750 60 0 1 HEART'S[1]
26.750 27.000 62 2 1 RIGHT[1]
27.000 27.500 60 0 1 THERE[1]
27.750 27.875 52 4 1 IT'S[1]
27.875 27.938 53 5 0 A[1]
27.938 28.250 55 7 1 LONG[1]
28.250 28.500 55 7 1 WAY[1]
28.625 28.750 55 7 0 TO[1]
28.750 28.875 57 9 1 TIPPERARY[1]
28.875 28.938 59 11 0 TIPPERARY[2]
28.938 29.250 60 0 2 TIPPERARY[3]
29.250 29.500 64 4 0 TIPPERARY[4]
29.750 29.875 64 4 1 IT'S[1]
29.875 29.938 62 2 0 A[1]
29.938 30.250 60 0 1 LONG[1]
30.250 30.688 57 9 1 WAY[1]
30.688 30.938 60 0 0 TO[1]
30.938 31.500 55 7 1 GO[1]
31.750 31.875 52 4 1 IT'S[1]
31.875 31.938 53 5 0 A[1]
31.938 32.250 55 7 1 LONG[1]
32.250 32.625 55 7 1 WAY[1]
32.625 32.750 55 7 0 TO[1]
32.750 32.812 57 9 1 TIPPERARY[1]
32.812 32.875 59 11 0 TIPPERARY[2]
32.875 33.250 60 0 2 TIPPERARY[3]
33.250 33.500 64 4 0 TIPPERARY[4]
33.750 33.812 60 0 0 TO[1]
33.812 34.000 61 1 0 THE[1]
34.000 34.125 62 2 1 SWEETEST[1]
34.125 34.500 57 9 0 SWEETEST[2]
34.500 34.750 59 11 1 GIRL[1]
34.750 34.938 60 0 0 I[1]
34.938 35.750 62 2 1 KNOW[1]
36.000 36.250 55 7 2 GOODBYE[1]
36.250 36.750 55 7 1 GOODBYE[2]
36.750 36.833 57 9 1 PICCADILLY[1]
36.833 36.917 59 11 0 PICCADILLY[2]
36.917 37.000 60 0 2 PICCADILLY[3]
37.000 37.750 64 4 0 PICCADILLY[4]
38.000 38.250 65 5 2 FAREWELL[1]
38.250 38.500 57 9 1 FAREWELL[2]
38.500 38.625 60 0 1 LEICESTER[1]
38.625 39.000 62 2 0 LEICESTER[2]
39.000 39.500 64 4 1 SQUARE[1]
39.750 39.875 60 0 1 IT'S[1]
39.875 39.938 62 2 0 A[1]
39.938 40.250 64 4 1 LONG[1]
40.250 40.500 64 4 1 LONG[1]
40.500 40.583 64 4 1 WAY[1]
40.667 40.750 60 0 0 TO[1]
40.750 40.833 62 2 1 TIPPERARY[1]
40.833 40.917 60 0 0 TIPPERARY[2]
40.917 41.500 57 9 2 TIPPERARY[3]
41.500 41.625 55 7 0 TIPPERARY[4]
41.750 41.875 60 0 0 BUT[1]
42.000 42.250 64 4 0 MY[1]
42.250 42.750 60 0 1 HEART'S[1]
42.750 43.000 62 2 1 RIGHT[1]
43.000 43.500 60 0 1 THERE[1]
48.000 48.062 60 0 1 PADDY[1]
48.062 48.250 64 4 0 PADDY[2]
48.250 48.375 62 2 1 WROTE[1]
48.375 48.500 60 0 0 A[1]
48.500 48.562 57 9 1 LETTER[1]
48.562 48.750 55 7 0 LETTER[2]
48.750 48.875 52 4 0 TO[1]
48.875 49.000 53 5 0 HIS[1]
49.000 49.125 55 7 1 IRISH[1]
49.125 49.250 57 9 0 IRISH[2]
49.250 49.312 55 7 1 MOLLY[1]
49.312 49.375 52 4 0 MOLLY[2]
49.375 49.750 55 7 1 O'[1]
50.000 50.125 60 0 1 SAYING[1]
50.125 50.250 64 4 0 SAYING[2]
50.250 50.375 62 2 0 SHOULD[1]
50.375 50.438 60 0 0 YOU[1]
50.438 50.625 57 9 1 NOT[1]
50.625 50.750 55 7 0 RECEIVE[1]
50.750 50.875 52 4 1 RECEIVE[2]
50.875 51.000 55 7 0 IT[1]
51.000 51.125 59 11 1 WRITE[1]
51.125 51.250 60 0 0 AND[1]
51.250 51.375 59 11 1 LET[1]
51.375 51.438 54 6 0 ME[1]
51.438 51.750 59 11 1 KNOW[1]
52.000 52.125 60 0 0 IF[1]
52.125 52.250 64 4 0 I[1]
52.250 52.375 62 2 1 MAKE[1]
52.375 52.500 60 0 0 MISTAKES[1]
52.500 52.625 57 9 1 MISTAKES[2]
52.625 52.750 55 7 0 IN[1]
52.750 52.833 52 4 1 SPELLING[1]
52.833 52.917 55 7 0 SPELLING[2]
52.917 53.000 59 11 1 MOLLY[1]
53.000 53.125 60 0 0 MOLLY[2]
53.125 53.438 59 11 1 DEAR[1]
53.438 53.500 54 6 1 SAID[1]
53.500 53.750 59 11 0 HE[1]
53.875 53.938 59 11 0 REMEMBER[1]
53.938 54.125 64 4 1 REMEMBER[2]
54.125 54.188 62 2 0 REMEMBER[3]
54.188 54.375 60 0 1 IT'S[1]
54.375 54.438 59 11 0 THE[1]
54.438 54.625 62 2 1 PEN[1]
54.625 54.750 60 0 1 THAT'S[1]
54.750 54.875 62 2 1 BAD[1]
54.875 55.000 64 4 1 DON'T[1]
55.000 55.125 59 11 1 LAY[1]
55.125 55.250 57 9 0 THE[1]
55.250 55.375 59 11 1 BLAME[1]
55.375 55.500 60 0 0 ON[1]
55.500 55.750 62 2 0 ME[1]
55.750 55.875 52 4 1 IT'S[1]
55.875 55.938 53 5 0 A[1]
55.938 56.250 55 7 1 LONG[1]
56.250 56.500 55 7 1 WAY[1]
56.625 56.750 55 7 0 TO[1]
56.750 56.812 57 9 1 TIPPERARY[1]
56.812 56.875 59 11 0 TIPPERARY[2]
56.875 57.250 60 0 2 TIPPERARY[3]
57.250 57.500 64 4 0 TIPPERARY[4]
57.750 57.875 64 4 1 IT'S[1]
57.875 57.938 62 2 0 A[1]
57.938 58.250 60 0 1 LONG[1]
58.250 58.688 57 9 1 WAY[1]
58.688 58.938 60 0 0 TO[1]
58.938 59.500 55 7 1 GO[1]
59.750 59.875 52 4 1 IT'S[1]
59.875 59.938 53 5 0 A[1]
59.938 60.250 55 7 1 LONG[1]
60.250 60.625 55 7 1 WAY[1]
60.625 60.750 55 7 0 TO[1]
60.750 60.812 57 9 1 TIPPERARY[1]
60.812 60.875 59 11 0 TIPPERARY[2]
60.875 61.250 60 0 2 TIPPERARY[3]
61.250 61.750 64 4 0 TIPPERARY[4]
61.750 61.875 60 0 0 TO[1]
61.875 62.000 61 1 0 THE[1]
62.000 62.125 62 2 1 SWEETEST[1]
62.125 62.500 57 9 0 SWEETEST[2]
62.500 62.750 59 11 1 GIRL[1]
62.750 62.938 60 0 0 I[1]
62.938 63.750 62 2 1 KNOW[1]
64.000 64.250 55 7 2 GOODBYE[1]
64.250 64.750 55 7 1 GOODBYE[2]
64.750 64.833 57 9 1 PICCADILLY[1]
64.833 64.917 59 11 0 PICCADILLY[2]
64.917 65.000 60 0 2 PICCADILLY[3]
65.000 65.750 64 4 0 PICCADILLY[4]
66.000 66.250 65 5 2 FAREWELL[1]
66.250 66.500 57 9 1 FAREWELL[2]
66.500 66.625 60 0 1 LEICESTER[1]
66.625 67.000 62 2 0 LEICESTER[2]
67.000 67.500 64 4 1 SQUARE[1]
67.750 67.875 60 0 1 IT'S[1]
67.875 67.938 62 2 0 A[1]
67.938 68.250 64 4 1 LONG[1]
68.250 68.500 64 4 1 LONG[1]
68.500 68.583 64 4 1 WAY[1]
68.667 68.750 60 0 0 TO[1]
68.750 68.833 62 2 1 TIPPERARY[1]
68.833 68.917 60 0 0 TIPPERARY[2]
68.917 69.500 57 9 2 TIPPERARY[3]
69.500 69.625 55 7 0 TIPPERARY[4]
69.750 69.875 60 0 0 BUT[1]
70.000 70.250 64 4 0 MY[1]
70.250 70.750 60 0 1 HEART'S[1]
70.750 71.000 62 2 1 RIGHT[1]
71.000 71.500 60 0 1 THERE[1]
71.750 71.875 52 4 1 IT'S[1]
71.875 71.938 53 5 0 A[1]
71.938 72.250 55 7 1 LONG[1]
72.250 72.500 55 7 1 WAY[1]
72.625 72.750 55 7 0 TO[1]
72.750 72.875 57 9 1 TIPPERARY[1]
72.875 72.938 59 11 0 TIPPERARY[2]
72.938 73.250 60 0 2 TIPPERARY[3]
73.250 73.500 64 4 0 TIPPERARY[4]
73.750 73.875 64 4 1 IT'S[1]
73.875 73.938 62 2 0 A[1]
73.938 74.250 60 0 1 LONG[1]
74.250 74.750 57 9 1 WAY[1]
74.750 75.000 60 0 0 TO[1]
75.000 75.500 55 7 1 GO[1]
75.750 75.875 52 4 1 IT'S[1]
75.875 75.938 53 5 0 A[1]
75.938 76.250 55 7 1 LONG[1]
76.250 76.625 55 7 1 WAY[1]
76.625 76.750 55 7 0 TO[1]
76.750 76.812 57 9 1 TIPPERARY[1]
76.812 76.875 59 11 0 TIPPERARY[2]
76.875 77.250 60 0 2 TIPPERARY[3]
77.250 77.500 64 4 0 TIPPERARY[4]
77.750 77.812 60 0 0 TO[1]
77.812 78.000 61 1 0 THE[1]
78.000 78.125 62 2 1 SWEETEST[1]
78.125 78.500 57 9 0 SWEETEST[2]
78.500 78.750 59 11 1 GIRL[1]
78.750 78.938 60 0 0 I[1]
78.938 79.750 62 2 1 KNOW[1]
80.000 80.250 55 7 2 GOODBYE[1]
80.250 80.750 55 7 1 GOODBYE[2]
80.750 80.833 57 9 1 PICCADILLY[1]
80.833 80.917 59 11 0 PICCADILLY[2]
80.917 81.000 60 0 2 PICCADILLY[3]
81.000 81.750 64 4 0 PICCADILLY[4]
82.000 82.250 65 5 2 FAREWELL[1]
82.250 82.500 57 9 1 FAREWELL[2]
82.500 82.625 60 0 1 LEICESTER[1]
82.625 83.000 62 2 0 LEICESTER[2]
83.000 83.500 64 4 1 SQUARE[1]
83.750 83.875 60 0 1 IT'S[1]
83.875 83.938 62 2 0 A[1]
83.938 84.250 64 4 1 LONG[1]
84.250 84.500 64 4 1 LONG[1]
84.500 84.583 64 4 1 WAY[1]
84.667 84.750 60 0 0 TO[1]
84.750 84.833 62 2 1 TIPPERARY[1]
84.833 84.917 60 0 0 TIPPERARY[2]
84.917 85.500 57 9 2 TIPPERARY[3]
85.500 85.625 55 7 0 TIPPERARY[4]
85.750 85.875 60 0 0 BUT[1]
86.000 86.250 64 4 0 MY[1]
86.250 86.750 60 0 1 HEART'S[1]
86.750 87.000 62 2 1 RIGHT[1]
87.000 87.500 60 0 1 THERE[1]
