37.7500 38.0000 62 7 0 IT[1]
38.0000 38.6250 59 4 1 SEEMS[1]
38.6250 38.7500 58 3 0 TO[1]
38.7500 38.8750 59 4 0 ME[1]
38.8750 39.0000 58 3 1 I'VE[1]
39.0000 39.1250 59 4 1 HEARD[1]
39.1250 39.3750 67 0 0 THAT[1]
39.3750 39.7500 66 11 1 SONG[1]
39.7500 39.8750 64 9 0 BEFORE[1]
39.8750 40.5000 59 4 1 BEFORE[2]
40.6250 40.8750 59 4 1 IT'S[1]
40.8750 41.0000 59 4 0 FROM[1]
41.0000 41.0625 58 3 0 AN[1]
41.0625 41.5000 59 4 1 OLD[1]
41.5000 41.6667 69 2 0 FAMILIAR[1]
41.6667 41.8333 67 0 1 FAMILIAR[2]
41.8333 42.1250 66 11 0 FAMILIAR[3]
42.1250 42.5000 64 9 1 SCORE[1]
42.6250 42.8750 64 9 0 I[1]
42.8750 43.0000 64 9 1 KNOW[1]
43.0000 43.1250 64 9 0 IT[1]
43.1250 43.5000 64 9 1 WELL[1]
43.5000 43.6250 62 7 0 THAT[1]
43.6250 43.7500 60 5 1 MELODY[1]
43.7500 43.8750 56 1 0 MELODY[2]
43.8750 45.7500 59 4 0 MELODY[3]
46.1250 46.2500 59 4 1 IT'S[1]
46.5000 46.6250 59 4 1 FUNNY[1]
46.6250 47.0000 59 4 0 FUNNY[2]
47.1250 47.2500 59 4 1 HOW[1]
47.2500 47.3750 57 2 0 A[1]
47.3750 48.0000 62 7 1 THEME[1]
48.2500 48.3750 64 9 1 RECALLS[1]
48.3750 48.7500 64 9 2 RECALLS[2]
48.7500 48.8750 62 7 0 A[1]
48.8750 49.1250 64 9 1 FAVORITE[1]
49.1250 49.2500 61 6 0 FAVORITE[2]
49.2500 49.5000 62 7 0 FAVORITE[3]
49.5000 50.1250 67 0 1 DREAM[1]
50.2500 50.3750 67 0 0 A[1]
50.3750 50.7500 67 0 1 DREAM[1]
50.7500 50.8750 67 0 0 THAT[1]
50.8750 51.1250 67 0 1 BROUGHT[1]
51.1250 51.3750 66 11 0 YOU[1]
51.3750 51.6250 67 0 0 SO[1]
51.6250 52.0000 69 2 1 CLOSE[1]
52.0000 52.1250 64 9 0 TO[1]
52.1250 53.0000 69 2 0 ME[1]
53.1250 53.5000 66 11 0 I[1]
53.5000 53.7500 64 9 1 KNOW[1]
53.7500 54.0000 62 7 0 EACH[1]
54.0000 54.6250 59 4 1 WORD[1]
54.6250 54.7500 58 3 0 BECAUSE[1]
54.7500 54.8750 59 4 1 BECAUSE[2]
54.8750 55.0000 58 3 1 I'VE[1]
55.0000 55.1250 59 4 1 HEARD[1]
55.1250 55.3750 67 0 0 THAT[1]
55.3750 55.8750 66 11 1 SONG[1]
55.8750 56.0000 64 9 0 BEFORE[1]
56.0000 56.5000 59 4 1 BEFORE[2]
56.6250 56.7500 58 3 0 THE[1]
56.7500 56.8750 59 4 1 LYRICS[1]
56.8750 57.1250 58 3 0 LYRICS[2]
57.1250 57.2500 59 4 1 SAID[1]
57.5000 57.6667 69 2 0 FOREVER[1]
57.6667 57.8333 67 0 1 FOREVER[2]
57.8333 58.1250 66 11 0 FOREVER[3]
58.1250 58.5000 64 9 0 MORE[1]
58.6250 58.7500 63 8 0 FOREVER[1]
58.7500 58.8125 64 9 1 FOREVER[2]
58.8125 59.0000 63 8 0 FOREVER[3]
59.0000 59.5000 65 10 1 MORE'S[1]
59.5000 59.6667 62 7 0 A[1]
59.6667 59.8333 60 5 1 MEMORY[1]
59.8333 60.1250 59 4 0 MEMORY[2]
60.1250 62.0000 64 9 0 MEMORY[3]
62.1250 62.6250 69 2 1 PLEASE[1]
62.6250 62.7500 69 2 1 HAVE[1]
62.7500 63.0000 67 0 0 THEM[1]
63.0000 63.1667 69 2 1 PLAY[1]
63.1667 63.3333 67 0 0 IT[1]
63.3333 63.5000 71 4 0 AGAIN[1]
63.5000 64.0000 69 2 1 AGAIN[2]
64.1250 64.5000 64 9 0 AND[1]
64.5000 64.7500 64 9 1 I'LL[1]
64.7500 64.8750 64 9 0 REMEMBER[1]
64.8750 65.1250 64 9 1 REMEMBER[2]
65.1250 65.2500 62 7 0 REMEMBER[3]
65.2500 65.5000 66 11 1 JUST[1]
65.5000 65.7500 64 9 0 WHEN[1]
65.7500 65.8750 59 4 0 I[1]
65.8750 66.1250 60 5 1 HEARD[1]
66.1250 66.3750 62 7 0 THAT[1]
66.3750 66.7500 64 9 1 LOVELY[1]
66.7500 66.8750 67 0 0 LOVELY[2]
66.8750 67.5000 69 2 1 SONG[1]
67.6250 68.0000 71 4 0 BEFORE[1]
68.0000 69.7500 67 0 1 BEFORE[2]
