3.000 3.125 71 9 2 JEREMIAH[1]
3.125 3.250 69 7 0 JEREMIAH[2]
3.250 3.375 69 7 1 JEREMIAH[3]
3.375 3.500 66 4 0 JEREMIAH[4]
3.500 3.750 69 7 1 WAS[1]
3.750 3.875 66 4 0 A[1]
3.875 4.125 69 7 1 BULLFROG[1]
4.125 4.500 65 3 2 BULLFROG[2]
5.000 5.125 71 9 1 WAS[1]
5.125 5.250 71 9 0 A[1]
5.250 5.500 69 7 1 GOOD[1]
5.500 5.750 69 7 1 FRIEND[1]
5.750 5.875 69 7 0 OF[1]
5.875 6.500 66 4 0 MINE[1]
6.875 7.000 62 0 0 I[1]
7.000 7.125 71 9 1 NEVER[1]
7.125 7.250 71 9 0 NEVER[2]
7.250 7.375 69 7 2 UNDERSTOOD[1]
7.375 7.500 69 7 0 UNDERSTOOD[2]
7.500 7.625 65 3 1 UNDERSTOOD[3]
7.625 7.750 64 2 0 A[1]
7.750 7.875 62 0 1 SINGLE[1]
7.875 8.000 59 9 0 SINGLE[2]
8.000 8.125 65 3 1 WORD[1]
8.125 8.375 64 2 0 HE[1]
8.375 8.438 62 0 1 SAID[1]
8.750 8.812 62 0 0 BUT[1]
8.812 9.000 62 0 0 I[1]
9.000 9.125 65 3 1 HELPED[1]
9.250 9.375 64 2 0 HIM[1]
9.375 9.500 62 0 0 A[1]
9.500 9.625 64 2 1 DRINK[1]
9.625 9.750 62 0 0 HIS[1]
9.875 10.250 62 0 1 WINE[1]
10.750 10.875 59 9 0 AND[1]
10.875 11.000 57 7 0 HE[1]
11.000 11.125 65 3 1 ALWAYS[1]
11.125 11.250 65 3 2 ALWAYS[2]
11.250 11.375 64 2 1 HAD[1]
11.375 11.500 62 0 0 SOME[1]
11.500 11.625 64 2 1 MIGHTY[1]
11.625 11.750 62 0 0 MIGHTY[2]
11.750 12.000 62 0 1 FINE[1]
12.000 12.250 62 0 1 WINE[1]
12.750 12.875 62 0 1 SINGIN'[1]
12.875 13.000 62 0 0 SINGIN'[2]
13.000 13.750 66 4 1 JOY[1]
13.750 13.875 64 2 0 TO[1]
13.875 14.000 59 9 0 THE[1]
14.000 14.250 62 0 1 WORLD[1]
15.000 15.625 69 7 0 ALL[1]
15.625 15.750 66 4 0 THE[1]
15.750 15.875 67 5 1 BOYS[1]
15.875 16.000 66 4 0 AND[1]
16.000 16.062 67 5 1 GIRLS[1]
16.250 16.375 62 0 1 NOW[1]
17.000 17.250 66 4 1 JOY[1]
17.250 17.375 69 7 0 TO[1]
17.375 17.500 69 7 0 THE[1]
17.500 17.625 71 9 1 FISHES[1]
17.625 17.750 65 3 0 FISHES[2]
17.750 17.875 64 2 0 IN[1]
17.875 18.000 62 0 0 THE[1]
18.000 18.125 64 2 1 DEEP[1]
18.125 18.375 64 2 1 BLUE[1]
18.375 18.750 62 0 1 SEA[1]
19.000 19.375 66 4 1 JOY[1]
19.375 19.500 62 0 0 TO[1]
19.500 19.625 64 2 0 YOU[1]
19.625 19.750 64 2 0 AND[1]
19.875 20.250 62 0 0 ME[1]
21.000 21.250 71 9 0 IF[1]
21.250 21.500 69 7 0 I[1]
21.500 21.875 69 7 1 WERE[1]
21.875 22.000 66 4 0 THE[1]
22.000 22.188 69 7 1 KING[1]
22.188 22.250 69 7 0 OF[1]
22.250 22.375 69 7 0 THE[1]
22.375 22.750 66 4 1 WORLD[1]
23.000 23.250 71 9 1 TELL[1]
23.250 23.500 69 7 0 YOU[1]
23.500 23.625 69 7 0 WHAT[1]
23.625 23.875 69 7 1 I'D[1]
23.875 24.250 66 4 1 DO[1]
24.875 25.000 62 0 1 I'D[1]
25.000 25.125 71 9 1 THROW[1]
25.125 25.250 71 9 0 AWAY[1]
25.250 25.375 69 7 1 AWAY[2]
25.375 25.500 69 7 0 THE[1]
25.500 25.562 65 3 1 CARS[1]
25.750 25.875 62 0 0 AND[1]
25.875 26.000 59 9 0 THE[1]
26.000 26.062 65 3 1 BARS[1]
26.250 26.375 62 0 0 AND[1]
26.375 26.500 59 9 0 THE[1]
26.500 26.562 62 0 1 WAR[1]
27.000 27.125 66 4 1 MAKE[1]
27.250 27.375 64 2 1 SWEET[1]
27.500 27.750 64 2 1 LOVE[1]
27.750 27.875 62 0 0 TO[1]
27.875 28.000 62 0 0 YOU[1]
28.375 28.438 65 3 1 SING[1]
28.438 28.625 64 2 0 IT[1]
28.625 28.688 62 0 1 NOW[1]
29.000 29.750 66 4 1 JOY[1]
29.750 29.875 64 2 0 TO[1]
29.875 30.000 59 9 0 THE[1]
30.000 30.250 62 0 1 WORLD[1]
31.000 31.625 69 7 0 ALL[1]
31.625 31.750 62 0 0 THE[1]
31.750 31.875 65 3 1 BOYS[1]
31.875 32.000 59 9 0 AND[1]
32.000 32.250 62 0 1 GIRLS[1]
33.000 33.250 66 4 1 JOY[1]
33.250 33.375 69 7 0 TO[1]
33.375 33.500 69 7 0 THE[1]
33.500 33.625 71 9 1 FISHES[1]
33.625 33.750 66 4 0 FISHES[2]
33.750 33.875 64 2 0 IN[1]
33.875 34.000 62 0 0 THE[1]
34.000 34.125 65 3 1 DEEP[1]
34.125 34.375 64 2 1 BLUE[1]
34.375 34.750 62 0 1 SEA[1]
35.000 35.375 66 4 1 JOY[1]
35.375 35.500 62 0 0 TO[1]
35.500 35.625 64 2 0 YOU[1]
35.625 35.875 64 2 0 AND[1]
35.875 36.250 62 0 0 ME[1]
44.875 45.000 69 7 0 YOU[1]
45.000 45.250 71 9 1 KNOW[1]
45.250 45.500 69 7 0 I[1]
45.500 45.750 69 7 1 LOVE[1]
45.750 45.875 66 4 0 THE[1]
45.875 46.125 69 7 1 LADIES[1]
46.125 46.500 65 3 0 LADIES[2]
47.000 47.250 71 9 1 LOVE[1]
47.250 47.500 69 7 0 TO[1]
47.500 47.750 65 3 1 HAVE[1]
47.750 48.000 66 4 0 MY[1]
48.000 48.250 62 0 1 FUN[1]
48.750 48.875 66 4 1 I'M[1]
48.875 49.000 66 4 0 A[1]
49.000 49.250 71 9 1 HIGH[1]
49.250 49.500 69 7 1 LIFE[1]
49.500 49.625 65 3 1 FLYER[1]
49.625 49.750 64 2 0 FLYER[2]
49.750 49.875 62 0 0 AND[1]
49.875 50.000 59 9 0 A[1]
50.000 50.250 65 3 1 RAINBOW[1]
50.250 50.375 62 0 2 RAINBOW[2]
50.375 50.625 62 0 1 RIDER[1]
50.625 50.875 64 2 0 RIDER[2]
50.875 51.000 62 0 0 A[1]
51.000 51.125 65 3 1 STRAIGHT[1]
51.250 51.375 64 2 1 SHOOTIN'[1]
51.375 51.500 62 0 0 SHOOTIN'[2]
51.500 51.625 64 2 1 SON[1]
51.625 51.750 62 0 0 OF[1]
51.750 51.875 62 0 0 A[1]
51.875 52.250 62 0 1 GUN[1]
52.625 52.750 59 9 0 I[1]
52.750 52.875 62 0 1 SAID[1]
52.875 53.000 59 9 0 A[1]
53.000 53.125 65 3 1 STRAIGHT[1]
53.250 53.375 64 2 1 SHOOTIN'[1]
53.375 53.500 62 0 0 SHOOTIN'[2]
53.500 53.625 64 2 1 SON[1]
53.625 53.750 62 0 0 OF[1]
53.750 53.875 62 0 0 A[1]
53.875 54.250 62 0 1 GUN[1]
55.000 55.750 66 4 1 JOY[1]
55.750 55.875 64 2 0 TO[1]
55.875 56.000 59 9 0 THE[1]
56.000 56.250 62 0 1 WORLD[1]
57.000 57.625 64 2 0 ALL[1]
57.625 57.750 62 0 0 THE[1]
57.750 57.875 66 4 1 BOYS[1]
57.875 58.000 59 9 0 AND[1]
58.000 58.250 62 0 1 GIRLS[1]
59.000 59.250 66 4 1 JOY[1]
59.250 59.375 69 7 0 TO[1]
59.375 59.500 69 7 0 THE[1]
59.500 59.625 71 9 1 FISHES[1]
59.625 59.750 65 3 0 FISHES[2]
59.750 59.875 64 2 0 IN[1]
59.875 60.000 62 0 0 THE[1]
60.000 60.125 65 3 1 DEEP[1]
60.125 60.375 64 2 1 BLUE[1]
60.375 60.750 62 0 1 SEA[1]
61.000 61.375 66 4 1 JOY[1]
61.375 61.500 62 0 0 TO[1]
61.500 61.625 64 2 0 YOU[1]
61.625 61.875 64 2 0 AND[1]
61.875 62.250 62 0 0 ME[1]
63.250 63.875 68 4 1 JOY[1]
63.875 64.125 66 2 0 TO[1]
64.125 64.250 64 0 0 THE[1]
64.250 64.750 64 0 1 WORLD[1]
65.250 65.750 68 4 0 ALL[1]
65.750 65.875 66 2 0 THE[1]
65.875 66.125 66 2 1 BOYS[1]
66.125 66.250 64 0 0 AND[1]
66.250 66.750 64 0 1 GIRLS[1]
67.250 67.875 68 4 1 JOY[1]
67.875 68.125 66 2 0 TO[1]
68.125 68.250 64 0 0 THE[1]
68.250 68.750 64 0 1 FISHES[1]
69.250 69.875 68 4 0 FISHES[2]
69.875 70.000 66 2 0 IN[1]
70.000 70.125 66 2 0 THE[1]
70.125 70.250 64 0 1 DEEP[1]
70.250 70.750 64 0 1 BLUE[1]
71.000 71.750 66 4 1 SEA[1]
71.750 71.875 64 2 1 JOY[1]
71.875 72.000 59 9 0 TO[1]
72.000 72.250 62 0 0 YOU[1]
73.000 73.625 64 2 0 AND[1]
73.625 73.750 62 0 0 ME[1]
73.750 73.875 66 4 1 JOY[1]
73.875 74.000 59 9 0 TO[1]
74.000 74.250 62 0 0 THE[1]
75.000 75.250 66 4 1 WORLD[1]
75.250 75.375 69 7 0 ALL[1]
75.375 75.500 69 7 0 THE[1]
75.500 75.625 71 9 1 BOYS[1]
75.625 75.750 65 3 0 AND[1]
75.750 75.875 64 2 1 GIRLS[1]
75.875 76.000 62 0 1 JOY[1]
76.000 76.125 65 3 0 TO[1]
76.125 76.375 64 2 0 THE[1]
76.375 76.750 62 0 1 WORLD[1]
77.000 77.375 66 4 1 JOY[1]
77.375 77.500 62 0 0 TO[1]
77.500 77.625 64 2 0 YOU[1]
77.625 77.875 64 2 0 AND[1]
77.875 78.250 62 0 0 ME[1]
79.000 79.750 66 4 1 JOY[1]
79.750 79.875 64 2 0 TO[1]
79.875 80.000 59 9 0 THE[1]
80.000 80.250 62 0 1 WORLD[1]
81.000 81.375 66 4 0 ALL[1]
81.375 81.500 62 0 0 THE[1]
81.500 81.625 64 2 1 BOYS[1]
81.625 81.875 64 2 0 AND[1]
81.875 82.250 62 0 1 GIRLS[1]
83.000 83.750 66 4 1 JOY[1]
83.750 83.875 64 2 0 TO[1]
83.875 84.000 59 9 0 THE[1]
84.000 84.250 62 0 1 FISHES[1]
85.000 85.625 64 2 0 FISHES[2]
85.625 85.750 62 0 0 IN[1]
85.750 85.875 66 4 0 THE[1]
85.875 86.000 59 9 1 DEEP[1]
86.000 86.250 62 0 1 BLUE[1]
87.000 87.250 66 4 1 SEA[1]
87.250 87.375 69 7 1 JOY[1]
87.375 87.500 69 7 0 TO[1]
87.500 87.625 71 9 0 YOU[1]
87.625 87.750 65 3 0 AND[1]
87.750 87.875 64 2 0 ME[1]
87.875 88.000 62 0 1 JOY[1]
88.000 88.125 65 3 0 TO[1]
88.125 88.375 64 2 0 THE[1]
88.375 88.750 62 0 1 WORLD[1]
89.000 89.375 66 4 0 ALL[1]
89.375 89.500 62 0 0 THE[1]
89.500 89.625 64 2 1 BOYS[1]
89.625 89.875 64 2 0 AND[1]
89.875 90.250 62 0 1 GIRLS[1]
91.000 91.750 66 4 1 JOY[1]
91.750 91.875 64 2 0 TO[1]
91.875 92.000 59 9 0 THE[1]
92.000 92.250 62 0 1 FISHES[1]
93.000 93.625 64 2 0 FISHES[2]
93.625 93.750 62 0 0 IN[1]
93.750 93.875 66 4 0 THE[1]
93.875 94.000 59 9 1 DEEP[1]
94.000 94.250 62 0 1 BLUE[1]
95.000 95.250 66 4 1 SEA[1]
95.250 95.375 69 7 1 JOY[1]
95.375 95.500 69 7 0 TO[1]
95.500 95.625 71 9 0 YOU[1]
95.625 95.750 65 3 0 AND[1]
95.750 95.875 64 2 0 ME[1]
95.875 96.000 62 0 1 JOY[1]
96.000 96.125 65 3 0 TO[1]
96.125 96.375 64 2 0 THE[1]
96.375 96.750 62 0 1 WORLD[1]
97.000 97.375 66 4 0 ALL[1]
97.375 97.500 62 0 0 THE[1]
97.500 97.625 64 2 1 BOYS[1]
97.625 97.875 64 2 0 AND[1]
97.875 98.250 62 0 1 GIRLS[1]
 1 JOY[1]
