4.2500 4.5000 51 0 0 A[1]
4.5000 4.7500 53 2 1 CLOUDED[1]
4.7500 4.8750 55 4 0 CLOUDED[2]
4.8750 5.7500 58 7 1 MOON[1]
6.1250 6.2500 60 9 1 CREEPS[1]
6.3750 6.5000 58 7 0 ACROSS[1]
6.5000 6.6875 56 5 1 ACROSS[2]
6.6875 6.7500 55 4 0 THE[1]
6.7500 6.8750 55 4 1 CLOUDED[1]
6.8750 7.0000 51 0 0 CLOUDED[2]
7.1250 7.5000 53 2 1 SKY[1]
8.1250 8.3750 56 5 1 WINDS[1]
8.3750 8.5000 56 5 0 OF[1]
8.5000 8.6250 55 4 1 JANUARY[1]
8.6250 8.7500 53 2 0 JANUARY[2]
8.7500 8.8750 51 0 2 JANUARY[3]
8.8750 9.0000 51 0 0 JANUARY[4]
9.1250 9.7500 47 8 1 SIGH[1]
9.7500 10.0000 46 7 0 AND[1]
10.0000 11.0000 51 0 1 MOAN[1]
12.2500 12.6250 51 0 0 AND[1]
12.6250 12.6875 53 2 0 YET[1]
12.6875 12.7500 55 4 1 IT'S[1]
13.0000 13.8750 58 7 1 JUNE[1]
13.8750 14.3750 60 9 0 I[1]
14.3750 14.7500 58 7 0 CAN[1]
14.7500 14.8125 56 5 1 SEE[1]
14.8125 15.0000 55 4 0 A[1]
15.0000 15.0625 53 2 1 SKY[1]
15.0625 15.2500 51 0 0 OF[1]
15.2500 15.7500 53 2 1 BLUE[1]
16.2500 16.3750 56 5 1 DEAR[1]
16.3750 16.5000 56 5 0 THE[1]
16.5000 16.6250 55 4 1 MIRACLE[1]
16.6250 16.7500 55 4 0 MIRACLE[2]
16.7500 16.8750 53 2 0 MIRACLE[3]
16.8750 17.0000 51 0 1 IS[1]
17.0000 17.8750 47 8 1 DUE[1]
17.8750 18.0000 53 2 0 TO[1]
18.0000 18.7500 51 0 0 YOU[1]
18.7500 19.0000 55 4 1 JUST[1]
19.0000 19.7500 58 7 0 YOU[1]
19.8750 20.0000 59 8 1 IT'S[1]
20.1250 20.8750 60 9 1 JUNE[1]
20.8750 21.1250 58 7 0 IN[1]
21.1250 21.3750 56 5 1 JANUARY[1]
21.3750 21.5000 55 4 0 JANUARY[2]
21.5000 21.7500 54 3 2 JANUARY[3]
21.7500 22.0000 55 4 0 JANUARY[4]
22.3750 22.5000 48 9 0 BECAUSE[1]
22.5000 22.6667 58 7 1 BECAUSE[2]
22.6667 22.8333 57 6 1 I'M[1]
22.8333 23.0000 56 5 0 IN[1]
23.0000 24.0000 48 9 1 LOVE[1]
24.3750 24.5000 58 7 0 IT[1]
24.5000 24.8333 58 7 1 ALWAYS[1]
24.8333 24.9167 57 6 2 ALWAYS[2]
24.9167 25.0000 56 5 1 IS[1]
25.2500 25.3333 48 9 1 SPRING[1]
25.3333 25.4167 49 10 0 IN[1]
25.4167 25.5000 50 11 0 MY[1]
25.5000 26.0000 55 4 1 HEART[1]
26.1667 26.2500 46 7 0 WITH[1]
26.2500 26.3333 53 2 0 YOU[1]
26.3333 26.4167 50 11 0 IN[1]
26.4167 26.5000 51 0 0 MY[1]
26.5000 27.5000 58 7 1 ARMS[1]
27.8750 28.0000 53 2 0 THE[1]
28.1250 28.8750 60 9 1 SNOW[1]
28.8750 29.0000 58 7 1 IS[1]
29.0000 29.3750 56 5 1 JUST[1]
29.3750 29.5000 48 9 1 WHITE[1]
29.5000 29.6250 54 3 1 BLOSSOMS[1]
29.6250 30.0000 55 4 0 BLOSSOMS[2]
30.3750 30.5000 48 9 0 THAT[1]
30.5000 30.8750 58 7 1 FALL[1]
30.8750 30.9375 57 6 0 FROM[1]
30.9375 31.0000 56 5 0 ABOVE[1]
31.0000 32.0000 48 9 1 ABOVE[2]
32.3750 32.5000 58 7 0 AND[1]
32.6250 32.8750 58 7 1 HERE[1]
32.8750 32.9375 57 6 1 IS[1]
32.9375 33.0000 56 5 0 THE[1]
33.0000 33.1667 48 9 1 REASON[1]
33.1667 33.3333 49 10 0 REASON[2]
33.3333 33.5000 50 11 0 MY[1]
33.5000 34.0000 55 4 1 DEAR[1]
34.1667 34.2500 46 7 0 YOUR[1]
34.2500 34.3333 48 9 1 MAGICAL[1]
34.3333 34.4167 50 11 0 MAGICAL[2]
34.4167 34.5833 53 2 0 MAGICAL[3]
34.5833 35.5000 51 0 1 CHARMS[1]
36.2500 36.3125 55 4 0 THE[1]
36.3125 36.8750 56 5 1 NIGHT[1]
36.8750 37.0000 55 4 1 IS[1]
37.1250 38.0000 54 3 1 COLD[1]
38.3750 38.5000 55 4 0 THE[1]
38.5000 38.8750 56 5 1 TREES[1]
38.8750 39.0000 55 4 1 ARE[1]
39.0000 40.0000 53 2 1 BARE[1]
40.4375 40.5000 55 4 0 BUT[1]
40.5000 40.7500 56 5 0 I[1]
40.7500 40.8750 55 4 0 CAN[1]
40.8750 41.5000 60 9 1 FEEL[1]
41.7500 41.8333 60 9 0 THE[1]
41.8333 41.9167 60 9 1 SCENT[1]
41.9167 42.0000 61 10 0 OF[1]
42.0000 42.6250 62 11 1 ROSES[1]
42.6250 42.7500 62 11 0 ROSES[2]
42.7500 42.8750 53 2 0 IN[1]
42.8750 43.0000 55 4 0 THE[1]
43.0000 44.0000 58 7 1 AIR[1]
44.0000 44.2500 51 0 1 IT'S[1]
44.2500 44.8750 60 9 1 JUNE[1]
44.8750 45.1250 48 9 0 IN[1]
45.1250 45.3750 56 5 1 JANUARY[1]
45.3750 45.5000 55 4 0 JANUARY[2]
45.5000 45.7500 54 3 2 JANUARY[3]
45.7500 46.0000 55 4 0 JANUARY[4]
46.3750 46.5000 48 9 0 BECAUSE[1]
46.5000 46.6667 58 7 1 BECAUSE[2]
46.6667 46.8333 57 6 1 I'M[1]
46.8333 47.0000 56 5 0 IN[1]
47.0000 48.0000 48 9 1 LOVE[1]
48.4375 48.5000 46 7 0 BUT[1]
48.5000 48.7500 58 7 1 ONLY[1]
48.7500 48.8750 57 6 0 ONLY[2]
48.8750 49.0000 56 5 0 BECAUSE[1]
49.0000 49.1667 48 9 1 BECAUSE[2]
49.1667 49.3333 49 10 1 I'M[1]
49.3333 49.5000 50 11 0 IN[1]
49.5000 49.9167 60 9 1 LOVE[1]
49.9167 50.0000 50 11 0 WITH[1]
50.0000 50.5000 51 0 0 YOU[1]
69.2500 69.6250 63 11 1 OH[1]
69.6250 69.7500 61 9 0 THE[1]
69.7500 69.8750 63 11 1 NIGHT[1]
69.8750 70.0000 61 9 1 IS[1]
70.0000 71.0000 64 0 1 COLD[1]
71.2500 71.6250 59 7 1 WON'T[1]
71.6250 71.7500 57 5 0 IT[1]
71.7500 71.8750 59 7 1 BE[1]
71.8750 72.0000 57 5 0 TO[1]
72.0000 72.5000 61 9 1 BEAR[1]
72.6250 72.7500 56 4 0 BUT[1]
72.7500 72.8750 57 5 0 I[1]
72.8750 73.0000 56 4 0 CAN[1]
73.0000 73.5000 61 9 1 FEEL[1]
73.6250 73.7500 54 2 0 THE[1]
73.7500 73.8750 61 9 1 SCENT[1]
73.8750 74.0000 62 10 0 OF[1]
74.0000 74.5000 63 11 1 ROSES[1]
74.6250 74.7500 63 11 0 ROSES[2]
74.7500 74.8750 54 2 0 IN[1]
74.8750 75.0000 56 4 0 THE[1]
75.0000 75.7500 59 7 1 AIR[1]
75.8750 76.0000 60 8 1 IT'S[1]
76.1250 76.8750 61 9 1 JUNE[1]
76.8750 77.1250 47 7 0 IN[1]
77.1250 77.3750 57 5 1 JANUARY[1]
77.3750 77.5000 56 4 0 JANUARY[2]
77.5000 77.7500 55 3 2 JANUARY[3]
77.7500 78.0000 56 4 0 JANUARY[4]
78.3750 78.5000 49 9 0 BECAUSE[1]
78.5000 78.7500 59 7 1 BECAUSE[2]
78.7500 78.8750 58 6 1 I'M[1]
78.8750 79.0000 57 5 0 IN[1]
79.0000 80.0000 49 9 1 LOVE[1]
80.3750 80.5000 59 7 0 BUT[1]
80.5000 80.7500 59 7 1 ONLY[1]
80.7500 80.8750 58 6 0 ONLY[2]
80.8750 81.0000 57 5 0 BECAUSE[1]
81.0000 81.1667 49 9 1 BECAUSE[2]
81.1667 81.3333 50 10 1 I'M[1]
81.3333 81.5000 51 11 0 IN[1]
81.5000 81.8333 61 9 1 LOVE[1]
81.8333 82.0000 47 7 0 WITH[1]
82.0000 83.0000 52 0 0 YOU[1]
