7.1250 7.2500 60 7 1 I'VE[1]
7.2500 7.4375 60 7 1 HEARD[1]
7.4375 7.5000 60 7 0 THE[1]
7.5000 7.7500 58 5 1 PRAYERS[1]
7.7500 8.0000 57 4 0 OF[1]
8.0000 8.2500 55 2 1 MOTHERS[1]
8.2500 9.0000 62 9 0 MOTHERS[2]
9.1250 9.2500 64 11 0 SOME[1]
9.2500 9.4375 64 11 0 OF[1]
9.4375 9.5000 64 11 0 THEM[1]
9.5000 9.7500 62 9 1 OLD[1]
9.7500 10.0000 58 5 0 AND[1]
10.0000 11.0000 57 4 1 GRAY[1]
11.1250 11.2500 57 4 1 I'VE[1]
11.2500 11.4375 57 4 1 HEARD[1]
11.4375 11.5000 57 4 0 THE[1]
11.5000 11.7500 58 5 1 PRAYERS[1]
11.7500 12.0000 57 4 0 OF[1]
12.0000 12.2500 55 2 1 OTHERS[1]
12.2500 13.0000 53 0 0 OTHERS[2]
13.1250 13.2500 55 2 0 FOR[1]
13.2500 13.3750 57 4 0 THOSE[1]
13.3750 13.5000 59 6 0 WHO[1]
13.5000 13.7500 62 9 1 WENT[1]
13.7500 14.0000 55 2 0 AWAY[1]
14.0000 15.0000 60 7 1 AWAY[2]
15.1250 15.2500 63 10 1 OFT[1]
15.2500 15.4375 63 10 1 TIMES[1]
15.4375 15.5000 60 7 0 A[1]
15.5000 15.7500 57 4 1 PRAYER[1]
15.7500 15.9375 53 0 0 WILL[1]
15.9375 16.2500 55 2 1 TEACH[1]
16.2500 17.0000 62 9 0 ONE[1]
17.1875 17.2500 60 7 0 THE[1]
17.2500 17.4375 60 7 1 MEANING[1]
17.4375 17.5000 60 7 0 MEANING[2]
17.5000 17.7500 58 5 0 OF[1]
17.7500 18.0000 57 4 2 GOODBYE[1]
18.0000 19.0000 58 5 1 GOODBYE[2]
19.1250 19.2500 60 7 1 I'VE[1]
19.2500 19.4375 60 7 1 FELT[1]
19.4375 19.5000 60 7 0 THE[1]
19.5000 19.7500 58 5 1 PAIN[1]
19.7500 20.0000 57 4 0 OF[1]
20.0000 20.2500 55 2 0 EACH[1]
20.2500 21.0000 62 9 0 ONE[1]
21.1250 21.2500 59 6 0 BUT[1]
21.2500 21.3750 59 6 0 THIS[1]
21.3750 21.5000 59 6 0 ONE[1]
21.5000 21.7500 57 4 1 MADE[1]
21.7500 22.0000 55 2 0 ME[1]
22.0000 23.0000 60 7 1 CRY[1]
23.2500 23.4375 55 2 1 JUST[1]
23.4375 23.5000 57 4 0 A[1]
23.5000 23.6250 58 5 1 BABY'S[1]
23.6250 23.7500 62 9 0 BABY'S[2]
23.7500 23.8750 58 5 1 PRAYER[1]
23.8750 24.0000 55 2 0 AT[1]
24.0000 24.5000 50 9 1 TWILIGHT[1]
24.5000 25.0000 52 11 2 TWILIGHT[2]
25.2500 25.5000 52 11 0 WHEN[1]
25.5000 25.7500 53 0 1 LIGHTS[1]
25.7500 26.0000 55 2 1 ARE[1]
26.0000 27.0000 57 4 1 LOW[1]
27.2500 27.5000 53 0 0 HER[1]
27.5000 27.7500 55 2 1 BABY'S[1]
27.7500 28.0000 57 4 0 BABY'S[2]
28.0000 29.0000 58 5 1 YEARS[1]
29.2500 29.5000 55 2 1 ARE[1]
29.5000 29.7500 57 4 1 FILLED[1]
29.7500 30.0000 58 5 0 WITH[1]
30.0000 31.0000 60 7 1 TEARS[1]
31.2500 31.4375 55 2 1 THERE'S[1]
31.4375 31.5000 57 4 0 A[1]
31.5000 31.6250 58 5 1 MOTHER[1]
31.6250 31.7500 62 9 0 MOTHER[2]
31.7500 31.8750 58 5 1 THERE[1]
31.8750 32.0000 55 2 0 AT[1]
32.0000 32.5000 50 9 1 TWILIGHT[1]
32.5000 33.0000 52 11 2 TWILIGHT[2]
33.2500 33.5000 52 11 1 WHO'S[1]
33.5000 33.7500 53 0 1 PROUD[1]
33.7500 34.0000 55 2 0 TO[1]
34.0000 35.0000 57 4 1 KNOW[1]
35.2500 35.5000 60 7 0 HER[1]
35.5000 35.7500 59 6 1 PRECIOUS[1]
35.7500 36.0000 57 4 0 PRECIOUS[2]
36.0000 36.1250 57 4 1 LITTLE[1]
36.1250 36.3750 56 3 0 LITTLE[2]
36.3750 37.0000 59 6 1 TOT[1]
37.2500 37.5000 62 9 1 IS[1]
37.5000 37.7500 60 7 1 DAD'S[1]
37.7500 38.0000 59 6 0 FORGET-ME-NOT[1]
38.0000 38.1250 59 6 1 FORGET-ME-NOT[2]
38.1250 38.3750 57 4 2 FORGET-ME-NOT[3]
38.3750 39.0000 60 7 0 FORGET-ME-NOT[4]
39.2500 39.4375 55 2 1 AFTER[1]
39.4375 39.5000 57 4 0 AFTER[2]
39.5000 39.6250 58 5 1 SAYING[1]
39.6250 39.7500 62 9 0 SAYING[2]
39.7500 39.8750 58 5 1 GOODNIGHT[1]
39.8750 40.0000 55 2 2 GOODNIGHT[2]
40.0000 40.5000 50 9 1 MAMA[1]
40.5000 41.0000 52 11 0 MAMA[2]
41.2500 41.5000 52 11 0 SHE[1]
41.5000 41.7500 53 0 1 CLIMBS[1]
41.7500 42.0000 55 2 0 UPSTAIRS[1]
42.0000 43.0000 57 4 1 UPSTAIRS[2]
43.2500 43.5000 53 0 1 QUITE[1]
43.5000 43.7500 55 2 2 UNAWARE[1]
43.7500 44.0000 57 4 0 UNAWARE[2]
44.0000 45.0000 58 5 1 UNAWARE[3]
45.2500 45.5000 55 2 0 AND[1]
45.5000 45.7500 57 4 1 SAYS[1]
45.7500 46.0000 58 5 0 HER[1]
46.0000 47.0000 60 7 1 PRAYER[1]
47.2500 47.5000 57 4 1 OH[1]
47.5000 47.7500 58 5 1 KINDLY[1]
47.7500 48.0000 60 7 0 KINDLY[2]
48.0000 48.2500 62 9 1 TELL[1]
48.2500 48.5000 62 9 0 MY[1]
48.5000 48.7500 62 9 1 DADDY[1]
48.7500 49.0000 62 9 0 DADDY[2]
49.0000 49.2500 64 11 0 THAT[1]
49.2500 49.5000 64 11 0 HE[1]
49.5000 49.7500 64 11 0 MUST[1]
49.7500 50.0000 64 11 1 TAKE[1]
50.0000 51.0000 60 7 1 CARE[1]
51.2500 51.4375 55 2 1 THAT'S[1]
51.4375 51.5000 57 4 0 A[1]
51.5000 51.6250 58 5 1 BABY'S[1]
51.6250 51.7500 62 9 0 BABY'S[2]
51.7500 51.8750 58 5 1 PRAYER[1]
51.8750 52.0000 55 2 0 AT[1]
52.0000 52.5000 50 9 1 TWILIGHT[1]
52.5000 53.0000 52 11 2 TWILIGHT[2]
53.2500 53.3750 50 9 0 FOR[1]
53.3750 53.5000 52 11 0 HER[1]
53.5000 53.6250 62 9 1 DADDY[1]
53.6250 53.7500 60 7 0 DADDY[2]
53.7500 53.8750 50 9 1 OVER[1]
53.8750 54.0000 52 11 0 OVER[2]
54.0000 63.0000 53 0 1 THERE[1]
63.2500 63.5000 57 4 1 OH[1]
63.5000 63.7500 58 5 1 KINDLY[1]
63.7500 63.8750 60 7 0 KINDLY[2]
63.8750 64.2500 62 9 1 TELL[1]
64.2500 64.5000 62 9 0 MY[1]
64.5000 64.7500 62 9 1 DADDY[1]
64.7500 65.0000 62 9 0 DADDY[2]
65.0000 65.2500 64 11 0 THAT[1]
65.2500 65.5000 64 11 0 HE[1]
65.5000 65.7500 64 11 0 MUST[1]
65.7500 66.0000 64 11 1 TAKE[1]
66.0000 67.0000 60 7 1 CARE[1]
67.2500 67.4375 55 2 1 THAT'S[1]
67.4375 67.5000 57 4 0 A[1]
67.5000 67.6250 58 5 1 BABY'S[1]
67.6250 67.7500 62 9 0 BABY'S[2]
67.7500 67.8750 58 5 1 PRAYER[1]
67.8750 68.0000 55 2 0 AT[1]
68.0000 68.5000 50 9 1 TWILIGHT[1]
68.5000 69.0000 52 11 2 TWILIGHT[2]
69.2500 69.3750 50 9 0 FOR[1]
69.3750 69.5000 52 11 0 HER[1]
69.5000 69.6250 62 9 1 DADDY[1]
69.6250 69.7500 60 7 0 DADDY[2]
69.7500 69.8750 50 9 1 OVER[1]
69.8750 70.0000 52 11 0 OVER[2]
70.0000 71.0000 53 0 1 THERE[1]
