4.188 4.250 63 7 1 YOU'LL[1]
4.250 4.438 60 4 1 PARDON[1]
4.438 4.500 63 7 0 PARDON[2]
4.500 4.688 56 0 0 ME[1]
4.688 4.750 58 2 0 IF[1]
4.750 4.938 56 0 0 I[1]
4.938 5.000 53 9 0 COULD[1]
5.000 5.188 55 11 1 SAY[1]
5.188 5.250 54 10 1 GOOD[1]
5.250 5.438 55 11 1 MORNING[1]
5.438 5.500 58 2 0 MORNING[2]
5.500 5.750 53 9 1 LIZZY[1]
5.750 6.000 51 7 0 LIZZY[2]
6.188 6.250 75 7 1 YOU'LL[1]
6.250 6.438 72 4 1 PARDON[1]
6.438 6.500 75 7 0 PARDON[2]
6.500 6.688 68 0 0 ME[1]
6.688 6.750 70 2 0 BUT[1]
6.750 6.938 68 0 0 I[1]
6.938 7.000 65 9 1 AM[1]
7.000 7.188 67 11 1 VERY[1]
7.188 7.250 66 10 0 VERY[2]
7.250 7.438 67 11 1 VERY[1]
7.438 7.500 70 2 0 VERY[2]
7.500 7.750 65 9 1 BUSY[1]
7.750 8.000 63 7 0 BUSY[2]
8.125 8.250 51 7 0 I[1]
8.250 8.375 53 9 1 HAVEN'T[1]
8.375 8.500 55 11 0 HAVEN'T[2]
8.500 8.625 58 2 1 SEEN[1]
8.625 8.750 56 0 0 YOU[1]
8.750 8.875 55 11 0 SINCE[1]
8.875 9.000 53 9 0 THE[1]
9.000 9.250 54 10 1 DAYS[1]
9.250 9.375 55 11 0 OF[1]
9.375 9.750 60 4 1 CHILDHOOD[1]
9.750 10.000 58 2 2 CHILDHOOD[2]
10.125 10.250 51 7 1 DO[1]
10.250 10.375 53 9 0 YOU[1]
10.375 10.500 55 11 0 REMEMBER[1]
10.500 10.625 58 2 1 REMEMBER[2]
10.625 10.750 56 0 0 REMEMBER[3]
10.750 10.875 55 11 1 HOW[1]
10.875 11.000 53 9 0 WE[1]
11.000 11.250 54 10 1 RAN[1]
11.250 11.375 55 11 0 THE[1]
11.375 11.750 60 4 1 WILD[1]
11.750 12.000 58 2 1 WOOD[1]
12.125 12.250 56 0 1 DO[1]
12.250 12.375 58 2 0 YOU[1]
12.375 12.500 60 4 0 REMEMBER[1]
12.500 12.625 63 7 1 REMEMBER[2]
12.625 12.750 60 4 0 REMEMBER[3]
12.750 12.875 58 2 1 HOW[1]
12.875 13.000 56 0 0 I[1]
13.000 13.250 55 11 1 TOLD[1]
13.250 13.500 56 0 0 YOU[1]
13.500 13.625 51 7 0 THAT[1]
13.625 13.875 53 9 0 I[1]
13.875 14.500 55 11 1 LOVE[1]
14.500 15.000 54 10 0 BUT[1]
15.000 16.000 55 11 0 YOU[1]
16.125 16.250 72 4 1 YES[1]
16.250 16.375 72 4 0 I[1]
16.375 16.500 70 2 0 REMEMBER[1]
16.500 16.750 69 1 1 REMEMBER[2]
16.750 17.000 70 2 0 REMEMBER[3]
17.000 17.250 63 7 0 YOU[1]
17.250 17.500 65 9 1 YOUNG[1]
17.500 17.750 67 11 1 FELLOW[1]
17.750 18.000 72 4 0 FELLOW[2]
18.125 18.250 70 2 0 YOU[1]
18.250 18.375 68 0 1 WERE[1]
18.375 18.500 67 11 0 AN[1]
18.500 18.750 70 2 1 AWFUL[1]
18.750 19.000 68 0 0 AWFUL[2]
19.000 19.250 60 4 1 STORYTELLER[1]
19.250 19.500 63 7 0 STORYTELLER[2]
19.500 19.750 65 9 2 STORYTELLER[3]
19.750 20.000 68 0 0 STORYTELLER[4]
20.000 20.375 55 11 1 PARDON[1]
20.375 20.500 58 2 0 PARDON[2]
20.500 20.875 51 7 0 ME[1]
20.875 21.000 55 11 0 BUT[1]
21.000 21.375 53 9 1 HONESTLY[1]
21.375 21.500 56 0 0 HONESTLY[2]
21.500 21.875 62 6 0 HONESTLY[3]
21.875 22.000 65 9 0 MY[1]
22.000 22.125 63 7 1 EVERY(1)[1]
22.125 22.250 65 9 0 EVERY(1)[2]
22.250 22.375 67 11 1 WORD[1]
22.375 22.500 63 7 0 OF[1]
22.500 22.750 65 9 1 LOVE[1]
22.750 23.000 67 11 1 WAS[1]
23.000 24.000 63 7 1 TRUE[1]
24.125 24.250 85 5 0 I[1]
24.250 24.375 84 4 1 SAW[1]
24.375 24.500 82 2 0 YOU[1]
24.500 24.625 81 1 1 DRIVING[1]
24.625 24.750 82 2 0 DRIVING[2]
24.750 24.875 79 11 0 IN[1]
24.875 25.000 75 7 0 AN[1]
25.000 25.125 74 6 1 AUTOMOBILE[1]
25.125 25.250 75 7 0 AUTOMOBILE[2]
25.250 25.375 79 11 0 AUTOMOBILE[3]
25.375 25.750 84 4 2 AUTOMOBILE[4]
25.750 25.875 82 2 0 WITH[1]
25.875 26.000 84 4 0 A[1]
26.000 26.125 80 0 1 BEAUTIFUL[1]
26.125 26.250 72 4 0 BEAUTIFUL[2]
26.250 26.375 75 7 0 BEAUTIFUL[3]
26.375 26.750 77 9 1 BLONDE[1]
26.750 27.000 80 0 0 ONE[1]
27.000 28.000 77 9 1 DAY[1]
28.125 28.250 63 7 0 I[1]
28.250 28.312 65 9 1 DIDN'T[1]
28.312 28.500 67 11 0 DIDN'T[2]
28.500 28.750 65 9 1 LOVE[1]
28.750 29.000 63 7 0 HER[1]
29.125 29.250 63 7 0 I[1]
29.250 29.375 65 9 1 DIDN'T[1]
29.375 29.500 67 11 0 DIDN'T[2]
29.500 29.750 65 9 1 LOVE[1]
29.750 29.938 63 7 0 HER[1]
29.938 30.000 65 9 0 BELIEVE[1]
30.000 30.250 65 9 1 BELIEVE[2]
30.250 30.500 65 9 0 ME[1]
30.500 30.625 63 7 0 WHAT[1]
30.625 31.000 65 9 0 I[1]
31.000 31.143 68 0 1 SAY[1]
32.125 32.250 85 5 0 AND[1]
32.250 32.375 84 4 0 THEN[1]
32.375 32.500 82 2 0 I[1]
32.500 32.625 81 1 1 SAW[1]
32.625 32.750 82 2 0 YOU[1]
32.750 32.875 79 11 0 IN[1]
32.875 33.000 75 7 0 A[1]
33.000 33.250 74 6 1 HANDSOME[1]
33.250 33.375 75 7 0 HANDSOME[2]
33.375 33.750 84 4 1 CAB[1]
33.750 33.875 82 2 0 WITH[1]
33.875 34.000 84 4 0 THE[1]
34.000 34.125 80 0 1 GIRLIE[1]
34.125 34.500 72 4 0 GIRLIE[2]
34.500 34.750 77 9 0 FROM[1]
34.750 35.000 80 0 0 BEFORE[1]
35.000 35.500 77 9 1 BEFORE[2]
36.125 36.250 58 2 0 I[1]
36.250 36.375 56 0 1 DIDN'T[1]
36.375 36.500 58 2 0 DIDN'T[2]
36.500 36.625 51 7 1 LOVE[1]
36.625 36.750 53 9 0 HER[1]
36.750 36.875 55 11 1 WASN'T[1]
36.875 37.000 51 7 0 WASN'T[2]
37.000 37.125 53 9 1 EVEN[1]
37.125 37.250 55 11 0 EVEN[2]
37.250 37.375 53 9 1 THINKING[1]
37.375 37.500 51 7 0 THINKING[2]
37.500 37.625 50 6 0 OF[1]
37.625 37.750 51 7 0 HER[1]
37.750 37.875 49 5 1 YOU'RE[1]
37.875 38.000 50 6 0 THE[1]
38.000 38.125 51 7 1 ONLY[1]
38.125 38.250 53 9 0 ONLY[2]
38.250 38.375 55 11 1 GIRL[1]
38.375 38.500 51 7 0 I[1]
38.500 38.625 53 9 1 EVER[1]
38.625 38.750 52 8 0 EVER[2]
38.750 38.875 53 9 1 GAVE[1]
38.875 39.000 55 11 0 A[1]
39.000 39.500 51 7 1 THOUGHT[1]
39.750 40.000 73 5 0 THEN[1]
40.000 40.250 73 5 1 TAKE[1]
40.250 40.500 73 5 0 ME[1]
40.500 40.750 72 4 0 FOR[1]
40.750 41.000 72 4 0 A[1]
41.000 41.500 70 2 1 RIDE[1]
41.750 42.000 56 0 0 NO[1]
42.000 42.250 55 11 0 CONTROL[1]
42.250 42.500 55 11 1 CONTROL[2]
42.500 42.750 53 9 0 BY[1]
42.750 43.000 53 9 0 MY[1]
43.000 44.000 51 7 1 SIDE[1]
44.000 44.125 60 4 1 LET'S[1]
44.250 44.438 58 2 1 TAKE[1]
44.438 44.500 56 0 0 AN[1]
44.500 44.750 51 7 1 OLD[1]
44.750 44.938 48 4 1 FASHIONED[1]
44.938 45.000 55 11 0 FASHIONED[2]
45.000 45.500 53 9 1 WALK[1]
46.000 46.125 72 4 1 LET'S[1]
46.250 46.438 70 2 1 HAVE[1]
46.438 46.500 68 0 0 AN[1]
46.500 46.750 63 7 1 OLD[1]
46.750 46.875 60 4 1 FASHIONED[1]
46.875 47.000 67 11 0 FASHIONED[2]
47.000 47.500 65 9 1 TALK[1]
48.000 48.250 52 8 0 WE[1]
48.250 48.500 53 9 0 WILL[1]
48.500 48.750 60 4 1 WALK[1]
48.750 48.875 58 2 1 ANY[1]
48.875 49.000 55 11 0 ANY[2]
49.000 49.250 53 9 1 PLACE[1]
49.250 49.500 55 11 0 YOU[1]
49.500 49.750 53 9 1 CHOOSE[1]
49.750 50.000 51 7 0 TO[1]
50.000 50.250 60 4 0 AND[1]
50.250 50.500 63 7 1 WE'LL[1]
50.500 50.688 70 2 1 TALK[1]
50.688 50.750 68 0 0 ABOUT[1]
50.750 50.938 70 2 1 ABOUT[2]
50.938 51.000 68 0 0 THE[1]
51.000 51.250 65 9 1 THINGS[1]
51.250 51.500 68 0 0 WE[1]
51.500 51.750 65 9 1 USED[1]
51.750 52.000 63 7 0 TO[1]
52.000 52.125 48 4 0 IF[1]
52.125 52.250 48 4 0 YOU[1]
52.250 52.375 47 3 1 WANT[1]
52.375 52.500 48 4 0 THE[1]
52.500 52.625 49 5 1 NOVELTY[1]
52.625 52.750 48 4 0 NOVELTY[2]
52.750 52.875 45 1 0 NOVELTY[3]
52.875 53.000 41 9 0 IN[1]
53.000 53.250 40 8 1 OUTDOOR[1]
53.250 53.500 41 9 2 OUTDOOR[2]
53.500 53.750 49 5 0 PAST[1]
53.750 54.000 48 4 1 TIME[1]
54.000 54.125 46 2 1 SOMETHING[1]
54.125 54.250 45 1 0 SOMETHING[2]
54.250 54.375 46 2 0 FOR[1]
54.375 54.500 48 4 0 THE[1]
54.500 54.750 48 4 1 REAL[1]
54.750 55.000 41 9 0 BLASE(1)[1]
55.000 55.500 46 2 1 BLASE(1)[2]
55.750 55.875 45 1 1 IT'S[1]
55.875 56.000 46 2 0 AN[1]
56.000 56.250 48 4 1 OLD[1]
56.250 56.375 46 2 1 FASHIONED[1]
56.375 56.500 44 0 0 FASHIONED[2]
56.500 56.750 39 7 1 WALK[1]
56.750 56.875 56 0 0 AND[1]
56.875 57.000 58 2 0 AN[1]
57.000 57.250 60 4 1 OLD[1]
57.250 57.375 58 2 1 FASHIONED[1]
57.375 57.500 56 0 0 FASHIONED[2]
57.500 57.750 51 7 1 TALK[1]
57.750 57.875 51 7 0 WITH[1]
57.875 58.000 52 8 0 AN[1]
58.000 58.250 53 9 1 OLD[1]
58.250 58.375 56 0 1 FASHIONED[1]
58.375 58.500 53 9 0 FASHIONED[2]
58.500 58.750 60 4 1 GIRL[1]
58.750 59.000 60 4 0 SOME[1]
59.000 59.250 60 4 1 DAY[1]
60.000 60.125 48 4 1 LET'S[1]
60.250 60.438 46 2 1 TAKE[1]
60.438 60.500 44 0 0 AN[1]
60.500 60.750 39 7 1 OLD[1]
60.750 60.938 36 4 1 FASHIONED[1]
60.938 61.000 43 11 0 FASHIONED[2]
61.000 61.500 41 9 1 WALK[1]
62.000 62.125 60 4 1 LET'S[1]
62.250 62.438 58 2 1 HAVE[1]
62.438 62.500 56 0 0 AN[1]
62.500 62.750 51 7 1 OLD[1]
62.750 62.875 48 4 1 FASHIONED[1]
62.875 63.000 55 11 0 FASHIONED[2]
63.000 63.500 53 9 1 TALK[1]
64.000 64.250 40 8 0 WE[1]
64.250 64.500 41 9 0 WILL[1]
64.500 64.750 48 4 1 WALK[1]
64.750 64.875 46 2 1 ANY[1]
64.875 65.000 44 0 0 ANY[2]
65.000 65.250 41 9 1 PLACE[1]
65.250 65.500 43 11 0 YOU[1]
65.500 65.750 41 9 1 CHOOSE[1]
65.750 66.000 39 7 0 TO[1]
66.000 66.250 48 4 0 AND[1]
66.250 66.500 51 7 1 LET'S[1]
66.500 66.688 58 2 1 TALK[1]
66.688 66.750 56 0 0 ABOUT[1]
66.750 66.938 58 2 1 ABOUT[2]
66.938 67.000 56 0 0 THE[1]
67.000 67.250 53 9 1 THINGS[1]
67.250 67.500 56 0 0 WE[1]
67.500 67.750 53 9 1 USED[1]
67.750 68.000 51 7 0 TO[1]
68.000 68.125 36 4 0 IF[1]
68.125 68.250 36 4 0 YOU[1]
68.250 68.375 35 3 1 WANT[1]
68.375 68.500 36 4 0 THE[1]
68.500 68.625 37 5 1 NOVELTY[1]
68.625 68.750 36 4 0 NOVELTY[2]
68.750 68.875 33 1 0 NOVELTY[3]
68.875 69.000 29 9 0 IN[1]
69.000 69.250 28 8 1 OUTDOOR[1]
69.250 69.500 29 9 2 OUTDOOR[2]
69.500 69.750 37 5 0 PAST[1]
69.750 70.000 36 4 1 TIME[1]
70.000 70.125 34 2 1 SOMETHING[1]
70.125 70.250 33 1 0 SOMETHING[2]
70.250 70.375 34 2 0 FOR[1]
70.375 70.500 37 5 0 THE[1]
70.500 70.750 36 4 1 REAL[1]
70.750 71.000 29 9 0 BLASE(1)[1]
71.000 71.500 34 2 1 BLASE(1)[2]
71.750 71.875 33 1 1 IT'S[1]
71.875 72.000 34 2 0 AN[1]
72.000 72.250 36 4 1 OLD[1]
72.250 72.375 34 2 1 FASHIONED[1]
72.375 72.500 32 0 0 FASHIONED[2]
72.500 72.750 27 7 1 WALK[1]
72.750 72.875 44 0 0 AND[1]
72.875 73.000 46 2 0 AN[1]
73.000 73.250 48 4 1 OLD[1]
73.250 73.375 46 2 1 FASHIONED[1]
73.375 73.500 44 0 0 FASHIONED[2]
73.500 73.750 39 7 1 TALK[1]
73.750 73.875 39 7 0 WITH[1]
73.875 74.000 40 8 0 AN[1]
74.000 74.250 41 9 1 OLD[1]
74.250 74.375 44 0 1 FASHIONED[1]
74.375 74.500 41 9 0 FASHIONED[2]
74.500 74.750 48 4 1 GIRL[1]
74.750 75.000 48 4 0 SOME[1]
75.000 75.250 48 4 1 DAY[1]
