43.875 44.000 63 7 0 THE[1]
44.000 44.250 60 4 1 MOON[1]
44.250 44.500 63 7 1 WAS[1]
44.500 44.750 68 0 0 ALL[1]
44.750 45.000 72 4 0 AGLOW[1]
45.000 45.500 73 5 1 AGLOW[2]
45.750 46.000 72 4 0 AND[1]
46.000 46.125 73 5 1 HEAVEN[1]
46.125 46.250 73 5 0 HEAVEN[2]
46.250 46.500 72 4 1 WAS[1]
46.500 46.750 70 2 0 IN[1]
46.750 47.000 68 0 0 YOUR[1]
47.000 48.000 64 8 1 EYES[1]
48.250 48.375 75 7 0 THE[1]
48.375 48.625 72 4 1 NIGHT[1]
48.625 48.750 75 7 0 THAT[1]
48.750 49.000 72 4 0 YOU[1]
49.000 49.500 75 7 1 TOLD[1]
49.500 50.000 65 9 0 ME[1]
50.250 50.417 75 7 0 THOSE[1]
50.417 50.583 72 4 1 LITTLE[1]
50.583 50.750 75 7 0 LITTLE[2]
50.750 51.000 72 4 1 WHITE[1]
51.000 51.750 65 9 1 LIES[1]
51.875 52.000 63 7 0 THE[1]
52.000 52.250 60 4 1 STARS[1]
52.250 52.500 63 7 0 ALL[1]
52.500 52.750 68 0 1 SEEMED[1]
52.750 53.000 72 4 0 TO[1]
53.000 53.500 73 5 1 KNOW[1]
53.750 53.875 72 4 0 THAT[1]
53.875 54.000 72 4 0 YOU[1]
54.000 54.125 73 5 1 DIDN'T[1]
54.125 54.250 73 5 0 DIDN'T[2]
54.250 54.500 72 4 1 MEAN[1]
54.500 54.750 70 2 0 ALL[1]
54.750 55.000 68 0 0 THOSE[1]
55.000 56.000 64 8 1 SIGHS[1]
56.250 56.375 75 7 0 THE[1]
56.375 56.625 72 4 1 NIGHT[1]
56.625 56.750 75 7 0 THAT[1]
56.750 57.000 72 4 0 YOU[1]
57.000 57.500 75 7 1 TOLD[1]
57.500 58.000 65 9 0 ME[1]
58.250 58.500 75 7 0 THOSE[1]
58.500 58.625 72 4 1 LITTLE[1]
58.625 58.750 75 7 0 LITTLE[2]
58.750 59.000 72 4 1 WHITE[1]
59.000 59.500 68 0 1 LIES[1]
59.750 60.000 68 0 0 I[1]
60.000 60.500 67 7 1 TRY[1]
60.625 60.750 69 9 0 BUT[1]
60.750 61.000 67 7 1 THERE'S[1]
61.000 61.250 67 7 0 NO[1]
61.250 61.375 67 7 0 FORGETTING[1]
61.375 61.625 67 7 1 FORGETTING[2]
61.625 61.750 69 9 0 FORGETTING[3]
61.750 62.000 67 7 0 WHEN[1]
62.250 62.625 67 7 1 EVENING[1]
62.625 62.750 69 9 0 EVENING[2]
62.750 63.000 67 7 0 APPEARS[1]
63.000 63.500 67 11 1 APPEARS[2]
63.750 64.000 68 0 0 I[1]
64.000 64.500 70 2 1 SIGH[1]
64.625 64.750 72 4 0 BUT[1]
64.750 65.000 70 2 1 THERE'S[1]
65.000 65.250 70 2 0 NO[1]
65.250 65.375 70 2 0 REGRETTING[1]
65.375 65.625 70 2 1 REGRETTING[2]
65.625 65.750 72 4 0 REGRETTING[3]
65.750 66.000 70 2 0 IN[1]
66.000 66.667 70 2 1 SPITE[1]
66.667 66.833 72 4 0 OF[1]
66.833 67.000 70 2 0 MY[1]
67.000 67.500 70 2 1 TEARS[1]
67.750 68.000 63 7 0 THE[1]
68.000 68.125 60 4 1 DEVIL[1]
68.125 68.250 60 4 0 DEVIL[2]
68.250 68.500 63 7 1 WAS[1]
68.500 68.750 68 0 0 IN[1]
68.750 69.000 72 4 0 YOUR[1]
69.000 69.500 73 5 1 HEART[1]
69.750 70.000 72 4 0 BUT[1]
70.000 70.125 73 5 1 HEAVEN[1]
70.125 70.250 73 5 0 HEAVEN[2]
70.250 70.500 72 4 1 WAS[1]
70.500 70.750 70 2 0 IN[1]
70.750 71.000 68 0 0 YOUR[1]
71.000 72.000 64 8 1 EYE[1]
72.250 72.375 75 7 0 THE[1]
72.375 72.625 72 4 1 NIGHT[1]
72.625 72.750 75 7 0 THAT[1]
72.750 73.000 72 4 0 YOU[1]
73.000 73.500 75 7 1 TOLD[1]
73.500 74.000 65 9 0 ME[1]
74.250 74.500 75 7 0 THOSE[1]
74.500 74.667 75 7 1 LITTLE[1]
74.667 74.833 76 8 0 LITTLE[2]
74.833 75.000 77 9 1 WHITE[1]
75.000 75.500 68 0 1 LIES[1]
