3.875 3.938 57 0 0 WHEN[1]
3.938 4.000 59 2 0 YOU[1]
4.000 4.062 59 2 1 CALLED[1]
4.125 4.188 61 4 0 ME[1]
4.188 4.250 61 4 0 UP[1]
4.250 4.312 61 4 0 THIS[1]
4.312 4.438 61 4 1 MORNING[1]
4.438 4.625 61 4 0 MORNING[2]
4.750 4.812 61 4 1 TOLD[1]
4.812 4.875 59 2 0 ME[1]
4.875 4.938 59 2 1 'BOUT[1]
4.938 5.000 59 2 0 THE[1]
5.000 5.125 59 2 1 NEW[1]
5.125 5.250 59 2 1 LOVE[1]
5.250 5.375 57 0 0 YOU[1]
5.375 5.625 61 4 1 FOUND[1]
5.812 5.875 54 9 0 I[1]
5.875 5.938 54 9 1 SAID[1]
5.938 6.000 54 9 1 I'M[1]
6.000 6.062 54 9 1 HAPPY[1]
6.125 6.188 52 7 0 HAPPY[2]
6.188 6.312 52 7 0 FOR[1]
6.312 6.500 52 7 0 YOU[1]
6.812 6.875 54 9 1 I'M[1]
6.875 6.938 54 9 1 REALLY[1]
6.938 7.000 54 9 0 REALLY[2]
7.000 7.125 54 9 1 HAPPY[1]
7.125 7.188 52 7 0 HAPPY[2]
7.188 7.312 52 7 0 FOR[1]
7.312 7.500 52 7 0 YOU[1]
8.125 8.250 61 4 1 FOUND[1]
8.250 8.312 61 4 1 SOMEONE[1]
8.312 8.375 61 4 2 SOMEONE[2]
8.375 8.500 61 4 1 ELSE[1]
8.750 8.812 61 4 0 I[1]
8.812 8.938 61 4 1 GUESS[1]
8.938 9.000 59 2 0 I[1]
9.000 9.125 59 2 1 WON'T[1]
9.125 9.188 59 2 1 BE[1]
9.188 9.250 59 2 1 COMIN'[1]
9.250 9.312 57 0 0 COMIN'[2]
9.312 9.500 61 4 0 ROUND[1]
9.812 9.875 56 11 0 I[1]
9.875 9.938 54 9 1 GUESS[1]
9.938 10.000 54 9 1 IT'S[1]
10.000 10.125 54 9 1 OVER[1]
10.125 10.188 52 7 0 OVER[2]
10.188 10.375 52 7 1 BABY[1]
10.375 10.500 52 7 0 BABY[2]
10.812 10.875 54 9 1 IT'S[1]
10.875 10.938 54 9 1 REALLY[1]
10.938 11.000 54 9 0 REALLY[2]
11.000 11.062 54 9 1 OVER[1]
11.188 11.250 52 7 0 OVER[2]
11.250 11.438 52 7 1 BABY[1]
11.438 11.500 52 7 0 BABY[2]
11.500 11.562 52 7 1 WHOA[1]
12.125 12.188 57 0 0 AND[1]
12.188 12.250 57 0 0 FROM[1]
12.250 12.312 57 0 0 WHAT[1]
12.312 12.375 57 0 0 YOU[1]
12.375 12.500 57 0 1 SAID[1]
12.812 12.875 54 9 0 I[1]
12.875 12.938 57 0 1 KNOW[1]
12.938 13.000 59 2 1 YOU'VE[1]
13.000 13.062 59 2 1 GOTTEN[1]
13.188 13.250 59 2 0 GOTTEN[2]
13.250 13.438 59 2 1 OVER[1]
13.438 13.500 57 0 0 OVER[2]
13.500 13.750 57 0 0 ME[1]
14.125 14.188 61 4 1 IT'LL[1]
14.188 14.250 59 2 0 IT'LL[2]
14.250 14.312 59 2 1 NEVER[1]
14.312 14.375 59 2 0 NEVER[2]
14.375 14.625 59 2 1 BE[1]
14.938 15.000 57 0 0 THE[1]
15.000 15.062 59 2 1 WAY[1]
15.125 15.375 64 7 0 IT[1]
15.375 15.438 59 2 1 USED[1]
15.625 15.750 59 2 0 TO[1]
15.750 15.875 59 2 1 BE[1]
16.125 16.312 62 5 0 SO[1]
16.312 16.375 62 5 0 IF[1]
16.375 16.500 62 5 1 IT'S[1]
16.500 16.625 62 5 1 GOTTA[1]
16.625 16.750 61 4 0 GOTTA[2]
16.750 16.875 59 2 1 BE[1]
16.875 17.000 57 0 0 THIS[1]
17.000 17.062 61 4 1 WAY[1]
18.125 18.250 62 5 1 DON'T[1]
18.250 18.375 62 5 1 WORRY[1]
18.375 18.500 62 5 0 WORRY[2]
18.500 18.625 62 5 1 BABY[1]
18.625 18.750 61 4 0 BABY[2]
18.750 18.875 59 2 0 I[1]
18.875 19.000 57 0 0 CAN[1]
19.000 19.125 66 9 1 TAKE[1]
19.125 19.250 64 7 0 THE[1]
19.250 19.375 64 7 1 NEWS[1]
19.375 19.500 64 7 2 OKAY[1]
19.500 19.625 64 7 1 OKAY[2]
19.625 19.750 57 0 0 BUT[1]
19.750 19.875 61 4 0 IF[1]
19.875 20.000 62 5 0 YOU[1]
20.000 20.062 62 5 1 SEE[1]
20.125 20.250 64 7 0 ME[1]
20.250 20.375 64 7 1 WALKIN'[1]
20.375 20.500 64 7 0 WALKIN'[2]
20.500 20.750 66 9 0 BY[1]
20.875 20.938 61 4 0 AND[1]
20.938 21.000 62 5 0 THE[1]
21.000 21.125 64 7 1 TEARS[1]
21.125 21.250 64 7 1 ARE[1]
21.250 21.375 64 7 0 IN[1]
21.375 21.500 64 7 0 MY[1]
21.500 21.562 64 7 1 EYES[1]
21.875 21.938 57 0 1 LOOK[1]
21.938 22.000 59 2 0 AWAY[1]
22.000 22.250 61 4 1 AWAY[2]
22.375 22.625 62 5 1 BABY[1]
22.625 22.750 61 4 0 BABY[2]
22.833 22.917 59 2 1 LOOK[1]
22.917 23.000 57 0 0 AWAY[1]
23.062 23.250 59 2 1 AWAY[2]
23.688 23.750 57 0 0 IF[1]
23.750 23.875 61 4 0 WE[1]
23.875 24.000 62 5 1 MEET[1]
24.000 24.062 62 5 0 ON[1]
24.125 24.250 64 7 0 THE[1]
24.250 24.375 64 7 1 STREETS[1]
24.375 24.500 64 7 1 SOMEDAY[1]
24.500 24.562 64 7 2 SOMEDAY[2]
24.875 24.938 61 4 0 AND[1]
24.938 25.000 62 5 0 I[1]
25.000 25.125 64 7 1 DON'T[1]
25.125 25.250 64 7 1 KNOW[1]
25.250 25.375 64 7 0 WHAT[1]
25.375 25.500 64 7 0 TO[1]
25.500 25.562 64 7 1 SAY[1]
25.875 25.938 57 0 1 LOOK[1]
25.938 26.000 59 2 0 AWAY[1]
26.000 26.250 61 4 1 AWAY[2]
26.375 26.625 62 5 1 BABY[1]
26.625 26.750 61 4 0 BABY[2]
26.833 26.917 59 2 1 LOOK[1]
26.917 27.000 57 0 0 AWAY[1]
27.062 27.250 59 2 1 AWAY[2]
27.750 27.875 52 7 1 DON'T[1]
27.875 27.938 52 7 1 LOOK[1]
28.125 28.375 56 11 0 AT[1]
28.375 28.750 57 0 0 ME[1]
28.875 29.000 52 7 0 I[1]
29.000 29.125 54 9 1 DON'T[1]
29.125 29.250 52 7 1 WANT[1]
29.250 29.375 52 7 0 YOU[1]
29.375 29.500 52 7 0 TO[1]
29.500 29.667 61 4 1 SEE[1]
29.667 29.833 61 4 0 ME[1]
29.833 30.000 61 4 0 THIS[1]
30.000 30.125 59 2 1 WAY[1]
34.875 34.938 57 0 0 WHEN[1]
34.938 35.000 59 2 0 WE[1]
35.000 35.062 59 2 0 BOTH[1]
35.125 35.188 61 4 0 AGREED[1]
35.188 35.375 61 4 1 AGREED[2]
35.375 35.438 61 4 0 AS[1]
35.438 35.500 61 4 1 LOVERS[1]
35.500 35.625 61 4 0 LOVERS[2]
35.875 35.938 61 4 0 WE[1]
35.938 36.000 59 2 1 WERE[1]
36.000 36.062 59 2 1 BETTER[1]
36.062 36.125 59 2 0 BETTER[2]
36.125 36.250 59 2 0 OFF[1]
36.250 36.375 57 0 0 AS[1]
36.375 36.625 61 4 1 FRIENDS[1]
36.812 36.875 54 9 1 THAT'S[1]
36.875 36.938 54 9 1 HOW[1]
36.938 37.000 54 9 0 IT[1]
37.000 37.125 54 9 1 HAD[1]
37.125 37.188 52 7 0 TO[1]
37.188 37.562 52 7 1 BE[1]
37.562 37.812 54 9 1 YEAH[1]
37.812 37.875 54 9 1 THAT'S[1]
37.875 37.938 54 9 1 HOW[1]
37.938 38.000 54 9 0 IT[1]
38.000 38.125 54 9 1 HAD[1]
38.125 38.188 52 7 0 TO[1]
38.188 38.500 52 7 1 BE[1]
39.062 39.125 52 7 0 I[1]
39.125 39.188 59 2 1 TELL[1]
39.250 39.312 64 7 0 YOU[1]
39.312 39.375 61 4 1 I'M[1]
39.375 39.438 57 0 1 FINE[1]
39.812 39.875 57 0 0 BUT[1]
39.875 39.938 59 2 0 SOMETIMES[1]
40.000 40.125 59 2 1 SOMETIMES[2]
40.125 40.188 57 0 0 I[1]
40.188 40.312 59 2 1 JUST[1]
40.312 40.375 57 0 0 PRETEND[1]
40.375 40.500 61 4 1 PRETEND[2]
40.812 40.875 54 9 1 WISH[1]
40.875 40.938 54 9 0 YOU[1]
40.938 41.000 54 9 1 WERE[1]
41.000 41.125 54 9 1 HOLDIN'[1]
41.125 41.250 52 7 0 HOLDIN'[2]
41.250 41.500 52 7 0 ME[1]
41.625 41.750 54 9 1 WISH[1]
41.750 41.812 54 9 0 YOU[1]
41.812 41.875 54 9 1 WERE[1]
41.875 42.000 54 9 1 STILL[1]
42.000 42.062 54 9 1 HOLDING[1]
42.188 42.250 52 7 0 HOLDING[2]
42.250 42.500 52 7 0 ME[1]
42.500 42.562 52 7 1 WHOA[1]
43.125 43.188 57 0 0 I[1]
43.188 43.250 57 0 1 JUST[1]
43.250 43.312 57 0 1 NEVER[1]
43.312 43.375 57 0 0 NEVER[2]
43.375 43.500 57 0 1 THOUGHT[1]
43.812 43.875 54 9 0 THAT[1]
43.875 43.938 57 0 0 I[1]
43.938 44.000 59 2 0 WOULD[1]
44.000 44.062 59 2 1 BE[1]
44.188 44.250 59 2 2 REPLACED[1]
44.250 44.375 59 2 1 REPLACED[2]
44.375 44.500 57 0 0 SO[1]
44.500 44.625 57 0 1 SOON[1]
45.188 45.250 54 9 0 I[1]
45.250 45.312 57 0 1 WASN'T[1]
45.312 45.375 59 2 0 WASN'T[2]
45.375 45.438 61 4 0 PREPARED[1]
45.438 45.625 61 4 1 PREPARED[2]
45.938 46.000 57 0 0 TO[1]
46.000 46.062 59 2 1 HEAR[1]
46.125 46.375 64 7 0 THOSE[1]
46.375 46.438 59 2 1 WORDS[1]
46.750 46.875 59 2 0 FROM[1]
46.875 47.000 57 0 0 YOU[1]
47.125 47.250 62 5 0 I[1]
47.250 47.375 62 5 1 KNOW[1]
47.375 47.500 62 5 0 I[1]
47.500 47.625 62 5 1 WANTED[1]
47.625 47.750 61 4 0 WANTED[2]
47.750 47.875 59 2 0 TO[1]
47.875 48.000 57 0 1 BE[1]
48.000 48.062 61 4 1 FREE[1]
49.125 49.250 62 5 1 YEAH[1]
49.250 49.375 62 5 1 BABY[1]
49.375 49.500 62 5 0 BABY[2]
49.500 49.625 62 5 0 THIS[1]
49.625 49.750 61 4 1 IS[1]
49.750 49.875 59 2 1 HOW[1]
49.875 50.000 57 0 0 WE[1]
50.000 50.125 66 9 1 WANTED[1]
50.125 50.250 64 7 0 WANTED[2]
50.250 50.375 64 7 0 IT[1]
50.375 50.500 64 7 0 TO[1]
50.500 50.625 64 7 1 BE[1]
50.625 50.750 57 0 0 BUT[1]
50.750 50.875 61 4 0 IF[1]
50.875 51.000 62 5 0 YOU[1]
51.000 51.062 62 5 1 SEE[1]
51.125 51.250 64 7 0 ME[1]
51.250 51.375 64 7 1 WALKIN'[1]
51.375 51.500 64 7 0 WALKIN'[2]
51.500 51.750 66 9 0 BY[1]
51.875 51.938 61 4 0 AND[1]
51.938 52.000 62 5 0 THE[1]
52.000 52.125 64 7 1 TEARS[1]
52.125 52.250 64 7 1 ARE[1]
52.250 52.375 64 7 0 IN[1]
52.375 52.500 64 7 0 MY[1]
52.500 52.562 64 7 1 EYES[1]
52.875 52.938 57 0 1 LOOK[1]
52.938 53.000 59 2 0 AWAY[1]
53.000 53.250 61 4 1 AWAY[2]
53.375 53.625 62 5 1 BABY[1]
53.625 53.750 61 4 0 BABY[2]
53.833 53.917 59 2 1 LOOK[1]
53.917 54.000 57 0 0 AWAY[1]
54.062 54.250 59 2 1 AWAY[2]
54.625 54.688 57 0 0 AND[1]
54.688 54.750 57 0 0 IF[1]
54.750 54.812 59 2 0 WE[1]
54.875 55.000 62 5 1 MEET[1]
55.000 55.062 62 5 0 ON[1]
55.125 55.250 64 7 0 THE[1]
55.250 55.375 64 7 1 STREETS[1]
55.375 55.500 64 7 1 SOMEDAY[1]
55.500 55.562 64 7 2 SOMEDAY[2]
55.875 55.938 61 4 0 AND[1]
55.938 56.000 62 5 0 I[1]
56.000 56.125 64 7 1 DON'T[1]
56.125 56.250 64 7 1 KNOW[1]
56.250 56.312 69 0 0 WHAT[1]
56.375 56.500 68 11 0 TO[1]
56.500 56.562 64 7 1 SAY[1]
56.875 56.938 57 0 1 LOOK[1]
56.938 57.000 59 2 0 AWAY[1]
57.000 57.250 61 4 1 AWAY[2]
57.375 57.625 62 5 1 BABY[1]
57.625 57.750 61 4 0 BABY[2]
57.750 57.938 64 7 1 LOOK[1]
57.938 58.000 64 7 0 AWAY[1]
58.000 58.062 61 4 1 AWAY[2]
58.750 59.000 61 4 1 DON'T[1]
59.000 59.062 61 4 1 LOOK[1]
59.125 59.375 57 0 0 AT[1]
59.375 59.750 57 0 0 ME[1]
59.875 60.000 52 7 0 I[1]
60.000 60.125 54 9 1 DON'T[1]
60.125 60.250 52 7 1 WANT[1]
60.250 60.375 52 7 0 YOU[1]
60.375 60.500 52 7 0 TO[1]
60.500 60.667 61 4 1 SEE[1]
60.667 60.833 59 2 0 ME[1]
60.833 61.000 59 2 0 THIS[1]
61.000 61.125 59 2 1 WAY[1]
64.750 64.875 63 4 0 IF[1]
64.875 65.000 64 5 0 YOU[1]
65.000 65.062 64 5 1 SEE[1]
65.125 65.250 66 7 0 ME[1]
65.250 65.375 66 7 1 WALKIN'[1]
65.375 65.500 66 7 0 WALKIN'[2]
65.500 65.562 66 7 0 BY[1]
65.875 65.938 63 4 0 AND[1]
65.938 66.000 64 5 0 THE[1]
66.000 66.125 66 7 1 TEARS[1]
66.125 66.250 66 7 1 ARE[1]
66.250 66.375 66 7 0 IN[1]
66.375 66.500 66 7 0 MY[1]
66.500 66.562 66 7 1 EYES[1]
66.875 66.938 59 0 1 LOOK[1]
66.938 67.000 61 2 0 AWAY[1]
67.000 67.250 63 4 1 AWAY[2]
67.375 67.625 64 5 1 BABY[1]
67.625 67.750 63 4 0 BABY[2]
67.833 67.917 61 2 1 LOOK[1]
67.917 68.000 59 0 0 AWAY[1]
68.125 68.250 61 2 1 AWAY[2]
68.625 68.688 59 0 0 AND[1]
68.688 68.750 59 0 0 IF[1]
68.750 68.812 61 2 0 WE[1]
68.875 69.000 64 5 1 MEET[1]
69.000 69.062 64 5 0 ON[1]
69.125 69.250 66 7 0 THE[1]
69.250 69.375 66 7 1 STREETS[1]
69.375 69.500 66 7 1 SOMEDAY[1]
69.500 69.562 66 7 2 SOMEDAY[2]
69.875 69.938 63 4 0 AND[1]
69.938 70.000 64 5 0 I[1]
70.000 70.125 66 7 1 DON'T[1]
70.125 70.250 66 7 1 KNOW[1]
70.250 70.375 71 0 0 WHAT[1]
70.375 70.500 70 11 0 TO[1]
70.500 70.562 66 7 1 SAY[1]
70.875 70.938 59 0 1 LOOK[1]
70.938 71.000 61 2 0 AWAY[1]
71.000 71.250 63 4 1 AWAY[2]
71.375 71.625 64 5 1 BABY[1]
71.625 71.750 63 4 0 BABY[2]
71.750 71.875 66 7 1 LOOK[1]
71.875 71.938 66 7 0 AWAY[1]
71.938 72.062 66 7 1 AWAY[2]
72.750 72.875 61 2 1 DON'T[1]
72.875 72.938 54 7 1 LOOK[1]
73.125 73.375 58 11 0 AT[1]
73.375 73.750 59 0 0 ME[1]
73.875 74.000 54 7 0 I[1]
74.000 74.125 56 9 1 DON'T[1]
74.125 74.250 54 7 1 WANT[1]
74.250 74.375 54 7 0 YOU[1]
74.375 74.500 54 7 0 TO[1]
74.500 74.667 63 4 1 SEE[1]
74.667 74.833 63 4 0 ME[1]
74.833 75.000 64 5 0 THIS[1]
75.000 75.062 64 5 1 SEE[1]
75.125 75.250 66 7 0 ME[1]
75.250 75.375 66 7 1 WALKIN'[1]
75.375 75.500 66 7 0 WALKIN'[2]
75.500 75.562 66 7 0 BY[1]
75.875 75.938 63 4 0 AND[1]
75.938 76.000 64 5 0 THE[1]
76.000 76.125 66 7 1 TEARS[1]
76.125 76.250 66 7 1 ARE[1]
76.250 76.375 66 7 0 IN[1]
76.375 76.500 66 7 0 MY[1]
76.500 76.562 66 7 1 EYES[1]
76.875 76.938 59 0 1 LOOK[1]
76.938 77.000 61 2 0 AWAY[1]
77.000 77.250 63 4 1 AWAY[2]
77.375 77.625 64 5 1 BABY[1]
77.625 77.750 63 4 0 BABY[2]
77.750 77.875 66 7 1 LOOK[1]
77.875 77.938 66 7 0 AWAY[1]
77.938 78.062 66 7 1 AWAY[2]
78.750 78.875 54 7 1 DON'T[1]
78.875 78.938 54 7 1 LOOK[1]
79.125 79.375 58 11 0 AT[1]
79.375 79.750 59 0 0 ME[1]
79.875 80.000 54 7 0 I[1]
80.000 80.125 56 9 1 DON'T[1]
80.125 80.250 54 7 1 WANT[1]
80.250 80.375 54 7 0 YOU[1]
80.375 80.500 54 7 0 TO[1]
80.500 80.688 63 4 1 SEE[1]
80.688 80.875 63 4 0 ME[1]
80.875 80.938 59 0 0 WHEN[1]
80.938 81.000 61 2 0 YOU[1]
81.000 81.062 61 2 1 CALLED[1]
81.125 81.188 63 4 0 ME[1]
81.188 81.250 63 4 0 UP[1]
81.250 81.312 63 4 0 THIS[1]
81.312 81.438 63 4 1 MORNING[1]
81.438 81.625 63 4 0 MORNING[2]
81.750 81.812 63 4 1 TOLD[1]
81.812 81.875 61 2 0 ME[1]
81.875 81.938 61 2 1 'BOUT[1]
81.938 82.000 61 2 0 THE[1]
82.000 82.125 61 2 1 NEW[1]
82.125 82.250 61 2 1 LOVE[1]
82.250 82.375 59 0 0 YOU[1]
82.375 82.438 61 2 1 FOUND[1]
82.812 82.875 56 9 0 I[1]
82.875 82.938 56 9 1 SAID[1]
82.938 83.000 56 9 1 I'M[1]
83.000 83.062 56 9 1 HAPPY[1]
83.125 83.188 54 7 0 HAPPY[2]
83.188 83.312 54 7 0 FOR[1]
83.312 83.500 54 7 0 YOU[1]
83.812 83.875 56 9 1 I'M[1]
83.875 83.938 56 9 1 REALLY[1]
83.938 84.000 56 9 0 REALLY[2]
84.000 84.125 56 9 1 HAPPY[1]
84.125 84.188 54 7 0 HAPPY[2]
84.188 84.312 54 7 0 FOR[1]
84.312 84.500 54 7 0 YOU[1]
