4.000 4.250 66 7 1 LOVE[1]
5.000 5.125 68 9 1 LOVE[1]
5.250 5.375 68 9 0 WILL[1]
5.500 5.625 66 7 1 KEEP[1]
5.625 5.750 66 7 0 US[1]
5.750 5.875 64 5 0 TOGETHER[1]
5.875 6.000 66 7 1 TOGETHER[2]
6.000 6.125 61 2 0 TOGETHER[3]
6.875 7.000 68 9 1 THINK[1]
7.125 7.250 69 10 0 OF[1]
7.250 7.375 68 9 0 ME[1]
7.500 7.625 66 7 1 BABE[1]
7.750 7.875 64 5 0 WHENEVER[1]
7.875 8.000 66 7 1 WHENEVER[2]
8.000 8.125 61 2 0 WHENEVER[3]
8.875 9.000 68 9 0 SOME[1]
9.250 9.375 68 9 1 SWEET[1]
9.500 9.750 66 7 1 TALKING[1]
9.750 9.875 68 9 0 TALKING[2]
9.875 10.000 61 2 1 GIRL[1]
10.125 10.250 59 0 1 COMES[1]
10.250 10.375 61 2 0 ALONG[1]
10.375 10.500 59 0 1 ALONG[2]
11.000 11.125 62 3 1 SINGING[1]
11.125 11.250 59 0 0 SINGING[2]
11.250 11.375 61 2 0 HER[1]
11.375 11.500 59 0 1 SONG[1]
12.000 12.167 62 3 1 DON'T[1]
12.167 12.333 59 0 1 MESS[1]
12.333 12.500 61 2 0 AROUND[1]
12.500 12.667 59 0 1 AROUND[2]
12.667 12.833 61 2 1 YOU'VE[1]
12.833 13.000 59 0 1 JUST[1]
13.000 13.167 66 7 1 GOT[1]
13.167 13.333 64 5 0 TO[1]
13.333 13.500 66 7 1 BE[1]
13.500 13.562 61 2 1 STRONG[1]
13.750 14.000 59 0 1 JUST[1]
14.000 14.125 61 2 1 STOP[1]
14.750 14.875 61 2 0 'CAUSE[1]
14.875 15.000 61 2 0 I[1]
15.125 15.250 61 2 1 REALLY[1]
15.250 15.375 63 4 0 REALLY[2]
15.375 15.438 61 2 1 LOVE[1]
15.625 16.000 59 0 0 YOU[1]
16.000 16.125 63 4 1 STOP[1]
16.625 16.750 62 3 1 I'LL[1]
16.750 16.875 63 4 1 BE[1]
16.875 17.000 66 7 1 THINKING[1]
17.125 17.250 61 2 0 THINKING[2]
17.375 17.500 62 3 0 OF[1]
17.625 17.750 59 0 0 YOU[1]
18.000 18.167 66 7 1 LOOK[1]
18.167 18.333 64 5 0 IN[1]
18.333 18.500 66 7 0 MY[1]
18.500 18.667 64 5 1 HEART[1]
18.667 18.833 63 4 0 AND[1]
18.833 19.000 64 5 1 LET[1]
19.000 19.250 66 7 1 LOVE[1]
19.500 19.667 59 0 1 KEEP[1]
19.667 19.833 59 0 0 US[1]
19.833 20.000 59 0 0 TOGETHER[1]
20.000 20.500 61 2 1 TOGETHER[2]
20.875 24.000 59 0 0 TOGETHER[3]
24.000 24.125 66 7 0 YOU[1]
25.000 25.125 68 9 0 YOU[1]
25.250 25.375 68 9 0 BELONG[1]
25.500 25.625 66 7 1 BELONG[2]
25.750 25.875 64 5 0 TO[1]
25.875 26.000 66 7 0 ME[1]
26.000 26.125 61 2 1 NOW[1]
26.875 27.000 68 9 1 AIN'T[1]
27.250 27.375 68 9 1 GONNA[1]
27.375 27.500 66 7 0 GONNA[2]
27.500 27.625 66 7 1 SET[1]
27.750 27.875 64 5 0 YOU[1]
27.875 28.000 66 7 1 FREE[1]
28.000 28.125 61 2 1 NOW[1]
28.875 29.000 68 9 0 WHEN[1]
29.250 29.375 68 9 0 THOSE[1]
29.500 29.750 66 7 1 GIRLS[1]
29.750 29.875 66 7 1 START[1]
30.000 30.125 62 3 1 HANGING[1]
30.125 30.250 59 0 0 HANGING[2]
30.250 30.375 61 2 0 AROUND[1]
30.375 30.500 59 0 1 AROUND[2]
31.000 31.125 62 3 1 TALKING[1]
31.125 31.250 59 0 0 TALKING[2]
31.250 31.375 61 2 0 ME[1]
31.375 31.500 59 0 0 DOWN[1]
32.000 32.167 62 3 1 HEAR[1]
32.167 32.333 59 0 0 WITH[1]
32.333 32.500 61 2 0 YOUR[1]
32.500 32.667 59 0 1 HEART[1]
32.667 32.833 61 2 0 AND[1]
32.833 33.000 59 0 0 YOU[1]
33.000 33.167 66 7 1 WON'T[1]
33.167 33.333 64 5 1 HEAR[1]
33.333 33.500 66 7 0 A[1]
33.500 33.562 61 2 1 SOUND[1]
33.750 34.000 59 0 1 JUST[1]
34.000 34.125 61 2 1 STOP[1]
34.750 34.875 62 3 0 'CAUSE[1]
34.875 35.000 61 2 0 I[1]
35.125 35.250 61 2 1 REALLY[1]
35.250 35.375 63 4 0 REALLY[2]
35.375 35.438 61 2 1 LOVE[1]
35.625 36.000 59 0 0 YOU[1]
36.000 36.125 63 4 1 STOP[1]
36.625 36.750 62 3 1 I'LL[1]
36.750 36.875 63 4 1 BE[1]
36.875 37.000 66 7 1 THINKING[1]
37.125 37.250 61 2 0 THINKING[2]
37.375 37.500 62 3 0 OF[1]
37.625 37.750 59 0 0 YOU[1]
38.000 38.167 66 7 1 LOOK[1]
38.167 38.333 64 5 0 IN[1]
38.333 38.500 66 7 0 MY[1]
38.500 38.667 64 5 1 HEART[1]
38.667 38.833 63 4 0 AND[1]
38.833 39.000 64 5 1 LET[1]
39.000 39.250 66 7 1 LOVE[1]
39.500 39.667 59 0 1 KEEP[1]
39.667 39.833 59 0 0 US[1]
39.833 40.000 59 0 0 TOGETHER[1]
40.000 40.500 61 2 1 TOGETHER[2]
40.875 41.000 59 0 0 TOGETHER[3]
41.750 41.875 59 0 2 WHATEVER[1]
41.875 42.125 57 10 1 WHATEVER[2]
42.125 42.250 57 10 0 WHATEVER[3]
44.000 44.500 66 7 1 YOUNG[1]
44.500 45.000 64 5 0 AND[1]
45.000 45.250 64 5 1 BEAUTIFUL[1]
45.250 45.375 64 5 0 BEAUTIFUL[2]
45.375 45.438 62 3 0 BEAUTIFUL[3]
45.875 46.000 54 7 0 BUT[1]
46.000 46.125 62 3 1 SOMEDAY[1]
46.125 46.375 62 3 2 SOMEDAY[2]
46.375 46.500 55 8 0 YOUR[1]
46.500 46.625 64 5 1 LOOKS[1]
46.625 46.750 62 3 0 WILL[1]
46.750 46.875 64 5 1 BE[1]
46.875 47.000 64 5 1 GONE[1]
48.000 48.125 64 5 0 WHEN[1]
48.375 48.500 66 7 0 THE[1]
48.500 48.625 64 5 1 OTHERS[1]
48.625 49.000 64 5 0 OTHERS[2]
49.000 49.250 64 5 1 TURN[1]
49.250 49.375 66 7 0 YOU[1]
49.375 49.438 62 3 0 OFF[1]
50.000 50.250 62 3 1 WHO'LL[1]
50.250 50.500 62 3 1 BE[1]
50.500 50.625 64 5 1 TURNING[1]
50.625 50.750 62 3 0 TURNING[2]
50.750 50.875 64 5 0 YOU[1]
50.875 51.000 64 5 0 ON[1]
51.250 51.375 71 0 0 I[1]
51.375 51.500 66 7 0 WILL[1]
51.750 51.875 71 0 0 I[1]
51.875 52.000 66 7 0 WILL[1]
52.250 52.375 71 0 0 I[1]
52.375 52.750 66 7 0 WILL[1]
52.750 52.938 71 0 0 I[1]
53.125 53.375 68 9 0 WILL[1]
53.750 53.875 68 9 1 BE[1]
54.000 54.125 68 9 1 THERE[1]
54.250 54.375 68 9 0 TO[1]
54.500 54.625 66 7 1 SHARE[1]
54.750 54.875 64 5 0 FOREVER[1]
54.875 55.000 66 7 1 FOREVER[2]
55.000 55.125 61 2 0 FOREVER[3]
55.875 56.000 68 9 1 LOVE[1]
56.250 56.375 68 9 0 WILL[1]
56.500 56.625 66 7 1 KEEP[1]
56.625 56.750 66 7 0 US[1]
56.750 56.875 64 5 0 TOGETHER[1]
56.875 57.000 66 7 1 TOGETHER[2]
57.000 57.125 61 2 0 TOGETHER[3]
57.875 58.000 59 0 0 I[1]
58.000 58.125 68 9 1 SAID[1]
58.125 58.250 69 10 0 IT[1]
58.250 58.375 68 9 0 BEFORE[1]
58.375 58.625 66 7 1 BEFORE[2]
58.625 58.750 66 7 0 AND[1]
58.750 58.875 68 9 1 I'LL[1]
59.000 59.125 63 4 1 SAY[1]
59.125 59.250 59 0 0 IT[1]
59.250 59.375 61 2 0 AGAIN[1]
59.375 59.500 59 0 1 AGAIN[2]
59.875 60.000 52 5 0 WHILE[1]
60.000 60.125 62 3 1 OTHERS[1]
60.125 60.250 59 0 0 OTHERS[2]
60.250 60.375 61 2 0 PRETEND[1]
60.375 60.438 59 0 1 PRETEND[2]
60.875 61.000 52 5 0 I[1]
61.167 61.333 59 0 1 NEED[1]
61.333 61.500 61 2 0 YOU[1]
61.500 61.667 59 0 1 NOW[1]
61.667 61.833 61 2 0 AND[1]
62.000 62.167 66 7 1 I'LL[1]
62.167 62.333 64 5 1 NEED[1]
62.333 62.500 66 7 0 YOU[1]
62.500 62.562 61 2 0 THEN[1]
62.750 63.000 59 0 1 JUST[1]
63.000 63.125 61 2 1 STOP[1]
63.750 63.875 62 3 0 'CAUSE[1]
63.875 64.000 61 2 0 I[1]
64.125 64.250 61 2 1 REALLY[1]
64.250 64.375 63 4 0 REALLY[2]
64.375 64.438 61 2 1 LOVE[1]
64.625 65.000 59 0 0 YOU[1]
65.000 65.125 63 4 1 STOP[1]
65.625 65.750 62 3 1 I'LL[1]
65.750 65.875 63 4 1 BE[1]
65.875 66.000 66 7 1 THINKING[1]
66.125 66.250 61 2 0 THINKING[2]
66.375 66.500 62 3 0 OF[1]
66.625 66.750 59 0 0 YOU[1]
67.000 67.167 66 7 1 LOOK[1]
67.167 67.333 64 5 0 IN[1]
67.333 67.500 66 7 0 MY[1]
67.500 67.667 64 5 1 HEART[1]
67.667 67.833 63 4 0 AND[1]
67.833 68.000 64 5 1 LET[1]
68.000 68.250 66 7 1 LOVE[1]
68.500 68.667 59 0 1 KEEP[1]
68.667 68.833 59 0 0 US[1]
68.833 69.000 59 0 0 TOGETHER[1]
69.000 69.500 61 2 1 TOGETHER[2]
69.875 70.000 59 0 0 TOGETHER[3]
70.750 70.875 59 0 2 WHATEVER[1]
70.875 71.125 57 10 1 WHATEVER[2]
71.125 71.250 57 10 0 WHATEVER[3]
72.250 72.375 71 0 0 I[1]
72.375 72.500 66 7 0 WILL[1]
72.750 72.875 71 0 0 I[1]
72.875 73.000 66 7 0 WILL[1]
73.250 73.375 71 0 0 I[1]
73.375 73.750 66 7 0 WILL[1]
73.750 74.000 71 0 0 I[1]
74.250 74.625 68 9 0 WILL[1]
83.625 83.750 59 0 0 YOU[1]
83.750 83.875 61 2 1 BETTER[1]
83.875 84.000 59 0 0 BETTER[2]
84.000 84.125 61 2 1 STOP[1]
84.750 84.875 62 3 0 'CAUSE[1]
84.875 85.000 61 2 0 I[1]
85.125 85.250 61 2 1 REALLY[1]
85.250 85.375 63 4 0 REALLY[2]
85.375 85.438 61 2 1 LOVE[1]
85.625 86.000 59 0 0 YOU[1]
86.000 86.125 63 4 1 STOP[1]
86.625 86.750 62 3 1 I'LL[1]
86.750 86.875 63 4 1 BE[1]
86.875 87.000 66 7 1 THINKING[1]
87.125 87.250 61 2 0 THINKING[2]
87.375 87.500 62 3 0 OF[1]
87.625 87.750 59 0 0 YOU[1]
88.000 88.167 66 7 1 LOOK[1]
88.167 88.333 64 5 0 IN[1]
88.333 88.500 66 7 0 MY[1]
88.500 88.667 64 5 1 HEART[1]
88.667 88.833 63 4 0 AND[1]
88.833 89.000 64 5 1 LET[1]
89.000 89.250 66 7 1 LOVE[1]
89.500 89.667 59 0 1 KEEP[1]
89.667 89.833 59 0 0 US[1]
89.833 90.000 59 0 0 TOGETHER[1]
90.000 90.500 61 2 1 TOGETHER[2]
90.875 91.000 59 0 0 TOGETHER[3]
91.750 91.875 59 0 2 WHATEVER[1]
91.875 92.125 57 10 1 WHATEVER[2]
92.125 92.250 57 10 0 WHATEVER[3]
93.250 93.375 71 0 0 I[1]
93.375 93.500 66 7 0 WILL[1]
93.750 93.875 71 0 0 I[1]
93.875 94.000 66 7 0 WILL[1]
94.250 94.375 71 0 0 I[1]
94.375 94.750 66 7 0 WILL[1]
94.750 95.000 72 0 0 I[1]
95.250 95.625 69 9 0 WILL[1]
