7.5000 7.7500 53 0 1 THERE'S[1]
7.7500 8.0000 52 11 0 A[1]
8.0000 8.1250 55 2 1 COLOR[1]
8.1250 8.5000 53 0 0 COLOR[2]
8.5000 8.6250 52 11 0 WHAT[1]
8.6250 9.0000 53 0 0 A[1]
9.0000 9.1250 50 9 1 BEAUTY[1]
9.1250 9.5000 48 7 0 BEAUTY[2]
9.5000 9.7500 53 0 0 THAT[1]
9.7500 9.8750 52 11 0 ALONE[1]
9.8750 10.3750 55 2 1 ALONE[2]
10.3750 10.5000 53 0 1 I'D[1]
10.5000 10.8750 50 9 1 CALL[1]
10.8750 11.0000 48 7 1 MA[1]
11.0000 11.2500 52 11 1 BRIDE[1]
11.5000 11.8750 52 11 0 AND[1]
11.8750 12.0000 53 0 0 THIS[1]
12.0000 12.2500 55 2 1 COON[1]
12.2500 12.5000 57 4 1 IS[1]
12.5000 12.6250 55 2 1 NEVER[1]
12.6250 13.0000 50 9 0 NEVER[2]
13.0000 13.1250 53 0 1 HAPPY[1]
13.1250 13.5000 52 11 0 HAPPY[2]
13.5000 13.7500 50 9 1 LEST[1]
13.7500 14.0000 49 8 0 HIS[1]
14.0000 14.1250 48 7 1 BABY'S[1]
14.1250 14.5000 48 7 0 BABY'S[2]
14.5000 14.7500 55 2 0 BY[1]
14.7500 15.0000 57 4 0 HIS[1]
15.0000 15.2500 53 0 1 SIDE[1]
15.5000 15.7500 53 0 0 HER[1]
15.7500 16.0000 52 11 0 BAPTISMAL[1]
16.0000 16.1250 55 2 1 BAPTISMAL[2]
16.1250 16.5000 53 0 0 BAPTISMAL[3]
16.5000 16.6250 52 11 1 NAME[1]
16.6250 17.0000 53 0 1 WAS[1]
17.0000 17.2500 50 9 1 ROSIE[1]
17.2500 17.5000 48 7 0 ROSIE[2]
17.5000 17.7500 53 0 0 BUT[1]
17.7500 17.8750 52 11 0 SHE[1]
17.8750 18.2500 55 2 1 PUT'S[1]
18.2500 18.5000 53 0 0 THE[1]
18.5000 18.8750 50 9 1 ROSE[1]
18.8750 19.0000 48 7 0 TO[1]
19.0000 19.5000 52 11 1 SHAME[1]
19.5000 19.7500 48 7 0 AND[1]
19.7500 20.0000 50 9 0 MOST[1]
20.0000 20.1250 52 11 1 ANY[1]
20.1250 20.2500 52 11 0 ANY[2]
20.2500 20.5000 53 0 1 NIGHT[1]
20.7500 21.0000 52 11 1 YOU'LL[1]
21.0000 21.2500 52 11 1 HERE[1]
21.2500 21.5000 50 9 0 ME[1]
21.5000 21.7500 50 9 1 CALL[1]
21.7500 22.0000 52 11 0 HER[1]
22.0000 23.5000 48 7 1 NAME[1]
24.0000 24.5000 48 7 1 ROSIE[1]
24.5000 25.0000 50 9 0 ROSIE[2]
25.2500 25.5000 52 11 0 YOU[1]
25.5000 25.6250 55 2 1 ARE[1]
25.7500 26.0000 50 9 0 MY[1]
26.0000 26.5000 52 11 1 POSIE[1]
26.5000 27.0000 48 7 0 POSIE[2]
28.0000 28.5000 48 7 0 YOU[1]
28.5000 29.2500 50 9 1 ARE[1]
29.2500 29.5000 52 11 0 MY[1]
29.5000 29.8750 53 0 1 HEARTS[1]
29.8750 30.0000 52 11 0 BOUQUET[1]
30.0000 31.5000 50 9 1 BOUQUET[2]
32.0000 32.5000 50 9 1 COME[1]
32.5000 33.2500 52 11 0 OUT[1]
33.2500 33.5000 54 1 1 HERE[1]
33.5000 33.7500 55 2 0 IN[1]
33.7500 33.8750 56 3 0 THE[1]
33.8750 34.5000 57 4 1 MOONLIGHT[1]
34.5000 35.0000 50 9 2 MOONLIGHT[2]
35.2500 35.5000 52 11 1 THERE'S[1]
35.5000 35.7500 53 0 1 SOMETHING[1]
35.7500 36.0000 54 1 0 SOMETHING[2]
36.0000 36.5000 57 4 1 SWEET[1]
36.5000 37.0000 55 2 1 LOVE[1]
37.2500 37.5000 55 2 0 I[1]
37.5000 37.8750 54 1 1 WANNA[1]
37.8750 38.0000 55 2 0 WANNA[2]
38.0000 40.0000 60 7 1 SAY[1]
40.0000 40.5000 48 7 0 YOUR[1]
40.5000 41.2500 50 9 1 HONEY[1]
41.2500 41.5000 52 11 0 HONEY[2]
41.5000 41.6250 55 2 1 BOY[1]
41.7500 42.0000 50 9 1 I'M[1]
42.0000 42.5000 52 11 1 WAITING[1]
42.5000 43.0000 48 7 0 WAITING[2]
44.0000 44.5000 48 7 0 THOSE[1]
44.5000 45.2500 50 9 1 RUBY[1]
45.2500 45.5000 52 11 0 RUBY[2]
45.5000 45.8750 53 0 1 LIPS[1]
45.8750 46.0000 52 11 0 TO[1]
46.0000 47.5000 50 9 1 GREET[1]
48.0000 48.5000 50 9 1 DON'T[1]
48.5000 49.2500 52 11 1 BE[1]
49.2500 49.3750 54 1 0 SO[1]
49.3750 49.7500 55 2 1 AGGRAVATED[1]
49.7500 49.8750 56 3 0 AGGRAVATED[2]
49.8750 50.5000 57 4 2 AGGRAVATED[3]
50.5000 51.0000 50 9 0 AGGRAVATED[4]
51.2500 51.5000 52 11 1 MA[1]
51.5000 51.7500 53 0 1 BLUSHIN'[1]
51.7500 52.0000 54 1 0 BLUSHIN'[2]
52.0000 52.5000 57 4 1 ROSIE[1]
52.5000 53.0000 55 2 0 ROSIE[2]
53.2500 53.5000 48 7 1 MA[1]
53.5000 53.7500 47 6 1 POSIE[1]
53.7500 54.0000 48 7 0 POSIE[2]
54.0000 55.0000 53 0 1 SWEET[1]
56.0000 56.5000 48 7 1 ROSIE[1]
56.5000 57.2500 50 9 0 ROSIE[2]
57.2500 57.5000 52 11 0 YOU[1]
57.5000 57.6250 55 2 1 ARE[1]
57.7500 57.8750 50 9 0 MY[1]
57.8750 58.5000 52 11 1 POSIE[1]
58.5000 59.0000 48 7 0 POSIE[2]
60.0000 60.3750 48 7 0 YOU[1]
60.3750 61.2500 50 9 1 ARE[1]
61.2500 61.5000 52 11 0 MY[1]
61.5000 61.8750 53 0 1 HEARTS[1]
61.8750 62.0000 52 11 0 BOUQUET[1]
62.0000 63.5000 50 9 1 BOUQUET[2]
64.0000 64.5000 50 9 1 COME[1]
64.5000 65.2500 52 11 0 OUT[1]
65.2500 65.5000 54 1 1 HERE[1]
65.5000 65.8750 55 2 0 IN[1]
65.8750 66.0000 56 3 0 THE[1]
66.0000 66.5000 57 4 1 MOONLIGHT[1]
66.5000 67.0000 50 9 2 MOONLIGHT[2]
67.2500 67.5000 52 11 1 THERE'S[1]
67.5000 67.7500 53 0 1 SOMETHING[1]
67.7500 68.0000 54 1 0 SOMETHING[2]
68.0000 68.5000 57 4 1 SWEET[1]
68.5000 69.0000 55 2 1 LOVE[1]
69.2500 69.5000 55 2 0 I[1]
69.5000 69.7500 54 1 1 WANNA[1]
69.7500 70.0000 55 2 0 WANNA[2]
70.0000 72.0000 60 7 1 SAY[1]
72.0000 72.5000 48 7 0 YOUR[1]
72.5000 73.2500 50 9 1 HONEY[1]
73.2500 73.5000 52 11 0 HONEY[2]
73.5000 73.6250 55 2 1 BOY[1]
73.7500 74.0000 50 9 1 I'M[1]
74.0000 74.5000 52 11 1 WAITING[1]
74.5000 75.0000 48 7 0 WAITING[2]
76.0000 76.5000 48 7 0 THOSE[1]
76.5000 77.2500 50 9 1 RUBY[1]
77.2500 77.5000 52 11 0 RUBY[2]
77.5000 77.8750 53 0 1 LIPS[1]
77.8750 78.0000 52 11 0 TO[1]
78.0000 79.0000 50 9 1 GREET[1]
80.0000 80.5000 50 9 1 DON'T[1]
80.5000 81.2500 52 11 1 BE[1]
81.2500 81.5000 54 1 0 SO[1]
81.5000 81.8750 55 2 1 AGGRAVATED[1]
81.8750 82.0000 56 3 0 AGGRAVATED[2]
82.0000 82.5000 57 4 2 AGGRAVATED[3]
82.5000 83.0000 50 9 0 AGGRAVATED[4]
83.2500 83.5000 52 11 1 MA[1]
83.5000 83.7500 53 0 1 BLUSHIN'[1]
83.7500 84.0000 54 1 0 BLUSHIN'[2]
84.0000 84.5000 57 4 1 ROSIE[1]
84.5000 85.0000 55 2 0 ROSIE[2]
85.2500 85.5000 48 7 1 MA[1]
85.5000 85.7500 47 6 1 POSIE[1]
85.7500 86.0000 48 7 0 POSIE[2]
86.0000 87.0000 53 0 1 SWEET[1]
