7.625 7.875 59 4 0 I[1]
7.875 8.000 57 2 1 GOT[1]
8.000 8.250 59 4 0 OUT[1]
8.250 8.500 50 7 0 AND[1]
8.500 8.625 47 4 1 SAW[1]
8.625 9.000 50 7 1 YA[1]
9.250 9.375 57 2 1 YES[1]
9.375 9.500 55 0 0 I[1]
9.500 9.625 57 2 1 DID[1]
9.750 9.875 59 4 0 AND[1]
9.875 10.000 57 2 0 I[1]
10.000 10.250 59 4 1 SAW[1]
10.250 10.500 50 7 0 YOU[1]
10.500 10.625 47 4 0 WITH[1]
10.625 11.000 50 7 0 A[1]
11.000 11.500 55 0 1 GAL[1]
11.750 11.875 57 2 1 COULDN'T[1]
11.875 12.000 54 11 0 COULDN'T[2]
12.000 12.125 57 2 1 HELP[1]
12.250 12.375 54 11 0 BUT[1]
12.500 12.625 57 2 1 SEE[1]
12.625 12.750 50 7 1 YA[1]
13.000 13.250 59 4 1 YES[1]
13.250 13.500 64 9 0 I[1]
13.500 13.625 57 2 1 KNEW[1]
13.625 14.000 54 11 1 YA[1]
14.000 14.125 55 0 0 WHO[1]
14.125 14.250 57 2 1 WAS[1]
14.250 14.375 59 4 0 THAT[1]
14.500 14.625 55 0 0 WHO[1]
14.625 14.750 57 2 1 WAS[1]
14.750 14.875 59 4 0 THAT[1]
15.000 15.125 57 2 1 LADY[1]
15.125 15.250 56 1 0 LADY[2]
15.250 15.375 57 2 0 WITH[1]
15.375 15.750 62 7 0 YOU[1]
15.750 15.875 60 5 1 DON'T[1]
15.875 16.000 58 3 0 YOU[1]
16.000 16.250 59 4 1 KNOW[1]
16.250 16.500 50 7 0 I[1]
16.500 16.625 47 4 1 KNOW[1]
16.625 16.750 50 7 0 HER[1]
17.250 17.375 55 0 1 YES[1]
17.375 17.500 54 11 0 I[1]
17.500 17.625 55 0 1 DO[1]
17.750 17.875 60 5 0 SHE[1]
17.875 18.000 58 3 1 WAS[1]
18.000 18.250 59 4 0 ONCE[1]
18.250 18.500 50 7 0 MY[1]
18.500 18.625 47 4 1 SISTER'S[1]
18.625 19.000 50 7 0 SISTER'S[2]
19.000 19.500 55 0 1 PAL[1]
20.000 20.250 57 2 0 YOU[1]
20.250 20.500 59 4 1 DON'T[1]
20.500 20.750 57 2 1 KNOW[1]
20.750 21.000 55 0 0 THAT[1]
21.000 21.125 54 11 1 GAL[1]
21.125 21.250 55 0 1 IS[1]
21.250 21.500 57 2 1 BRED[1]
21.500 21.625 62 7 1 THOROUGH[1]
21.625 21.750 62 7 0 THOROUGH[2]
21.750 21.875 50 7 1 BRED[1]
22.000 22.125 52 9 1 COME[1]
22.125 22.250 54 11 0 AHEAD[1]
22.250 22.375 55 0 1 AHEAD[2]
22.500 22.625 52 9 1 LISTEN[1]
22.625 22.750 54 11 0 LISTEN[2]
22.750 22.875 55 0 0 TO[1]
23.000 23.500 57 2 0 ME[1]
23.625 23.750 50 7 0 WHEN[1]
23.750 23.875 54 11 0 ME[1]
23.875 24.000 57 2 0 AND[1]
24.000 24.250 60 5 1 MANDY[1]
24.250 24.500 60 5 0 MANDY[2]
24.500 24.750 59 4 1 HIT[1]
24.750 25.000 60 5 0 THAT[1]
25.000 25.125 57 2 1 BALLROOM[1]
25.125 25.375 57 2 2 BALLROOM[2]
25.375 25.625 52 9 1 FLOOR[1]
25.625 25.750 50 7 0 AND[1]
25.750 25.875 54 11 0 I[1]
25.875 26.000 57 2 0 REMOVE[1]
26.000 26.250 62 7 1 REMOVE[2]
26.250 26.500 62 7 2 MYSELF[1]
26.500 26.625 61 6 1 MYSELF[2]
26.625 26.875 62 7 0 OF[1]
26.875 27.250 62 7 1 CARES[1]
27.625 27.750 59 4 0 AND[1]
27.750 27.875 57 2 0 THEN[1]
27.875 28.000 55 0 0 WE[1]
28.000 28.125 54 11 1 ONE-STEP[1]
28.125 28.250 60 5 0 ONE-STEP[2]
28.500 28.625 52 9 1 TWO-STEP[1]
28.625 28.750 60 5 0 TWO-STEP[2]
29.000 29.125 52 9 1 SLIP[1]
29.125 29.250 60 5 0 AND[1]
29.375 29.625 52 9 1 SLIDE[1]
29.625 29.750 50 7 1 I'M[1]
29.750 29.875 52 9 1 ALWAYS[1]
29.875 30.000 54 11 2 ALWAYS[2]
30.000 30.125 55 0 1 HAPPY[1]
30.125 30.250 59 4 0 HAPPY[2]
30.500 30.625 54 11 0 WHEN[1]
30.625 30.750 59 4 1 I'M[1]
31.000 31.125 52 9 0 BY[1]
31.125 31.250 55 0 0 HER[1]
31.500 31.625 50 7 1 SIDE[1]
31.625 31.750 50 7 0 AND[1]
31.750 31.875 54 11 0 WHEN[1]
31.875 32.000 57 2 0 THEY[1]
32.000 32.250 60 5 1 PLAY[1]
32.250 32.375 60 5 0 THAT[1]
32.500 32.625 59 4 1 MUSIC[1]
32.625 32.750 60 5 0 MUSIC[2]
33.000 33.125 57 2 1 OH[1]
33.125 33.250 57 2 0 SO[1]
33.375 33.625 52 9 1 SWEET[1]
33.625 33.750 50 7 0 AND[1]
33.750 33.875 54 11 0 WITH[1]
33.875 34.000 57 2 0 THE[1]
34.000 34.125 62 7 1 CLOSEST[1]
34.250 34.375 62 7 0 CLOSEST[2]
34.500 34.625 61 6 1 HARMONY[1]
34.625 34.875 62 7 0 HARMONY[2]
34.875 35.250 62 7 0 HARMONY[3]
36.000 36.375 59 4 0 ALL[1]
36.375 36.500 60 5 1 IS[1]
36.500 36.625 62 7 1 WELL[1]
36.750 36.875 59 4 0 FOR[1]
37.000 37.125 57 2 1 LA[1]
37.250 37.375 55 0 1 LA[1]
37.500 37.625 52 9 1 LA[1]
37.625 37.750 55 0 1 LA[1]
38.000 38.125 50 7 0 ME[1]
38.125 38.375 62 7 0 AND[1]
38.375 38.500 60 5 0 MY[1]
38.500 38.750 59 4 1 MANDY[1]
38.750 39.000 57 2 0 MANDY[2]
39.000 39.500 55 0 1 LEE[1]
43.625 43.875 59 4 0 LIKE[1]
43.875 44.000 57 2 0 TO[1]
44.000 44.250 59 4 1 HAVE[1]
44.250 44.500 55 0 0 YOU[1]
44.500 44.625 57 2 1 MEET[1]
44.625 45.000 50 7 0 HER[1]
45.250 45.375 57 2 1 YES[1]
45.375 45.500 60 5 0 I[1]
45.500 45.625 59 4 0 WOULD[1]
45.750 45.875 59 4 1 SHE'D[1]
45.875 46.000 57 2 1 BE[1]
46.000 46.250 59 4 1 GLAD[1]
46.250 46.500 50 7 0 TO[1]
46.500 46.625 47 4 1 SEE[1]
46.625 47.000 50 7 0 YOU[1]
47.000 47.500 55 0 1 TOO[1]
47.750 47.875 57 2 0 SHE[1]
47.875 48.000 55 0 1 IS[1]
48.000 48.125 57 2 0 SOME[1]
48.250 48.375 54 11 0 GOOD-LOOKER[1]
48.500 48.625 50 7 1 GOOD-LOOKER[2]
48.625 48.750 54 11 0 GOOD-LOOKER[3]
49.000 49.125 60 5 0 SOME[1]
49.250 49.375 62 7 1 GOOD[1]
49.500 49.625 62 7 1 COOKER[1]
49.625 49.750 57 2 0 COOKER[2]
50.000 50.125 55 0 1 MOVE[1]
50.125 50.250 57 2 0 ALONG[1]
50.250 50.375 59 4 1 ALONG[2]
50.500 50.625 55 0 1 COME[1]
50.625 50.750 57 2 0 ALONG[1]
50.750 50.875 59 4 1 ALONG[2]
51.000 51.125 57 2 0 UP[1]
51.125 51.250 56 1 0 TO[1]
51.250 51.375 57 2 0 THE[1]
51.375 51.625 62 7 1 HOUSE[1]
51.625 51.750 60 5 1 WELL[1]
51.750 51.875 59 4 0 IF[1]
51.875 52.000 58 3 0 YOU[1]
52.000 52.250 59 4 0 LIKE[1]
52.250 52.500 50 7 1 HOME[1]
52.500 52.625 47 4 1 COOKIN'[1]
52.625 52.750 50 7 0 COOKIN'[2]
53.250 53.375 55 0 1 LA[1]
53.375 53.500 54 11 1 LA[1]
53.500 53.625 55 0 1 LA[1]
53.750 53.875 60 5 0 WE[1]
53.875 54.000 58 3 0 CAN[1]
54.000 54.250 59 4 1 SUIT[1]
54.250 54.500 50 7 0 YOU[1]
54.500 54.625 47 4 0 TO[1]
54.625 55.000 50 7 0 A[1]
55.000 55.500 55 0 1 TEE[1]
56.000 56.375 57 2 1 AFTER[1]
56.375 56.500 59 4 0 AFTER[2]
56.500 56.750 57 2 1 SOUP[1]
56.750 57.000 55 0 0 AND[1]
57.000 57.125 54 11 1 FISHING[1]
57.125 57.250 55 0 0 FISHING[2]
57.250 57.500 57 2 0 ALL[1]
57.500 57.625 54 11 1 DAYS[1]
57.625 57.750 57 2 1 LA[1]
57.750 58.000 50 7 1 LA[1]
58.000 58.125 52 9 1 COME[1]
58.125 58.250 54 11 0 WITH[1]
58.250 58.375 55 0 0 MY[1]
58.375 58.625 52 9 1 MANDY[1]
58.625 58.750 54 11 0 MANDY[2]
58.750 59.000 55 0 0 AND[1]
59.000 59.500 57 2 0 ME[1]
59.625 59.750 50 7 0 WHEN[1]
59.750 59.875 54 11 0 ME[1]
59.875 60.000 57 2 0 AND[1]
60.000 60.250 60 5 1 MANDY[1]
60.250 60.500 60 5 0 MANDY[2]
60.500 60.750 59 4 1 HIT[1]
60.750 61.000 60 5 0 THAT[1]
61.000 61.125 57 2 1 BALLROOM[1]
61.125 61.375 57 2 2 BALLROOM[2]
61.375 61.625 52 9 1 FLOOR[1]
61.625 61.750 50 7 0 AND[1]
61.750 61.875 54 11 0 I[1]
61.875 62.000 57 2 0 REMOVE[1]
62.000 62.250 62 7 1 REMOVE[2]
62.250 62.500 62 7 2 MYSELF[1]
62.500 62.625 61 6 1 MYSELF[2]
62.625 63.000 62 7 0 OF[1]
63.000 63.500 62 7 1 CARES[1]
63.625 63.750 59 4 0 AND[1]
63.750 63.875 57 2 0 THEN[1]
63.875 64.000 55 0 0 WE[1]
64.000 64.125 54 11 1 ONE-STEP[1]
64.125 64.250 60 5 0 ONE-STEP[2]
64.500 64.625 52 9 1 TWO-STEP[1]
64.625 64.750 60 5 0 TWO-STEP[2]
65.000 65.125 52 9 1 SLIP[1]
65.125 65.250 60 5 0 AND[1]
65.375 65.625 52 9 1 SLIDE[1]
65.625 65.750 50 7 1 I'M[1]
65.750 65.875 52 9 1 ALWAYS[1]
65.875 66.000 54 11 2 ALWAYS[2]
66.000 66.125 55 0 1 HAPPY[1]
66.125 66.250 59 4 0 HAPPY[2]
66.500 66.625 54 11 0 WHEN[1]
66.625 66.750 59 4 1 I'M[1]
67.000 67.125 52 9 0 BY[1]
67.125 67.250 55 0 0 HER[1]
67.500 67.625 50 7 1 SIDE[1]
67.625 67.750 50 7 0 AND[1]
67.750 67.875 54 11 0 WHEN[1]
67.875 68.000 57 2 0 THEY[1]
68.000 68.250 60 5 1 PLAY[1]
68.250 68.375 60 5 0 THAT[1]
68.500 68.625 59 4 1 MUSIC[1]
68.625 68.750 60 5 0 MUSIC[2]
69.000 69.125 57 2 1 OH[1]
69.125 69.250 57 2 0 SO[1]
69.375 69.625 52 9 1 SWEET[1]
69.625 69.750 50 7 0 AND[1]
69.750 69.875 54 11 0 WITH[1]
69.875 70.000 57 2 0 THE[1]
70.000 70.125 62 7 1 CLOSEST[1]
70.250 70.375 62 7 0 CLOSEST[2]
70.500 70.625 61 6 1 HARMONY[1]
70.625 70.875 62 7 0 HARMONY[2]
70.875 71.250 62 7 0 HARMONY[3]
72.000 72.375 59 4 0 ALL[1]
72.375 72.500 60 5 1 IS[1]
72.500 72.625 62 7 1 WELL[1]
72.750 72.875 59 4 0 FOR[1]
73.000 73.125 57 2 1 LA[1]
73.250 73.375 55 0 1 LA[1]
73.500 73.625 52 9 1 LA[1]
73.625 73.750 55 0 1 LA[1]
74.000 74.125 50 7 0 ME[1]
74.125 74.375 62 7 0 AND[1]
74.375 74.500 60 5 0 MY[1]
74.500 74.750 59 4 1 MANDY[1]
74.750 75.000 57 2 0 MANDY[2]
75.000 75.500 55 0 1 LEE[1]
76.625 76.750 50 7 0 WHEN[1]
76.750 76.875 54 11 0 ME[1]
76.875 77.000 57 2 0 AND[1]
77.000 77.250 60 5 1 MANDY[1]
77.250 77.500 60 5 0 MANDY[2]
77.500 77.625 59 4 1 HIT[1]
77.750 77.875 60 5 0 THAT[1]
78.000 78.125 57 2 1 BALLROOM[1]
78.125 78.250 57 2 2 BALLROOM[2]
78.375 78.625 52 9 1 FLOOR[1]
78.625 78.750 50 7 0 AND[1]
78.750 78.875 54 11 0 I[1]
78.875 79.000 57 2 0 REMOVE[1]
79.000 79.125 62 7 1 REMOVE[2]
79.250 79.375 62 7 2 MYSELF[1]
79.500 79.625 61 6 1 MYSELF[2]
79.625 79.750 62 7 0 OF[1]
80.000 80.250 62 7 1 CARES[1]
80.625 80.750 59 4 0 AND[1]
80.750 80.875 57 2 0 THEN[1]
80.875 81.000 55 0 0 WE[1]
81.000 81.125 54 11 1 ONE-STEP[1]
81.125 81.250 60 5 0 ONE-STEP[2]
81.500 81.625 52 9 1 TWO-STEP[1]
81.625 81.750 60 5 0 TWO-STEP[2]
82.000 82.125 57 2 1 SLIP[1]
82.125 82.250 60 5 0 AND[1]
82.375 82.625 52 9 1 SLIDE[1]
82.625 82.750 50 7 1 I'M[1]
82.750 82.875 52 9 1 ALWAYS[1]
82.875 83.000 54 11 2 ALWAYS[2]
83.000 83.125 55 0 1 HAPPY[1]
83.125 83.250 59 4 0 HAPPY[2]
83.500 83.625 54 11 0 WHEN[1]
83.625 83.750 59 4 1 I'M[1]
84.000 84.125 52 9 0 BY[1]
84.125 84.250 55 0 0 HER[1]
84.500 84.625 50 7 1 SIDE[1]
84.625 84.750 50 7 0 AND[1]
84.750 84.875 54 11 0 WHEN[1]
84.875 85.000 57 2 0 THEY[1]
85.000 85.250 60 5 1 PLAY[1]
85.250 85.375 60 5 0 THAT[1]
85.500 85.625 59 4 1 MUSIC[1]
85.625 85.750 60 5 0 MUSIC[2]
86.000 86.125 57 2 1 OH[1]
86.125 86.250 57 2 0 SO[1]
86.375 86.625 52 9 1 SWEET[1]
86.625 86.750 50 7 0 AND[1]
86.750 86.875 54 11 0 WITH[1]
86.875 87.000 57 2 0 THE[1]
87.000 87.125 62 7 1 CLOSEST[1]
87.250 87.375 62 7 0 CLOSEST[2]
87.500 87.625 61 6 1 HARMONY[1]
87.625 88.000 62 7 0 HARMONY[2]
88.000 88.250 62 7 0 HARMONY[3]
89.000 89.375 59 4 0 ALL[1]
89.375 89.500 60 5 1 IS[1]
89.500 89.625 62 7 1 WELL[1]
89.750 89.875 59 4 0 FOR[1]
90.000 90.125 57 2 1 LA[1]
90.250 90.375 55 0 1 LA[1]
90.500 90.625 52 9 1 LA[1]
90.625 90.750 55 0 1 LA[1]
91.000 91.125 50 7 0 ME[1]
91.125 91.375 62 7 0 AND[1]
91.375 91.500 60 5 0 MY[1]
91.500 91.750 59 4 1 MANDY[1]
91.750 92.000 57 2 0 MANDY[2]
92.000 92.500 55 0 1 LEE[1]
