13.000 13.500 60 4 0 YOU[1]
13.500 14.000 63 7 0 CAN[1]
14.000 14.250 61 5 1 TALK[1]
14.250 14.375 60 4 0 ABOUT[1]
14.375 14.500 58 2 1 ABOUT[2]
14.750 15.000 58 2 0 YOUR[1]
15.000 15.125 60 4 1 LOVE[1]
15.125 15.375 58 2 0 AFFAIRS[1]
15.375 16.250 56 0 1 AFFAIRS[2]
17.000 17.500 60 4 1 HERE'S[1]
17.500 17.625 63 7 0 ONE[1]
17.625 18.000 60 4 1 I'D[1]
18.000 18.250 61 5 0 LIKE[1]
18.250 18.375 60 4 0 TO[1]
18.375 18.750 56 0 1 TELL[1]
18.750 19.000 58 2 0 TO[1]
19.000 20.000 60 4 0 YOU[1]
21.000 21.500 61 5 0 ALL[1]
21.500 22.000 65 9 1 NIGHT[1]
22.000 22.250 63 7 1 LONG[1]
22.250 22.500 61 5 0 THEY[1]
22.500 22.625 60 4 1 SIT[1]
22.625 23.000 63 7 0 UPON[1]
23.000 23.125 61 5 1 UPON[2]
23.125 23.500 60 4 0 THE[1]
23.500 24.500 58 2 1 STAIRS[1]
25.250 25.500 63 7 0 HE[1]
25.500 25.750 61 5 1 HOLDS[1]
25.750 26.000 60 4 0 HER[1]
26.000 26.250 60 4 1 CLOSE[1]
26.250 26.500 53 9 0 AND[1]
26.500 26.750 56 0 1 STARTS[1]
26.750 27.000 60 4 0 TO[1]
27.000 28.000 63 7 1 COO[1]
28.250 28.500 63 7 0 MY[1]
28.500 28.625 63 7 1 LITTLE[1]
28.625 28.875 63 7 0 LITTLE[2]
28.875 30.000 63 7 1 MARGIE[1]
30.000 31.000 60 4 0 MARGIE[2]
31.250 31.500 63 7 1 I'M[1]
31.500 31.750 62 6 1 ALWAYS[1]
31.750 32.000 63 7 2 ALWAYS[2]
32.000 32.250 65 9 1 THINKING[1]
32.250 32.375 63 7 0 THINKING[2]
32.375 32.750 60 4 0 OF[1]
32.750 33.000 58 2 0 YOU[1]
33.000 33.750 56 0 1 MARGIE[1]
33.750 34.500 61 5 0 MARGIE[2]
35.250 35.500 63 7 1 I'LL[1]
35.500 35.750 61 5 1 TELL[1]
35.750 35.875 60 4 0 THE[1]
35.875 36.250 65 9 1 WORLD[1]
36.250 36.500 58 2 0 I[1]
36.500 36.625 60 4 1 LOVE[1]
36.625 37.000 59 3 0 YOU[1]
37.000 37.500 60 4 1 DON'T[1]
37.500 38.000 63 7 0 FORGET[1]
38.000 38.250 62 6 1 FORGET[2]
38.500 39.000 63 7 0 YOUR[1]
39.000 39.250 65 9 1 PROMISE[1]
39.250 39.500 63 7 0 PROMISE[2]
39.500 39.750 60 4 0 TO[1]
39.750 40.500 57 1 0 ME[1]
40.750 40.875 58 2 1 CAUSE[1]
40.875 41.500 58 2 0 I[1]
41.500 42.000 65 9 1 HAVE[1]
42.000 42.250 64 8 1 BOUGHT[1]
42.500 43.000 58 2 0 A[1]
43.000 43.250 67 11 1 HOME[1]
43.250 43.500 65 9 0 AND[1]
43.500 43.750 61 5 1 RING[1]
43.750 44.000 58 2 0 AND[1]
44.000 44.250 65 9 1 EVERYTHING[1]
44.250 44.500 63 7 0 EVERYTHING[2]
44.500 44.750 61 5 2 EVERYTHING[3]
44.750 45.000 60 4 0 FOR[1]
45.000 46.000 63 7 1 MARGIE[1]
46.000 47.000 60 4 0 MARGIE[2]
47.250 47.500 63 7 1 YOU'VE[1]
47.500 47.750 62 6 1 BEEN[1]
47.750 48.000 60 4 0 MY[1]
48.000 48.250 65 9 2 INSPIRATION[1]
48.250 48.375 63 7 0 INSPIRATION[2]
48.375 48.625 60 4 1 INSPIRATION[3]
48.625 49.000 58 2 0 INSPIRATION[4]
49.250 49.500 61 5 1 DAYS[1]
49.500 50.000 61 5 1 ARE[1]
50.000 50.250 56 0 1 NEVER[1]
50.250 51.000 58 2 0 NEVER[2]
51.000 52.000 60 4 1 BLUE[1]
52.500 52.750 60 4 1 AFTER[1]
52.750 52.875 61 5 0 AFTER[2]
52.875 53.250 63 7 0 ALL[1]
53.250 53.500 60 4 1 IS[1]
53.500 53.625 63 7 1 SAID[1]
53.625 54.000 60 4 0 AND[1]
54.000 54.250 63 7 1 DONE[1]
54.625 54.750 63 7 1 REALLY[1]
54.750 55.000 60 4 0 REALLY[2]
55.000 55.250 63 7 1 THERE[1]
55.250 55.500 65 9 1 IS[1]
55.500 55.750 63 7 1 ONLY[1]
55.750 56.000 65 9 0 ONLY[2]
56.000 56.375 67 11 0 ONE[1]
56.375 57.000 65 9 1 OH[1]
57.000 57.500 61 5 1 MARGIE[1]
57.500 58.000 61 5 0 MARGIE[2]
58.000 58.375 60 4 1 MARGIE[1]
58.375 58.750 60 4 0 MARGIE[2]
58.750 59.000 58 2 1 IT'S[1]
59.000 59.500 60 4 0 YOU[1]
88.750 89.000 61 5 1 OH[1]
89.000 89.500 61 5 1 MARGIE[1]
89.500 89.750 61 5 0 MARGIE[2]
90.000 90.250 61 5 1 MARGIE[1]
90.250 90.750 60 4 0 MARGIE[2]
90.750 91.000 58 2 1 IT'S[1]
91.000 91.500 60 4 0 YOU[1]
93.000 94.000 63 7 1 MARGIE[1]
94.000 95.000 60 4 0 MARGIE[2]
95.250 95.500 63 7 1 I'M[1]
95.500 95.750 62 6 1 ALWAYS[1]
95.750 96.000 60 4 2 ALWAYS[2]
96.000 96.250 65 9 1 THINKING[1]
96.250 96.375 63 7 0 THINKING[2]
96.375 96.625 60 4 0 OF[1]
96.625 97.000 58 2 0 YOU[1]
97.000 97.750 56 0 1 MARGIE[1]
97.750 98.500 61 5 0 MARGIE[2]
99.250 99.500 65 9 1 I'LL[1]
99.500 99.750 61 5 1 TELL[1]
99.750 99.875 58 2 0 THE[1]
99.875 100.250 65 9 1 WORLD[1]
100.250 100.500 58 2 0 I[1]
100.500 100.625 60 4 1 LOVE[1]
100.625 101.000 59 3 0 YOU[1]
101.250 101.500 63 7 1 DON'T[1]
101.750 102.000 63 7 0 FORGET[1]
102.000 102.250 62 6 1 FORGET[2]
102.500 103.000 63 7 0 YOUR[1]
103.000 103.250 65 9 1 PROMISE[1]
103.250 103.500 63 7 0 PROMISE[2]
103.500 103.750 60 4 0 TO[1]
103.750 104.500 57 1 0 ME[1]
104.750 104.875 58 2 1 CAUSE[1]
104.875 105.500 58 2 0 I[1]
105.500 106.000 65 9 1 HAVE[1]
106.000 106.250 64 8 1 BOUGHT[1]
106.500 107.000 58 2 0 A[1]
107.000 107.250 67 11 1 HOME[1]
107.250 107.500 65 9 0 AND[1]
107.500 107.750 61 5 1 RING[1]
107.750 108.000 58 2 0 AND[1]
108.000 108.250 65 9 1 EVERYTHING[1]
108.250 108.500 63 7 0 EVERYTHING[2]
108.500 108.750 63 7 2 EVERYTHING[3]
108.750 109.000 60 4 0 FOR[1]
109.000 110.000 63 7 1 MARGIE[1]
110.000 111.000 60 4 0 MARGIE[2]
111.250 111.500 63 7 1 YOU'VE[1]
111.500 111.625 62 6 1 BEEN[1]
111.625 112.000 60 4 0 MY[1]
112.000 112.250 65 9 2 INSPIRATION[1]
112.250 112.375 63 7 0 INSPIRATION[2]
112.375 112.625 60 4 1 INSPIRATION[3]
112.625 113.000 58 2 0 INSPIRATION[4]
113.250 113.500 61 5 1 DAYS[1]
113.500 114.000 61 5 1 ARE[1]
114.000 114.250 61 5 1 NEVER[1]
114.250 115.000 61 5 0 NEVER[2]
115.000 116.000 60 4 1 BLUE[1]
116.500 116.750 60 4 0 I[1]
116.750 117.000 61 5 1 KNOW[1]
117.000 117.125 63 7 0 WHO[1]
117.125 117.500 60 4 2 INSPIRED[1]
117.500 117.625 63 7 1 INSPIRED[2]
117.625 117.750 63 7 0 INSPIRED[3]
117.750 118.000 60 4 0 THAT[1]
118.000 118.250 63 7 1 SONG[1]
118.625 118.750 60 4 0 ANOTHER[1]
118.750 118.875 61 5 1 ANOTHER[2]
118.875 119.000 63 7 0 ANOTHER[3]
119.000 119.250 63 7 1 GOOD[1]
119.250 119.500 65 9 1 MAN[1]
119.500 119.750 63 7 1 HAS[1]
119.750 120.000 65 9 1 GONE[1]
120.000 120.500 67 11 1 WRONG[1]
120.500 121.000 65 9 1 OH[1]
121.000 121.500 61 5 1 MARGIE[1]
121.500 122.000 61 5 0 MARGIE[2]
122.000 122.375 61 5 1 MARGIE[1]
122.375 122.750 60 4 0 MARGIE[2]
122.750 123.000 58 2 1 IT'S[1]
123.000 123.500 60 4 0 YOU[1]
