2.8750 3.0000 69 7 1 YA[1]
3.2500 3.5000 69 7 1 YA[1]
3.5000 3.6250 65 3 1 YA[1]
3.7500 4.0000 62 0 1 YA[1]
4.1250 4.2500 62 0 0 THE[1]
4.2500 4.3750 66 4 1 MASHED[1]
4.3750 4.5000 69 7 0 POTATO[1]
4.5000 4.6250 71 9 1 POTATO[2]
4.6250 4.7500 69 7 2 POTATO[3]
4.7500 4.8750 66 4 1 STARTED[1]
4.8750 5.0000 64 2 0 STARTED[2]
5.0000 5.1250 64 2 1 LONG[1]
5.2500 5.3750 64 2 1 TIME[1]
5.3750 5.5000 62 0 0 AGO[1]
5.5000 5.6250 62 0 1 AGO[2]
6.1250 6.2500 59 9 0 WITH[1]
6.3750 6.5000 64 2 0 A[1]
6.5000 6.6250 66 4 1 GUY[1]
6.7500 6.8750 62 0 1 NAMED[1]
6.8750 7.0000 59 9 1 SLOPPY[1]
7.1250 7.3750 64 2 0 SLOPPY[2]
7.3750 7.5000 62 0 1 JOE[1]
8.1250 8.2500 62 0 1 YOU'LL[1]
8.2500 8.3750 67 5 1 FIND[1]
8.3750 8.5000 67 5 0 THIS[1]
8.5000 8.6250 67 5 1 DANCE[1]
8.8750 9.0000 69 7 1 IS[1]
9.0000 9.1250 71 9 1 COOL[1]
9.3750 9.5625 67 5 0 TO[1]
9.5625 9.7500 67 5 1 DO[1]
10.1250 10.2500 66 4 1 COME[1]
10.2500 10.5000 69 7 0 ON[1]
10.5000 10.6250 69 7 1 BABY[1]
10.6250 10.7500 66 4 0 BABY[2]
10.7500 10.8750 69 7 1 GONNA[1]
10.8750 11.0000 66 4 0 GONNA[2]
11.0000 11.1667 72 10 1 TEACH[1]
11.1667 11.3333 71 9 0 IT[1]
11.3333 11.5000 69 7 0 TO[1]
11.5000 11.5625 69 7 0 YOU[1]
12.8750 13.0000 74 0 1 FEEL[1]
13.1250 13.2500 74 0 0 THAT[1]
13.2500 13.3750 71 9 1 GROOVY[1]
13.3750 13.5000 69 7 0 GROOVY[2]
13.5000 13.7500 71 9 1 BEAT[1]
13.7500 14.0000 69 7 1 NOW[1]
14.8750 15.0000 69 7 1 COME[1]
15.0000 15.1250 71 9 0 ON[1]
15.1250 15.2500 71 9 0 AND[1]
15.2500 15.3750 69 7 1 TWIST[1]
15.3750 15.5000 69 7 0 YOUR[1]
15.5000 15.7500 65 3 1 FEET[1]
15.7500 16.0000 64 2 1 NOW[1]
16.0000 16.1250 62 0 1 BABY[1]
16.1250 16.2500 64 2 0 BABY[2]
16.6250 16.7500 69 7 1 COME[1]
16.7500 16.8750 65 3 0 ON[1]
17.0000 17.1250 62 0 1 HONEY[1]
17.1250 17.2500 64 2 0 HONEY[2]
17.6250 17.7500 66 4 1 COME[1]
17.7500 17.8750 69 7 0 ON[1]
17.8750 18.0000 69 7 1 BABY[1]
18.1250 18.5000 69 7 0 BABY[2]
18.8750 19.0000 69 7 1 YA[1]
19.2500 19.5000 71 9 1 YA[1]
19.5000 19.7500 69 7 1 YA[1]
19.7500 20.0000 71 9 1 YA[1]
20.1250 20.2500 74 0 0 AND[1]
20.2500 20.3750 71 9 0 THEN[1]
20.3750 20.5000 69 7 0 THEY[1]
20.5000 20.6250 69 7 1 DANCE[1]
20.8750 21.0000 69 7 0 IT[1]
21.0000 21.1250 65 3 0 THROUGH[1]
21.1250 21.2500 64 2 0 AND[1]
21.3750 21.5000 62 0 0 THROUGH[1]
22.1250 22.2500 59 9 0 THEY[1]
22.2500 22.3750 62 0 1 LOOK[1]
22.3750 22.5000 64 2 0 FOR[1]
22.5000 22.6250 65 3 0 RECORDS[1]
22.6250 22.7500 64 2 1 RECORDS[2]
22.7500 22.8750 62 0 0 THEY[1]
22.8750 23.0000 59 9 0 CAN[1]
23.0000 23.1250 62 0 1 DO[1]
23.1250 23.2500 62 0 0 IT[1]
23.3750 23.5000 62 0 0 TO[1]
24.1250 24.2500 62 0 0 THEY[1]
24.2500 24.3750 67 5 1 THOUGHT[1]
24.3750 24.5000 67 5 0 THIS[1]
24.5000 24.6250 67 5 1 DANCE[1]
24.8750 25.0000 69 7 1 WAS[1]
25.0000 25.0625 69 7 1 OUTTA[1]
25.1250 25.2500 69 7 0 OUTTA[2]
25.3750 25.5000 67 5 1 SIGHT[1]
26.1250 26.2500 66 4 1 DOIN'[1]
26.2500 26.3750 69 7 0 DOIN'[2]
26.3750 26.5000 66 4 0 THE[1]
26.5000 26.6250 69 7 1 LION[1]
26.6250 26.7500 66 4 0 LION[2]
26.8750 27.0000 69 7 1 SLEEPS[1]
27.2500 27.3750 66 4 0 TONIGHT[1]
27.3750 27.6250 69 7 1 TONIGHT[2]
28.8750 29.0000 69 7 0 A-WEEMA-WEH[1]
29.0000 29.1250 74 0 1 A-WEEMA-WEH[2]
29.1250 29.2500 74 0 0 A-WEEMA-WEH[3]
29.2500 29.3750 71 9 2 A-WEEMA-WEH[4]
29.3750 29.5000 69 7 0 A-WEEMA-WEH[1]
29.5000 29.6250 71 9 1 A-WEEMA-WEH[2]
29.6250 29.7500 69 7 0 A-WEEMA-WEH[3]
29.7500 29.8750 66 4 2 A-WEEMA-WEH[4]
30.8750 31.0000 69 7 1 YA[1]
31.2500 31.5000 69 7 1 YA[1]
31.5000 31.6250 65 3 1 YA[1]
31.7500 31.8750 62 0 1 YA[1]
32.6250 32.7500 69 7 1 COME[1]
32.7500 32.8750 65 3 0 ON[1]
33.0000 33.1250 62 0 1 BABY[1]
33.1250 33.2500 64 2 0 BABY[2]
33.6250 33.7500 66 4 1 COME[1]
33.7500 34.1250 69 7 0 ON[1]
34.1250 34.2500 71 9 1 HONEY[1]
34.3750 34.5000 69 7 0 HONEY[2]
34.8750 35.0000 69 7 1 YA[1]
35.2500 35.3750 71 9 1 YA[1]
35.5000 35.7500 69 7 1 YA[1]
35.7500 44.0000 71 9 1 YA[1]
44.1250 44.2500 62 0 1 NOW[1]
44.2500 44.3750 66 4 1 EVERYBODY[1]
44.3750 44.5000 69 7 0 EVERYBODY[2]
44.5000 44.6875 71 9 2 EVERYBODY[3]
44.6875 44.8750 69 7 0 EVERYBODY[4]
44.8750 45.0000 69 7 1 IS[1]
45.0000 45.1250 65 3 1 DOIN'[1]
45.1250 45.2500 64 2 0 DOIN'[2]
45.3750 45.5000 62 0 1 FINE[1]
46.1250 46.2500 74 0 0 THEY[1]
46.2500 46.3750 71 9 1 DANCE[1]
46.3750 46.5000 69 7 0 ALONE[1]
46.5000 46.6250 71 9 1 ALONE[2]
46.7500 46.8750 66 4 0 OR[1]
46.8750 47.0000 65 3 0 A[1]
47.0000 47.1250 66 4 1 BIG[1]
47.1250 47.2500 64 2 1 BOSS[1]
47.3750 47.7500 62 0 1 LINE[1]
48.2500 48.3750 67 5 0 THEY[1]
48.3750 48.5000 67 5 0 DISCOVERED[1]
48.5000 48.6250 67 5 1 DISCOVERED[2]
48.6250 48.7500 66 4 0 DISCOVERED[3]
48.8750 49.0000 67 5 1 IT'S[1]
49.0000 49.0625 69 7 0 THE[1]
49.0625 49.3750 71 9 0 MOST[1]
49.3750 49.7500 67 5 1 MAN[1]
50.1250 50.2500 66 4 0 THE[1]
50.2500 50.3750 69 7 1 DAY[1]
50.3750 50.5000 67 5 0 THEY[1]
50.5000 50.6250 69 7 1 DID[1]
50.6250 50.7500 66 4 0 IT[1]
50.7500 50.8750 69 7 0 TO[1]
50.8750 51.0000 69 7 1 PLEASE[1]
51.2500 51.3750 69 7 1 MR[1]
51.3750 51.5000 66 4 0 MR[2]
51.6250 51.7500 69 7 1 POSTMAN[1]
51.8750 52.1250 69 7 0 POSTMAN[2]
52.8750 53.0000 69 7 1 WAIT[1]
53.1250 53.2500 74 0 0 A[1]
53.2500 53.3750 71 9 1 MINUTE[1]
53.3750 53.5000 69 7 0 MINUTE[2]
53.5000 53.6250 71 9 1 WAIT[1]
53.6250 53.7500 69 7 0 A[1]
53.7500 53.8125 66 4 1 MINUTE[1]
53.8125 53.8750 64 2 0 MINUTE[2]
54.8750 55.0000 69 7 0 DELIVER[1]
55.0000 55.1250 71 9 1 DELIVER[2]
55.1250 55.2500 71 9 0 DELIVER[3]
55.2500 55.3750 69 7 0 THE[1]
55.3750 55.4375 64 2 1 LETTER[1]
55.6250 55.6875 64 2 0 LETTER[2]
55.8750 56.0000 64 2 1 YA[1]
56.6250 56.7500 69 7 1 COME[1]
56.7500 56.8750 65 3 0 ON[1]
57.0000 57.1250 62 0 1 BABY[1]
57.1250 57.2500 64 2 0 BABY[2]
57.6250 57.7500 66 4 1 COME[1]
57.7500 58.1250 69 7 0 ON[1]
58.1250 58.1875 72 10 1 HONEY[1]
58.3750 58.5000 69 7 0 HONEY[2]
58.8750 59.0000 69 7 1 YA[1]
59.2500 59.5000 71 9 1 YA[1]
59.5000 59.7500 69 7 1 YA[1]
59.7500 60.0000 71 9 1 YA[1]
60.1250 60.2500 74 0 1 WELL[1]
60.2500 60.3750 71 9 0 THEY[1]
60.3750 60.5000 69 7 1 GOT[1]
60.5000 60.6250 69 7 0 WITH[1]
60.7500 60.8750 69 7 0 IT[1]
61.0000 61.1250 66 4 0 MORE[1]
61.1250 61.2500 64 2 0 AND[1]
61.3750 61.5000 62 0 0 MORE[1]
62.1250 62.2500 74 0 0 YOU[1]
62.2500 62.3750 71 9 0 OUGHT[1]
62.3750 62.5000 69 7 0 TO[1]
62.5000 62.6250 71 9 1 SEE[1]
62.6250 62.7500 74 0 0 'EM[1]
62.8750 63.0000 62 0 0 AROUND[1]
63.0000 63.1250 64 2 1 AROUND[2]
63.2500 63.3750 66 4 0 THE[1]
63.3750 63.5000 62 0 1 FLOOR[1]
64.2500 64.3750 67 5 1 MASHED[1]
64.3750 64.5000 67 5 0 POTATO[1]
64.5000 64.6250 67 5 1 POTATO[2]
64.6250 64.7500 67 5 2 POTATO[3]
64.8750 65.0000 69 7 0 A[1]
65.0000 65.1250 70 8 1 LONG[1]
65.2500 65.3750 67 5 1 LONG[1]
65.3750 65.5000 67 5 1 LIST[1]
66.1250 66.2500 66 4 0 THEY[1]
66.2500 66.3750 69 7 1 EVEN[1]
66.3750 66.5000 66 4 0 EVEN[2]
66.5000 66.6250 69 7 1 DO[1]
66.6250 66.7500 66 4 0 IT[1]
66.8750 67.0000 69 7 0 TO[1]
67.0000 67.1250 69 7 1 DEAR[1]
67.2500 67.3750 69 7 1 LADY[1]
67.3750 67.5000 64 2 0 LADY[2]
67.6250 67.8750 71 9 1 TWIST[1]
68.8750 69.0000 69 7 1 GET[1]
69.0000 69.1250 74 0 0 UP[1]
69.2500 69.3750 71 9 0 ON[1]
69.3750 69.5000 69 7 0 YOUR[1]
69.5000 69.7500 71 9 1 TAIL[1]
69.7500 70.0000 69 7 1 NOW[1]
70.8750 71.0000 74 0 1 YA[1]
71.0000 71.1250 71 9 1 YA[1]
71.1250 71.2500 69 7 1 YA[1]
71.5000 71.7500 71 9 1 YA[1]
71.7500 72.0000 69 7 1 YA[1]
72.1250 72.5000 66 4 1 YA[1]
72.6250 72.8125 69 7 1 COME[1]
72.8125 73.0000 66 4 0 ON[1]
73.0000 73.1250 62 0 1 BABY[1]
73.1250 73.2500 64 2 0 BABY[2]
73.6250 73.7500 66 4 1 COME[1]
73.7500 74.1250 69 7 0 ON[1]
74.1250 74.2500 71 9 1 HONEY[1]
74.3750 74.5000 69 7 0 HONEY[2]
74.8750 75.0000 69 7 1 YA[1]
75.2500 75.5000 71 9 1 YA[1]
75.5000 75.7500 69 7 1 YA[1]
75.7500 76.0000 71 9 1 YA[1]
77.7500 78.0000 74 0 1 YA[1]
78.0000 78.2500 71 9 1 YA[1]
78.8750 79.0000 74 0 1 YA[1]
79.0000 79.1250 71 9 1 YA[1]
79.1250 79.2500 69 7 1 YA[1]
79.5000 79.7500 71 9 1 YA[1]
79.7500 80.0000 69 7 1 YA[1]
80.1250 80.5000 66 4 1 YA[1]
80.6250 80.8125 69 7 1 COME[1]
80.8125 81.0000 66 4 0 ON[1]
81.0000 81.1250 62 0 1 BABY[1]
81.1250 81.2500 64 2 0 BABY[2]
81.6250 81.7500 66 4 1 COME[1]
81.7500 82.1250 69 7 0 ON[1]
82.1250 82.2500 71 9 1 HONEY[1]
82.3750 82.5000 69 7 0 HONEY[2]
