3.8750 4.0000 58 4 1 I'VE[1]
4.0000 4.3750 61 7 1 BEEN[1]
4.3750 4.5000 61 7 0 AROUND[1]
4.5000 4.8750 61 7 1 AROUND[2]
4.8750 5.0000 61 7 0 THE[1]
5.0000 5.3750 60 6 1 WORLD[1]
5.3750 5.5000 60 6 0 YOU[1]
5.5000 5.8750 60 6 1 BET[1]
5.8750 6.0000 60 6 0 BUT[1]
6.0000 6.3750 59 5 1 NEVER[1]
6.3750 6.5000 58 4 0 NEVER[2]
6.5000 6.8750 59 5 1 WENT[1]
6.8750 7.0000 61 7 0 TO[1]
7.0000 7.5000 58 4 1 SCHOOL[1]
7.7500 8.0000 54 0 0 AND[1]
8.0000 8.3750 63 9 1 AFTER[1]
8.3750 8.5000 63 9 0 AFTER[2]
8.5000 8.7500 63 9 0 ALL[1]
8.7500 9.0000 63 9 0 I[1]
9.0000 9.3750 61 7 1 SEEM[1]
9.3750 9.5000 61 7 0 TO[1]
9.5000 9.8750 61 7 1 GET[1]
9.8750 10.0000 61 7 0 PERHAPS[1]
10.0000 10.2500 59 5 1 PERHAPS[2]
10.2500 10.5000 63 9 1 I'VE[1]
10.5000 10.7500 58 4 1 BEEN[1]
10.7500 10.8750 63 9 0 A[1]
10.8750 11.5000 56 2 1 FOOL[1]
11.7500 12.0000 54 0 0 BUT[1]
12.0000 12.3750 54 0 1 STILL[1]
12.3750 12.5000 53 11 0 SOME[1]
12.5000 12.8750 52 10 1 EDUCATED[1]
12.8750 13.0000 53 11 0 EDUCATED[2]
13.0000 13.2500 56 2 2 EDUCATED[3]
13.2500 13.5000 54 0 0 EDUCATED[4]
13.5000 13.8750 53 11 1 FOLKS[1]
13.8750 14.0000 54 0 0 SUPPOSED[1]
14.0000 14.3750 58 4 1 SUPPOSED[2]
14.3750 14.5000 56 2 0 TO[1]
14.5000 14.7500 58 4 1 BE[1]
14.7500 15.0000 59 5 1 SOMEWHERE[1]
15.0000 15.5000 61 7 2 SOMEWHERE[2]
15.7500 16.0000 61 7 0 WHERE[1]
16.0000 16.3750 61 7 1 BAIL[1]
16.3750 16.5000 61 7 0 IF[1]
16.5000 16.7500 63 9 0 THEY[1]
16.7500 17.0000 64 10 1 WERE[1]
17.0000 17.3750 65 11 1 CALLED[1]
17.3750 17.5000 61 7 0 UPON[1]
17.5000 17.7500 56 2 1 UPON[2]
17.7500 18.0000 56 2 0 A[1]
18.0000 18.2500 58 4 1 SIMPLE[1]
18.2500 18.5000 61 7 0 SIMPLE[2]
18.5000 18.8750 61 7 1 WORD[1]
18.8750 19.0000 63 9 0 TO[1]
19.0000 19.5000 61 7 1 SPARE[1]
19.7500 20.0000 61 7 1 NOW[1]
20.0000 20.3750 56 2 0 IF[1]
20.3750 20.5000 56 2 1 YOU'D[1]
20.5000 20.8750 56 2 0 LIKE[1]
20.8750 21.0000 56 2 0 TO[1]
21.0000 21.3750 58 4 1 PUT[1]
21.3750 21.5000 58 4 0 ME[1]
21.5000 21.7500 58 4 0 TO[1]
21.7500 22.0000 58 4 0 A[1]
22.0000 23.5000 59 5 1 TEST[1]
23.8750 24.0000 61 7 1 THERE'S[1]
24.0000 24.2500 56 2 0 ONE[1]
24.2500 24.5000 56 2 1 DEAR[1]
24.5000 24.8750 56 2 1 NAME[1]
24.8750 25.0000 56 2 0 THAT[1]
25.0000 25.2500 58 4 0 I[1]
25.2500 25.5000 58 4 0 CAN[1]
25.5000 25.8750 58 4 1 SPELL[1]
25.8750 26.0000 58 4 0 THE[1]
26.0000 27.5000 61 7 1 BEST[1]
27.8750 28.2500 61 7 1 M[1]
28.2500 28.5000 58 4 1 IS[1]
28.5000 28.7500 59 5 0 FOR[1]
28.7500 29.0000 60 6 0 THE[1]
29.0000 29.2500 61 7 1 MILLION[1]
29.2500 29.5000 54 0 0 MILLION[2]
29.5000 29.7500 56 2 1 THINGS[1]
29.7500 29.8750 51 9 0 SHE[1]
29.8750 31.0000 54 0 1 GAVE[1]
31.0000 31.7500 53 11 0 ME[1]
32.0000 32.2500 61 7 1 O[1]
32.2500 32.5000 59 5 1 MEANS[1]
32.5000 32.7500 55 1 1 ONLY[1]
32.7500 32.8750 56 2 0 ONLY[2]
32.8750 33.2500 61 7 0 THAT[1]
33.2500 33.5000 59 5 1 SHE'S[1]
33.5000 33.7500 51 9 1 GROWING[1]
33.7500 34.0000 59 5 0 GROWING[2]
34.0000 35.5000 58 4 1 OLD[1]
36.0000 36.3750 54 0 1 T[1]
36.3750 36.5000 54 0 1 IS[1]
36.5000 36.7500 53 11 0 FOR[1]
36.7500 37.0000 54 0 0 THE[1]
37.0000 37.2500 56 2 1 TEARS[1]
37.2500 37.5000 54 0 1 WERE[1]
37.5000 37.7500 56 2 1 SHED[1]
37.7500 37.8750 57 3 0 TO[1]
37.8750 39.0000 58 4 0 SAVE[1]
39.0000 40.0000 61 7 0 ME[1]
40.0000 40.3750 56 2 1 H[1]
40.3750 40.5000 58 4 1 IS[1]
40.5000 40.7500 60 6 0 FOR[1]
40.7500 41.0000 61 7 0 HER[1]
41.0000 41.3750 63 9 1 HEART[1]
41.3750 41.5000 60 6 0 OF[1]
41.5000 41.8750 58 4 1 PUREST[1]
41.8750 42.0000 57 3 0 PUREST[2]
42.0000 43.5000 56 2 1 GOLD[1]
44.0000 44.3750 61 7 1 E[1]
44.3750 44.5000 58 4 1 IS[1]
44.5000 44.7500 59 5 0 FOR[1]
44.7500 44.8750 60 6 0 HER[1]
44.8750 45.3750 61 7 1 EYES[1]
45.3750 45.5000 54 0 0 WITH[1]
45.5000 45.7500 56 2 1 LOVE[1]
45.7500 46.0000 51 9 1 LIGHT[1]
46.0000 47.0000 54 0 1 SHINING[1]
47.0000 47.7500 53 11 0 SHINING[2]
48.0000 48.2500 56 2 1 R[1]
48.2500 48.5000 56 2 1 MEANS[1]
48.5000 48.7500 55 1 1 RIGHT[1]
48.8750 49.0000 56 2 0 AND[1]
49.0000 49.2500 61 7 1 RIGHT[1]
49.2500 49.5000 56 2 1 SHE'LL[1]
49.5000 49.7500 58 4 1 ALWAYS[1]
49.7500 50.0000 59 5 2 ALWAYS[2]
50.0000 51.5000 58 4 1 BE[1]
52.0000 52.3750 57 3 1 PUT[1]
52.3750 52.5000 57 3 0 THEM[1]
52.5000 52.8750 56 2 2 ALTOGETHER[1]
52.8750 53.0000 54 0 0 ALTOGETHER[2]
53.0000 53.3750 57 3 1 ALTOGETHER[3]
53.3750 53.5000 57 3 0 ALTOGETHER[4]
53.5000 53.7500 56 2 0 THEY[1]
53.7500 54.0000 54 0 1 SPELL[1]
54.0000 55.0000 61 7 1 MOTHER[1]
55.0000 55.5000 58 4 0 MOTHER[2]
55.7500 56.0000 58 4 0 A[1]
56.0000 56.3750 56 2 1 WORD[1]
56.3750 56.5000 58 4 0 THAT[1]
56.5000 56.8750 59 5 1 MEANS[1]
56.8750 57.0000 61 7 0 THE[1]
57.0000 57.5000 63 9 1 WORLD[1]
57.5000 58.0000 61 7 0 TO[1]
58.0000 59.5000 54 0 0 ME[1]
76.0000 76.3750 61 7 1 E[1]
76.3750 76.5000 58 4 1 IS[1]
76.5000 76.7500 59 5 0 FOR[1]
76.7500 76.8750 60 6 0 HER[1]
76.8750 77.2500 61 7 1 EYES[1]
77.2500 77.5000 54 0 0 WITH[1]
77.5000 77.7500 56 2 1 LOVE[1]
77.7500 78.0000 51 9 1 LIGHT[1]
78.0000 79.0000 54 0 1 SHINING[1]
79.0000 79.7500 53 11 0 SHINING[2]
79.8750 80.2500 56 2 1 R[1]
80.2500 80.5000 56 2 1 MEANS[1]
80.5000 80.7500 55 1 1 RIGHT[1]
80.8750 81.0000 56 2 0 AND[1]
81.0000 81.2500 61 7 1 RIGHT[1]
81.2500 81.5000 56 2 1 SHE'LL[1]
81.5000 81.7500 58 4 1 ALWAYS[1]
81.7500 82.0000 59 5 2 ALWAYS[2]
82.0000 83.5000 58 4 1 BE[1]
84.0000 84.2500 57 3 1 PUT[1]
84.2500 84.5000 57 3 0 THEM[1]
84.5000 84.8750 56 2 2 ALTOGETHER[1]
84.8750 85.0000 54 0 0 ALTOGETHER[2]
85.0000 85.2500 57 3 1 ALTOGETHER[3]
85.2500 85.5000 57 3 0 ALTOGETHER[4]
85.5000 85.7500 56 2 0 THEY[1]
85.7500 86.0000 54 0 1 SPELL[1]
86.0000 87.0000 61 7 1 MOTHER[1]
87.0000 87.5000 58 4 0 MOTHER[2]
87.7500 88.0000 58 4 0 A[1]
88.0000 88.2500 56 2 1 WORD[1]
88.2500 88.5000 58 4 0 THAT[1]
88.5000 88.7500 59 5 1 MEANS[1]
88.7500 89.0000 61 7 0 THE[1]
89.0000 89.5000 63 9 1 WORLD[1]
89.5000 90.0000 61 7 0 TO[1]
90.0000 91.5000 66 0 0 ME[1]
