69.250 69.500 65 0 1 ANGELA[1]
69.500 69.750 65 0 0 ANGELA[2]
69.750 70.000 64 11 0 ANGELA[3]
70.000 70.500 67 2 1 MIA[1]
70.500 71.000 62 9 0 MIA[2]
71.250 71.500 64 11 0 YOU[1]
71.500 71.750 64 11 1 ARE[1]
71.750 72.000 62 9 0 MY[1]
72.000 72.250 65 0 1 ANGEL[1]
72.250 72.500 57 4 0 ANGEL[2]
72.500 73.000 60 7 1 DEAR[1]
73.250 73.500 53 0 0 AND[1]
73.500 73.750 55 2 1 HEAVEN[1]
73.750 74.000 57 4 0 HEAVEN[2]
74.000 74.250 58 5 1 SENT[1]
74.250 74.375 60 7 0 YOU[1]
74.375 74.750 62 9 0 DOWN[1]
74.750 75.000 65 0 0 TO[1]
75.000 75.500 64 11 0 ME[1]
75.500 76.000 60 7 0 FROM[1]
76.000 76.250 62 9 0 UP[1]
76.250 76.500 57 4 0 ABOVE[1]
76.500 77.000 60 7 1 ABOVE[2]
77.250 77.500 65 0 1 ANGELA[1]
77.500 77.750 65 0 0 ANGELA[2]
77.750 78.000 64 11 0 ANGELA[3]
78.000 78.500 67 2 1 MIA[1]
78.500 79.000 62 9 0 MIA[2]
79.250 79.500 64 11 0 YOU[1]
79.500 79.750 64 11 1 ARE[1]
79.750 80.000 62 9 0 MY[1]
80.000 80.250 65 0 1 GUIDING[1]
80.250 80.500 57 4 0 GUIDING[2]
80.500 81.000 62 9 1 STAR[1]
81.250 81.500 60 7 0 A[1]
81.500 81.750 58 5 1 SWEET[1]
81.750 82.000 57 4 0 MADONNA[1]
82.000 82.250 57 4 1 MADONNA[2]
82.250 82.500 55 2 0 MADONNA[3]
82.500 82.750 62 9 0 THAT[1]
82.750 83.000 57 4 0 I[1]
83.000 83.250 57 4 1 HONOR[1]
83.250 83.500 55 2 0 HONOR[2]
83.500 83.750 60 7 0 AND[1]
83.750 84.000 62 9 0 I[1]
84.000 85.000 65 0 1 LOVE[1]
85.250 85.500 57 4 1 YOU'RE[1]
85.500 85.750 60 7 0 LIKE[1]
85.750 86.000 62 9 0 THE[1]
86.000 86.500 64 11 1 SUNSHINE[1]
86.500 87.250 69 4 2 SUNSHINE[2]
87.250 87.500 68 3 0 IN[1]
87.500 87.750 66 1 0 ALL[1]
87.750 88.000 65 0 0 ITS[1]
88.000 88.500 64 11 1 SPLENDOR[1]
88.500 89.000 60 7 0 SPLENDOR[2]
89.250 89.500 62 9 0 AND[1]
89.500 89.750 64 11 0 I[1]
89.750 90.000 67 2 0 SURRENDER[1]
90.000 90.500 67 2 1 SURRENDER[2]
90.500 91.000 72 7 0 SURRENDER[3]
91.250 91.500 69 4 0 EACH[1]
91.500 91.750 67 2 1 TIME[1]
91.750 92.000 65 0 0 YOU[1]
92.000 93.000 64 11 1 SMILE[1]
93.250 93.500 65 0 1 ANGELA[1]
93.500 93.750 65 0 0 ANGELA[2]
93.750 94.000 64 11 0 ANGELA[3]
94.000 94.500 67 2 1 MIA[1]
94.500 95.000 62 9 0 MIA[2]
95.250 95.500 64 11 0 MY[1]
95.500 95.750 64 11 1 PRAYERS[1]
95.750 96.000 62 9 1 ARE[1]
96.000 96.250 65 0 1 ANSWERED[1]
96.250 96.500 57 4 0 ANSWERED[2]
96.500 97.000 62 9 1 NOW[1]
97.250 97.500 60 7 0 AND[1]
97.500 97.750 58 5 0 I[1]
97.750 98.000 57 4 1 AM[1]
98.000 98.375 52 11 1 THANKFUL[1]
98.375 98.500 51 10 0 THANKFUL[2]
98.500 99.250 50 9 0 FOR[1]
99.250 99.500 52 11 1 ANGELA[1]
99.500 99.750 50 9 0 ANGELA[2]
99.750 100.000 48 7 0 ANGELA[3]
100.000 100.250 50 9 1 MIA[1]
100.250 101.500 53 0 0 MIA[2]
102.000 102.250 50 9 1 MIA[1]
102.250 103.500 53 0 0 MIA[2]
