8.000 8.500 58 7 1 DAY[1]
8.500 8.875 60 9 1 IS[1]
8.875 9.375 60 9 1 ENDING[1]
9.375 10.000 58 7 0 ENDING[2]
10.000 10.375 58 7 1 BIRDS[1]
10.375 10.875 60 9 1 ARE[1]
10.875 11.250 60 9 1 WENDING[1]
11.250 11.750 58 7 0 WENDING[2]
12.000 12.125 55 4 1 BACK[1]
12.125 12.250 51 0 0 TO[1]
12.250 12.500 55 4 0 THE[1]
12.500 12.750 51 0 1 SHELTER[1]
12.750 13.125 55 4 0 SHELTER[2]
13.125 13.500 58 7 0 OF[1]
14.000 14.250 55 4 0 EACH[1]
14.250 14.375 51 0 1 LITTLE[1]
14.375 14.500 55 4 0 LITTLE[2]
14.500 14.750 51 0 1 NEST[1]
14.750 15.125 55 4 0 THEY[1]
15.125 15.500 60 9 1 LOVE[1]
16.000 16.375 58 7 1 NIGHT[1]
16.375 17.000 60 9 1 SHADES[1]
17.000 17.375 60 9 1 FALLING[1]
17.375 18.000 58 7 0 FALLING[2]
18.250 18.500 58 7 1 LOVE[1]
18.500 19.000 60 9 1 BIRDS[1]
19.000 19.375 60 9 1 CALLING[1]
19.375 20.000 58 7 0 CALLING[2]
20.125 20.250 55 4 0 WHAT[1]
20.250 20.375 51 0 1 MAKES[1]
20.375 20.500 55 4 0 THE[1]
20.500 20.750 51 0 1 WORLD[1]
20.750 21.125 55 4 1 GO[1]
21.125 21.500 51 0 0 ROUND[1]
21.625 21.750 51 0 1 NOTHING[1]
21.750 21.875 53 2 0 NOTHING[2]
21.875 22.000 55 4 0 BUT[1]
22.000 23.000 58 7 1 LOVE[1]
23.375 23.500 55 4 0 WHEN[1]
23.500 23.625 58 7 1 WHIPPOORWILL[1]
23.625 23.750 60 9 0 WHIPPOORWILL[2]
23.750 24.000 63 0 2 WHIPPOORWILL[3]
24.000 24.750 60 9 1 CALLS[1]
25.250 25.375 46 7 0 AND[1]
25.375 25.625 55 4 1 EVENING[1]
25.625 25.750 58 7 0 EVENING[2]
25.750 26.000 60 9 1 IS[1]
26.000 26.500 58 7 1 NIGH[1]
27.250 27.500 48 9 0 I[1]
27.500 27.625 51 0 1 HURRY[1]
27.625 27.750 53 2 0 HURRY[2]
27.750 28.000 55 4 0 TO[1]
28.000 29.000 53 2 0 MY[1]
29.250 30.000 55 4 1 BLUE[1]
30.000 30.125 53 2 1 HEAVEN[1]
30.125 31.000 51 0 0 HEAVEN[2]
31.250 31.500 55 4 0 I[1]
31.500 31.625 58 7 1 TURN[1]
31.625 31.750 60 9 0 TO[1]
31.750 31.875 63 0 0 THE[1]
31.875 32.250 60 9 1 RIGHT[1]
33.250 33.500 46 7 0 A[1]
33.500 33.583 55 4 1 LITTLE[1]
33.583 33.667 58 7 0 LITTLE[2]
33.667 34.000 60 9 1 WHITE[1]
34.000 34.500 58 7 1 LIGHT[1]
35.375 35.500 46 7 0 WILL[1]
35.500 35.625 48 9 1 LEAD[1]
35.625 35.750 51 0 0 YOU[1]
35.750 35.875 55 4 0 TO[1]
35.875 37.000 53 2 0 MY[1]
37.000 38.000 55 4 1 BLUE[1]
38.000 38.125 53 2 1 HEAVEN[1]
38.125 38.500 51 0 0 HEAVEN[2]
39.750 40.000 62 11 0 A[1]
40.000 40.250 63 0 1 SMILING[1]
40.250 40.500 62 11 0 SMILING[2]
40.500 40.875 62 11 1 FACE[1]
40.875 41.125 46 7 0 A[1]
41.125 41.250 60 9 1 FIREPLACE[1]
41.250 41.375 58 7 0 FIREPLACE[2]
41.375 41.750 58 7 2 FIREPLACE[3]
41.750 42.000 46 7 0 A[1]
42.000 42.250 58 7 1 COZY[1]
42.250 42.375 56 5 0 COZY[2]
42.375 43.000 60 9 1 ROOM[1]
43.875 44.000 61 10 0 A[1]
44.000 44.062 62 11 1 LITTLE[1]
44.062 44.375 60 9 0 LITTLE[2]
44.375 44.500 60 9 1 NEST[1]
44.875 45.125 46 7 1 THAT'S[1]
45.125 45.250 58 7 1 NESTLED[1]
45.250 45.500 56 5 0 NESTLED[2]
45.750 45.875 58 7 0 WHERE[1]
45.875 46.000 57 6 0 THE[1]
46.000 46.250 56 5 1 ROSES[1]
46.250 46.375 55 4 0 ROSES[2]
46.375 47.000 58 7 1 BLOOM[1]
47.250 47.500 46 7 1 JUST[1]
47.500 47.625 58 7 1 MOLLY[1]
47.625 47.750 60 9 0 MOLLY[2]
47.750 48.000 63 0 0 AND[1]
48.000 48.750 60 9 0 ME[1]
49.250 49.500 46 7 0 AND[1]
49.500 49.625 55 4 1 BABY[1]
49.625 49.750 58 7 0 BABY[2]
49.750 50.000 60 9 1 MAKES[1]
50.000 51.000 58 7 1 THREE[1]
51.250 51.500 46 7 1 WE'RE[1]
51.500 51.625 48 9 1 HAPPY[1]
51.625 51.750 51 0 0 HAPPY[2]
51.750 52.000 55 4 0 IN[1]
52.000 53.000 53 2 0 MY[1]
53.375 54.000 55 4 1 BLUE[1]
54.000 54.125 53 2 1 HEAVEN[1]
54.125 54.500 51 0 0 HEAVEN[2]
71.750 72.000 62 11 0 A[1]
72.000 72.250 63 0 1 SMILING[1]
72.250 72.500 62 11 0 SMILING[2]
72.500 72.875 62 11 1 FACE[1]
72.875 73.000 46 7 0 A[1]
73.000 73.250 60 9 1 FIREPLACE[1]
73.250 73.375 58 7 0 FIREPLACE[2]
73.375 73.875 58 7 2 FIREPLACE[3]
73.875 74.000 46 7 0 A[1]
74.000 74.250 58 7 1 COZY[1]
74.250 74.375 56 5 0 COZY[2]
74.375 75.000 60 9 1 ROOM[1]
75.875 76.000 61 10 0 A[1]
76.000 76.062 62 11 1 LITTLE[1]
76.062 76.250 60 9 0 LITTLE[2]
76.250 76.500 60 9 1 NEST[1]
76.875 77.125 46 7 1 THAT'S[1]
77.125 77.250 58 7 1 NESTLED[1]
77.250 77.500 56 5 0 NESTLED[2]
77.750 77.875 58 7 0 WHERE[1]
77.875 78.000 56 5 0 THE[1]
78.000 78.250 56 5 1 ROSES[1]
78.250 78.500 55 4 0 ROSES[2]
78.500 79.000 58 7 1 BLOOM[1]
79.250 79.500 46 7 1 JUST[1]
79.500 79.625 58 7 1 MOLLY[1]
79.625 79.750 60 9 0 MOLLY[2]
79.750 80.000 63 0 0 AND[1]
80.000 80.500 60 9 0 ME[1]
81.250 81.375 46 7 0 AND[1]
81.375 81.625 55 4 1 BABY[1]
81.625 81.750 58 7 0 BABY[2]
81.750 82.000 60 9 1 MAKES[1]
82.000 83.000 58 7 1 THREE[1]
83.250 83.500 46 7 1 WE'RE[1]
83.500 83.625 48 9 1 HAPPY[1]
83.625 83.750 51 0 0 HAPPY[2]
83.750 84.000 55 4 0 IN[1]
84.000 85.000 53 2 0 MY[1]
85.250 86.000 55 4 1 BLUE[1]
86.000 86.125 53 2 1 HEAVEN[1]
86.125 86.500 51 0 0 HEAVEN[2]
103.750 104.000 62 11 0 A[1]
104.000 104.250 63 0 1 SMILING[1]
104.250 104.500 62 11 0 SMILING[2]
104.500 104.875 62 11 1 FACE[1]
104.875 105.000 46 7 0 A[1]
105.000 105.250 60 9 1 FIREPLACE[1]
105.250 105.375 59 8 0 FIREPLACE[2]
105.375 105.875 58 7 2 FIREPLACE[3]
105.875 106.000 46 7 0 A[1]
106.000 106.250 58 7 1 COZY[1]
106.250 106.375 56 5 0 COZY[2]
106.375 107.000 60 9 1 ROOM[1]
107.875 108.000 61 10 0 A[1]
108.000 108.125 62 11 1 LITTLE[1]
108.125 108.250 61 10 0 LITTLE[2]
108.250 108.500 60 9 1 NEST[1]
108.875 109.125 48 9 1 THAT'S[1]
109.125 109.250 58 7 1 NESTLED[1]
109.250 109.500 56 5 0 NESTLED[2]
109.625 109.875 58 7 0 WHERE[1]
109.875 110.000 57 6 0 THE[1]
110.000 110.250 56 5 1 ROSES[1]
110.250 110.500 55 4 0 ROSES[2]
110.500 111.000 58 7 1 BLOOM[1]
111.375 111.500 46 7 1 JUST[1]
111.500 111.625 58 7 1 MOLLY[1]
111.625 111.750 60 9 0 MOLLY[2]
111.750 111.875 63 0 0 AND[1]
111.875 112.500 60 9 0 ME[1]
113.250 113.375 46 7 0 AND[1]
113.375 113.625 55 4 1 BABY[1]
113.625 113.750 58 7 0 BABY[2]
113.750 114.000 60 9 1 MAKES[1]
114.000 115.000 58 7 1 THREE[1]
115.250 115.500 46 7 0 WE[1]
115.500 115.667 48 9 1 HURRY[1]
115.667 115.833 51 0 0 HURRY[2]
115.833 116.000 55 4 0 TO[1]
116.000 117.000 53 2 0 MY[1]
117.125 118.000 58 7 1 BLUE[1]
118.000 118.250 60 9 1 HEAVEN[1]
118.250 120.000 63 0 0 HEAVEN[2]
