11.875 12.125 65 10 1 OOH[1]
12.125 12.250 65 10 0 MY[1]
12.250 12.375 65 10 1 LITTLE[1]
12.375 12.500 65 10 0 LITTLE[2]
12.500 12.625 65 10 1 PRETTY[1]
12.625 12.750 65 10 0 PRETTY[2]
12.750 13.000 62 7 0 ONE[1]
13.125 13.250 55 0 0 MY[1]
13.250 13.375 65 10 1 PRETTY[1]
13.375 13.500 65 10 0 PRETTY[2]
13.500 13.750 55 0 0 ONE[1]
13.875 14.125 65 10 0 WHEN[1]
14.125 14.250 65 10 0 YOU[1]
14.250 14.375 65 10 1 GONNA[1]
14.375 14.500 65 10 0 GONNA[2]
14.500 14.625 65 10 1 GIVE[1]
14.625 14.750 65 10 0 ME[1]
14.750 15.000 65 10 0 SOME[1]
15.000 15.125 65 10 1 TIME[1]
15.375 15.500 67 0 0 SHARONA[1]
15.500 15.625 67 0 1 SHARONA[2]
15.625 15.875 65 10 2 SHARONA[3]
15.875 16.125 65 10 1 OOH[1]
16.125 16.250 65 10 0 YOU[1]
16.250 16.375 65 10 1 MAKE[1]
16.375 16.500 65 10 0 MY[1]
16.500 16.625 65 10 1 MOTOR[1]
16.625 16.750 65 10 0 MOTOR[2]
16.750 17.000 62 7 1 RUN[1]
17.125 17.250 55 0 0 MY[1]
17.250 17.375 65 10 1 MOTOR[1]
17.375 17.500 65 10 0 MOTOR[2]
17.500 17.750 55 0 1 RUN[1]
17.875 18.125 65 10 1 GOT[1]
18.125 18.250 65 10 0 IT[1]
18.250 18.375 65 10 1 COMING[1]
18.375 18.500 65 10 0 COMING[2]
18.500 18.625 65 10 0 OFF[1]
18.625 18.750 65 10 1 O[1]
18.750 19.000 65 10 0 THE[1]
19.000 19.125 65 10 1 LINE[1]
19.375 19.500 67 0 0 SHARONA[1]
19.500 19.625 67 0 1 SHARONA[2]
19.625 19.875 65 10 2 SHARONA[3]
19.875 20.125 64 9 1 NEVER[1]
20.125 20.250 65 10 0 NEVER[2]
20.250 20.375 65 10 1 GONNA[1]
20.375 20.500 65 10 0 GONNA[2]
20.500 20.750 55 0 1 STOP[1]
20.750 20.875 65 10 1 GIVE[1]
20.875 21.000 65 10 0 IT[1]
21.000 21.250 55 0 0 UP[1]
21.250 21.375 65 10 0 SUCH[1]
21.375 21.500 65 10 0 A[1]
21.500 21.625 65 10 1 DIRTY[1]
21.625 21.750 65 10 0 DIRTY[2]
21.750 21.875 65 10 1 MIND[1]
21.875 22.000 65 10 0 I[1]
22.000 22.125 65 10 1 ALWAYS[1]
22.125 22.250 65 10 2 ALWAYS[2]
22.250 22.375 65 10 1 GET[1]
22.375 22.500 65 10 0 IT[1]
22.500 22.750 55 0 0 UP[1]
22.750 22.875 65 10 0 FOR[1]
22.875 23.000 65 10 0 THE[1]
23.000 23.250 55 0 1 TOUCH[1]
23.250 23.375 65 10 0 OF[1]
23.375 23.500 65 10 0 THE[1]
23.500 23.625 65 10 1 YOUNGER[1]
23.625 23.750 65 10 0 YOUNGER[2]
23.750 23.875 65 10 1 KIND[1]
24.000 24.125 65 10 0 MY[1]
24.375 24.500 65 10 0 MY[1]
24.750 24.875 65 10 0 MY[1]
25.125 25.250 65 10 1 AYE[1]
25.500 25.750 67 0 1 AYE[1]
25.750 26.000 79 0 1 WHOA[1]
26.625 26.750 65 10 1 MA[1]
26.750 26.875 65 10 1 MA[1]
26.875 27.000 65 10 1 MA[1]
27.000 27.375 65 10 0 MY[1]
27.375 27.500 65 10 0 SHARONA[1]
27.500 27.625 65 10 1 SHARONA[2]
27.625 28.000 62 7 2 SHARONA[3]
29.875 30.125 65 10 1 COME[1]
30.125 30.250 65 10 0 A[1]
30.250 30.375 65 10 1 LITTLE[1]
30.375 30.500 65 10 0 LITTLE[2]
30.500 30.625 65 10 1 CLOSER[1]
30.625 30.750 65 10 0 CLOSER[2]
30.750 31.000 62 7 1 HUH[1]
31.125 31.250 55 0 0 A[1]
31.250 31.375 65 10 0 WILL[1]
31.375 31.500 65 10 1 YA[1]
31.500 31.750 55 0 1 HUH[1]
31.875 32.125 65 10 1 CLOSE[1]
32.125 32.250 65 10 0 ENOUGH[1]
32.250 32.375 65 10 1 ENOUGH[2]
32.375 32.500 65 10 0 TO[1]
32.500 32.625 65 10 1 LOOK[1]
32.625 32.750 65 10 0 IN[1]
32.750 33.000 65 10 0 MY[1]
33.000 33.125 65 10 1 EYES[1]
33.375 33.500 67 0 0 SHARONA[1]
33.500 33.625 67 0 1 SHARONA[2]
33.625 33.875 65 10 2 SHARONA[3]
33.875 34.125 65 10 1 KEEPING[1]
34.125 34.250 65 10 0 KEEPING[2]
34.250 34.375 65 10 0 IT[1]
34.375 34.500 65 10 0 A[1]
34.500 34.625 65 10 1 MYSTERY[1]
34.625 34.750 65 10 0 MYSTERY[2]
34.750 35.000 62 7 0 MYSTERY[3]
35.125 35.250 55 0 0 IT[1]
35.250 35.375 65 10 1 GETS[1]
35.375 35.500 65 10 0 TO[1]
35.500 35.750 55 0 0 ME[1]
35.875 36.125 65 10 1 RUNNING[1]
36.125 36.250 65 10 0 RUNNING[2]
36.250 36.375 65 10 0 DOWN[1]
36.375 36.500 65 10 0 THE[1]
36.500 36.625 65 10 1 LENGTH[1]
36.625 36.750 65 10 0 OF[1]
36.750 37.000 65 10 0 MY[1]
37.000 37.125 65 10 1 THIGH[1]
37.375 37.500 67 0 0 SHARONA[1]
37.500 37.625 67 0 1 SHARONA[2]
37.625 37.875 65 10 2 SHARONA[3]
37.875 38.125 64 9 1 NEVER[1]
38.125 38.250 65 10 0 NEVER[2]
38.250 38.375 65 10 1 GONNA[1]
38.375 38.500 65 10 0 GONNA[2]
38.500 38.750 55 0 1 STOP[1]
38.750 38.875 65 10 1 GIVE[1]
38.875 39.000 65 10 0 IT[1]
39.000 39.250 55 0 0 UP[1]
39.250 39.375 65 10 0 SUCH[1]
39.375 39.500 65 10 0 A[1]
39.500 39.625 65 10 1 DIRTY[1]
39.625 39.750 65 10 0 DIRTY[2]
39.750 39.875 65 10 1 MIND[1]
39.875 40.000 65 10 0 I[1]
40.000 40.125 65 10 1 ALWAYS[1]
40.125 40.250 65 10 2 ALWAYS[2]
40.250 40.375 65 10 1 GET[1]
40.375 40.500 65 10 0 IT[1]
40.500 40.750 55 0 0 UP[1]
40.750 40.875 65 10 0 FOR[1]
40.875 41.000 65 10 0 THE[1]
41.000 41.250 55 0 1 TOUCH[1]
41.250 41.375 65 10 0 OF[1]
41.375 41.500 65 10 0 THE[1]
41.500 41.625 65 10 1 YOUNGER[1]
41.625 41.750 65 10 0 YOUNGER[2]
41.750 41.875 65 10 1 KIND[1]
42.000 42.125 65 10 0 MY[1]
42.375 42.500 65 10 0 MY[1]
42.750 42.875 65 10 0 MY[1]
43.125 43.250 65 10 1 AYE[1]
43.500 43.750 67 0 1 AYE[1]
43.750 44.000 79 0 1 WHOA[1]
44.625 44.750 65 10 1 MA[1]
44.750 44.875 65 10 1 MA[1]
44.875 45.000 65 10 1 MA[1]
45.000 45.375 65 10 0 MY[1]
45.375 45.500 65 10 0 SHARONA[1]
45.500 45.625 65 10 1 SHARONA[2]
45.625 46.000 62 7 2 SHARONA[3]
46.625 46.750 65 10 1 MA[1]
46.750 46.875 65 10 1 MA[1]
46.875 47.000 65 10 1 MA[1]
47.000 47.375 65 10 0 MY[1]
47.375 47.500 65 10 0 SHARONA[1]
47.500 47.625 65 10 1 SHARONA[2]
47.625 72.000 62 7 2 SHARONA[3]
72.875 73.125 65 10 0 WHEN[1]
73.125 73.250 65 10 0 YOU[1]
73.250 73.375 65 10 1 GONNA[1]
73.375 73.500 65 10 0 GONNA[2]
73.500 73.625 65 10 1 GIVE[1]
73.625 73.750 65 10 0 TO[1]
73.750 74.000 62 7 0 ME[1]
74.125 74.250 55 0 0 A[1]
74.250 74.375 65 10 1 GIFT[1]
74.375 74.500 65 10 0 TO[1]
74.500 74.750 55 0 0 ME[1]
74.875 75.125 65 10 1 IS[1]
75.125 75.250 65 10 0 IT[1]
75.250 75.375 65 10 1 JUST[1]
75.375 75.500 65 10 0 A[1]
75.500 75.625 65 10 1 MATTER[1]
75.625 75.750 65 10 0 MATTER[2]
75.750 76.000 65 10 0 OF[1]
76.000 76.125 65 10 1 TIME[1]
76.375 76.500 67 0 0 SHARONA[1]
76.500 76.625 67 0 1 SHARONA[2]
76.625 76.875 65 10 2 SHARONA[3]
76.875 77.125 65 10 1 IS[1]
77.125 77.250 65 10 0 IT[1]
77.250 77.500 65 10 1 JUST[1]
77.500 77.625 65 10 1 DESTINY[1]
77.625 77.750 65 10 0 DESTINY[2]
77.750 78.000 62 7 0 DESTINY[3]
78.125 78.250 55 0 1 JUST[1]
78.250 78.375 65 10 1 DESTINY[1]
78.375 78.500 65 10 0 DESTINY[2]
78.500 78.750 55 0 0 DESTINY[3]
78.875 79.000 64 9 0 OR[1]
79.000 79.125 65 10 1 IS[1]
79.125 79.250 65 10 0 IT[1]
79.250 79.375 65 10 1 JUST[1]
79.375 79.500 65 10 0 A[1]
79.500 79.625 65 10 1 GAME[1]
79.625 79.750 65 10 0 IN[1]
79.750 80.000 65 10 0 MY[1]
80.000 80.125 65 10 1 MIND[1]
80.375 80.500 67 0 0 SHARONA[1]
80.500 80.625 67 0 1 SHARONA[2]
80.625 80.875 65 10 2 SHARONA[3]
80.875 81.125 64 9 1 NEVER[1]
81.125 81.250 65 10 0 NEVER[2]
81.250 81.375 65 10 1 GONNA[1]
81.375 81.500 65 10 0 GONNA[2]
81.500 81.750 55 0 1 STOP[1]
81.750 81.875 65 10 1 GIVE[1]
81.875 82.000 65 10 0 IT[1]
82.000 82.250 55 0 0 UP[1]
82.250 82.375 65 10 0 SUCH[1]
82.375 82.500 65 10 0 A[1]
82.500 82.625 65 10 1 DIRTY[1]
82.625 82.750 65 10 0 DIRTY[2]
82.750 82.875 65 10 1 MIND[1]
82.875 83.000 65 10 0 I[1]
83.000 83.125 65 10 1 ALWAYS[1]
83.125 83.250 65 10 2 ALWAYS[2]
83.250 83.375 65 10 1 GET[1]
83.375 83.500 65 10 0 IT[1]
83.500 83.750 55 0 0 UP[1]
83.750 83.875 65 10 0 FOR[1]
83.875 84.000 65 10 0 THE[1]
84.000 84.250 55 0 1 TOUCH[1]
84.250 84.375 65 10 0 OF[1]
84.375 84.500 65 10 0 THE[1]
84.500 84.625 65 10 1 YOUNGER[1]
84.625 84.750 65 10 0 YOUNGER[2]
84.750 84.875 65 10 1 KIND[1]
85.000 85.125 65 10 0 MY[1]
85.375 85.500 65 10 0 MY[1]
85.750 85.875 65 10 0 MY[1]
86.125 86.250 65 10 1 AYE[1]
86.500 86.750 67 0 1 AYE[1]
86.750 87.000 79 0 1 WHOA[1]
88.125 88.250 65 10 1 MA[1]
88.250 88.375 65 10 1 MA[1]
88.375 88.500 65 10 1 MA[1]
88.500 88.625 65 10 1 MA[1]
88.625 88.750 65 10 1 MA[1]
88.750 88.875 65 10 1 MA[1]
88.875 89.000 65 10 1 MA[1]
89.000 89.125 65 10 0 MY[1]
89.375 89.500 65 10 0 MY[1]
89.750 89.875 65 10 0 MY[1]
90.125 90.250 65 10 1 AYE[1]
90.500 90.750 67 0 1 AYE[1]
90.750 91.000 79 0 1 WHOA[1]
91.625 91.750 65 10 1 MA[1]
91.750 91.875 65 10 1 MA[1]
91.875 92.000 65 10 1 MA[1]
92.000 92.375 65 10 0 MY[1]
92.375 92.500 65 10 0 SHARONA[1]
92.500 92.625 65 10 1 SHARONA[2]
92.625 93.000 62 7 2 SHARONA[3]
93.625 93.750 65 10 1 MA[1]
93.750 93.875 65 10 1 MA[1]
93.875 94.000 65 10 1 MA[1]
94.000 94.375 65 10 0 MY[1]
94.375 94.500 65 10 0 SHARONA[1]
94.500 94.625 65 10 1 SHARONA[2]
94.625 95.000 62 7 2 SHARONA[3]
95.625 95.750 65 10 1 MA[1]
95.750 95.875 65 10 1 MA[1]
95.875 96.000 65 10 1 MA[1]
96.000 96.375 65 10 0 MY[1]
96.375 96.500 65 10 0 SHARONA[1]
96.500 96.625 65 10 1 SHARONA[2]
96.625 97.000 62 7 2 SHARONA[3]
97.625 97.750 65 10 1 MA[1]
97.750 97.875 65 10 1 MA[1]
97.875 98.000 65 10 1 MA[1]
98.000 98.375 65 10 0 MY[1]
98.375 98.500 65 10 0 SHARONA[1]
98.500 98.625 65 10 1 SHARONA[2]
98.625 166.000 62 7 2 SHARONA[3]
166.875 167.000 64 9 1 OH[1]
170.000 170.125 65 10 0 MY[1]
170.375 170.500 67 0 0 SHARONA[1]
170.500 170.625 67 0 1 SHARONA[2]
170.625 171.000 65 10 2 SHARONA[3]
171.500 171.750 64 9 1 OH[1]
174.000 174.125 65 10 0 MY[1]
174.375 174.500 67 0 0 SHARONA[1]
174.500 174.625 67 0 1 SHARONA[2]
174.625 175.000 65 10 2 SHARONA[3]
175.500 175.750 64 9 1 OH[1]
178.000 178.125 65 10 0 MY[1]
178.375 178.500 67 0 0 SHARONA[1]
178.500 178.625 67 0 1 SHARONA[2]
178.625 179.000 65 10 2 SHARONA[3]
