37.500 37.750 56 7 1 THERE'S[1]
37.750 38.000 55 6 1 JUST[1]
38.000 38.500 58 9 0 ONE[1]
38.500 38.750 56 7 1 PLACE[1]
38.750 38.875 56 7 0 FOR[1]
38.875 40.000 53 4 0 ME[1]
40.000 40.250 52 3 0 NEAR[1]
40.250 41.250 53 4 0 YOU[1]
41.500 41.750 53 4 1 IT'S[1]
41.750 42.000 52 3 0 LIKE[1]
42.000 42.500 54 5 1 HEAVEN[1]
42.500 42.750 53 4 0 HEAVEN[2]
42.750 42.875 52 3 0 TO[1]
42.875 44.000 51 2 1 BE[1]
44.000 44.250 48 11 0 NEAR[1]
44.250 45.250 49 0 0 YOU[1]
46.000 46.375 48 11 1 TIMES[1]
46.375 46.625 49 0 0 WHEN[1]
46.625 46.750 51 2 1 WE'RE[1]
46.750 46.875 53 4 0 APART[1]
46.875 47.875 54 5 1 APART[2]
47.875 48.250 58 9 0 I[1]
48.250 48.500 56 7 1 CAN'T[1]
48.500 48.750 55 6 1 FACE[1]
48.750 48.875 58 9 0 MY[1]
48.875 49.500 56 7 1 HEART[1]
50.000 50.375 51 2 1 SAY[1]
50.375 50.625 53 4 1 YOU'LL[1]
50.625 50.750 55 6 1 NEVER[1]
50.750 51.000 56 7 0 NEVER[2]
51.000 51.750 58 9 1 STRAY[1]
51.750 51.875 58 9 0 MORE[1]
51.875 52.000 59 10 0 THAN[1]
52.000 52.250 60 11 1 JUST[1]
52.250 52.500 58 9 1 TWO[1]
52.500 52.750 54 5 1 LIPS[1]
52.750 52.875 53 4 0 AWAY[1]
52.875 53.000 53 4 1 AWAY[2]
53.667 53.833 56 7 0 IF[1]
53.833 54.000 55 6 0 MY[1]
54.000 54.500 58 9 1 LIFE[1]
54.500 54.750 56 7 0 COULD[1]
54.750 55.000 55 6 1 BE[1]
55.000 56.000 54 5 1 SPENT[1]
56.000 56.250 52 3 0 NEAR[1]
56.250 57.250 53 4 0 YOU[1]
57.500 57.750 53 4 1 I'D[1]
57.750 57.875 52 3 1 BE[1]
57.875 58.500 54 5 0 MORE[1]
58.500 58.750 53 4 0 THAN[1]
58.750 58.875 52 3 1 CONTENT[1]
58.875 60.000 51 2 0 CONTENT[2]
60.000 60.250 48 11 0 NEAR[1]
60.250 61.250 49 0 0 YOU[1]
62.000 62.375 51 2 1 MAKE[1]
62.375 62.500 50 1 0 MY[1]
62.500 62.750 51 2 1 WISH[1]
62.750 62.875 53 4 1 COME[1]
62.875 63.500 51 2 1 TRUE[1]
63.750 64.000 60 11 0 BY[1]
64.000 64.125 58 9 1 TELLING[1]
64.125 64.375 56 7 0 TELLING[2]
64.375 64.750 53 4 0 ME[1]
64.750 65.000 49 0 0 THAT[1]
65.000 65.500 48 11 0 YOU[1]
65.500 65.750 58 9 1 WANT[1]
65.750 66.000 59 10 0 TO[1]
66.000 66.500 60 11 1 SPEND[1]
66.500 66.750 58 9 0 ALL[1]
66.750 66.875 56 7 0 YOUR[1]
66.875 68.000 54 5 1 DAYS[1]
68.000 68.250 51 2 0 NEAR[1]
68.250 69.500 49 0 0 ME[1]
