55.750 55.875 58 7 0 LIKE[1]
55.875 56.000 58 7 0 THE[1]
56.000 56.125 58 7 1 BEAT[1]
56.250 56.375 58 7 1 BEAT[1]
56.500 56.625 58 7 1 BEAT[1]
56.750 56.875 58 7 0 OF[1]
56.875 57.000 58 7 0 THE[1]
57.000 57.250 58 7 1 TOM[1]
57.250 57.500 58 7 1 TOM[1]
57.750 57.875 58 7 0 WHEN[1]
57.875 58.000 58 7 0 THE[1]
58.000 58.250 58 7 1 JUNGLE[1]
58.250 58.500 58 7 0 JUNGLE[2]
58.500 58.625 58 7 1 SHADOWS[1]
58.625 58.875 58 7 2 SHADOWS[2]
58.875 59.500 58 7 1 FALL[1]
59.625 59.875 58 7 0 LIKE[1]
59.875 60.000 58 7 0 THE[1]
60.000 60.125 58 7 1 TICK[1]
60.250 60.375 58 7 1 TICK[1]
60.500 60.625 58 7 1 TOCK[1]
60.750 60.875 58 7 0 OF[1]
60.875 61.000 58 7 0 THE[1]
61.000 61.125 58 7 1 STATELY[1]
61.250 61.375 58 7 0 STATELY[2]
61.375 61.625 58 7 1 CLOCK[1]
61.750 61.875 58 7 0 AS[1]
61.875 62.000 58 7 0 IT[1]
62.125 62.375 58 7 1 STANDS[1]
62.375 62.500 58 7 0 AGAINST[1]
62.500 62.750 58 7 1 AGAINST[2]
62.750 62.875 58 7 0 THE[1]
62.875 63.500 58 7 1 WALL[1]
63.750 63.875 58 7 0 LIKE[1]
63.875 64.000 58 7 0 THE[1]
64.000 64.125 59 7 1 DRIP[1]
64.250 64.375 59 7 1 DRIP[1]
64.500 64.625 59 7 1 DRIP[1]
64.625 64.875 59 7 0 OF[1]
64.875 65.000 56 4 0 THE[1]
65.000 65.125 59 7 1 RAINDROPS[1]
65.250 65.375 59 7 2 RAINDROPS[2]
65.750 65.875 59 7 0 WHEN[1]
65.875 66.000 59 7 0 THE[1]
66.000 66.125 60 7 1 SUMMER[1]
66.125 66.375 60 7 0 SUMMER[2]
66.375 66.750 60 7 1 SHOWER(1)[1]
66.750 67.000 57 4 1 IS[1]
67.000 67.500 60 7 0 THROUGH[1]
67.750 67.875 59 6 0 SO[1]
67.875 68.000 59 6 0 A[1]
68.000 68.250 58 7 1 VOICE[1]
68.250 68.375 58 7 0 WITHIN[1]
68.375 68.750 58 7 1 WITHIN[2]
68.750 69.000 58 7 0 ME[1]
69.000 69.250 58 7 1 KEEPS[1]
69.250 69.500 58 7 0 REPEATING[1]
69.500 69.750 58 7 1 REPEATING[2]
69.750 70.000 58 7 0 REPEATING[3]
70.000 70.250 58 7 0 YOU[1]
70.500 70.750 58 7 0 YOU[1]
71.000 71.250 58 7 0 YOU[1]
71.500 71.750 58 7 1 NIGHT[1]
71.750 71.875 58 7 0 AND[1]
71.875 73.000 58 7 1 DAY[1]
73.500 73.667 56 5 0 YOU[1]
73.667 73.833 55 4 1 ARE[1]
73.833 74.000 54 3 0 THE[1]
74.000 75.000 55 4 0 ONE[1]
75.500 75.750 58 7 1 ONLY[1]
75.750 75.875 58 7 0 ONLY[2]
75.875 76.250 58 7 0 YOU[1]
76.250 76.500 58 7 0 BENEATH[1]
76.500 76.750 58 7 1 BENEATH[2]
76.750 76.875 58 7 0 THE[1]
76.875 77.250 58 7 1 MOON[1]
77.250 77.500 56 5 0 AND[1]
77.500 77.667 56 5 1 UNDER[1]
77.667 77.833 55 4 0 UNDER[2]
77.833 78.125 54 3 0 THE[1]
78.125 79.000 55 4 1 SUN[1]
79.500 79.750 55 4 1 WHETHER[1]
79.750 79.875 55 4 0 WHETHER[2]
79.875 80.250 55 4 0 NEAR[1]
80.250 80.375 55 4 0 TO[1]
80.375 80.625 55 4 0 ME[1]
80.625 80.875 55 4 0 OR[1]
80.875 81.500 54 3 1 FAR[1]
81.625 81.875 54 3 1 IT'S[1]
81.875 82.167 54 3 0 NO[1]
82.167 82.333 53 2 1 MATTER[1]
82.333 82.500 53 2 0 MATTER[2]
82.500 82.625 53 2 1 DARLING[1]
82.625 82.875 53 2 0 DARLING[2]
82.875 83.250 53 2 0 WHERE[1]
83.250 83.375 52 1 0 YOU[1]
83.375 83.750 51 0 1 ARE[1]
83.750 84.000 50 11 0 I[1]
84.000 84.250 48 9 1 THINK[1]
84.250 84.375 47 8 0 OF[1]
84.375 85.000 46 7 0 YOU[1]
85.500 85.750 58 7 1 NIGHT[1]
85.750 86.000 58 7 0 AND[1]
86.000 87.000 58 7 1 DAY[1]
87.500 87.750 58 7 1 DAY[1]
87.750 87.875 58 7 0 AND[1]
87.875 89.250 58 7 1 NIGHT[1]
89.500 89.667 56 5 1 WHY[1]
89.667 89.833 55 4 1 IS[1]
89.833 90.000 54 3 0 IT[1]
90.250 91.000 55 4 0 SO[1]
91.500 91.750 58 7 0 THAT[1]
91.750 92.000 58 7 0 THIS[1]
92.000 92.125 58 7 1 LONGING[1]
92.125 92.500 58 7 0 LONGING[2]
92.500 92.750 58 7 0 FOR[1]
92.750 93.000 58 7 0 YOU[1]
93.000 93.167 59 8 1 FOLLOWS[1]
93.167 93.333 60 9 0 FOLLOWS[2]
93.333 93.500 58 7 0 WHEREVER[1]
93.500 93.667 56 5 1 WHEREVER[2]
93.667 93.833 55 4 0 WHEREVER[3]
93.833 94.125 54 3 0 I[1]
94.125 95.000 55 4 1 GO[1]
95.500 95.750 55 4 0 IN[1]
95.750 95.875 55 4 0 THE[1]
95.875 96.125 55 4 1 ROARING[1]
96.125 96.500 55 4 0 ROARING[2]
96.500 96.625 55 4 1 TRAFFIC'S[1]
96.625 96.750 55 4 0 TRAFFIC'S[2]
97.000 97.500 54 3 1 BOOM[1]
97.625 97.875 54 3 0 IN[1]
97.875 98.000 54 3 0 THE[1]
98.000 98.125 53 2 1 SILENCE[1]
98.125 98.375 53 2 0 SILENCE[2]
98.375 98.625 53 2 0 OF[1]
98.625 98.875 53 2 0 MY[1]
98.875 99.125 53 2 1 LONELY[1]
99.125 99.375 52 1 0 LONELY[2]
99.375 99.625 51 0 1 ROOM[1]
99.625 100.167 50 11 0 I[1]
100.167 100.333 48 9 1 THINK[1]
100.333 100.500 47 8 0 OF[1]
100.500 101.000 46 7 0 YOU[1]
101.500 101.750 58 7 1 NIGHT[1]
101.750 102.000 58 7 0 AND[1]
102.000 103.000 58 7 1 DAY[1]
103.500 103.750 58 7 1 NIGHT[1]
103.750 104.000 58 7 0 AND[1]
104.000 105.250 61 10 1 DAY[1]
105.375 105.667 58 7 1 UNDER[1]
105.667 105.833 56 5 0 UNDER[2]
105.833 106.000 54 3 0 THE[1]
106.000 106.125 58 7 1 HIDE[1]
106.125 106.375 58 7 0 OF[1]
106.375 107.000 58 7 0 ME[1]
107.500 107.750 58 7 1 THERE'S[1]
107.750 107.875 58 7 0 AN[1]
107.875 108.125 61 10 1 OH[1]
108.125 108.375 63 0 0 SUCH[1]
108.375 108.500 61 10 0 A[1]
108.500 108.750 63 0 1 HUNGRY[1]
108.750 108.875 61 10 0 HUNGRY[2]
108.875 109.125 63 0 1 YEARNING[1]
109.125 109.500 61 10 0 YEARNING[2]
109.500 109.667 58 7 1 BURNING[1]
109.667 109.833 56 5 0 BURNING[2]
109.833 110.000 54 3 2 INSIDE[1]
110.000 110.250 58 7 1 INSIDE[2]
110.250 110.375 58 7 0 OF[1]
110.375 111.250 58 7 0 ME[1]
111.500 111.750 55 4 0 AND[1]
111.750 112.000 55 4 1 IT'S[1]
112.000 112.125 55 4 1 TORMENT[1]
112.125 112.500 55 4 2 TORMENT[2]
112.500 112.750 55 4 1 WON'T[1]
112.750 113.000 55 4 1 BE[1]
113.000 113.500 54 3 0 THROUGH[1]
113.625 113.875 54 3 1 'TIL[1]
113.875 114.000 51 0 0 YOU[1]
114.000 114.250 53 2 1 LET[1]
114.250 114.375 53 2 0 ME[1]
114.375 114.625 53 2 1 SPEND[1]
114.625 114.875 53 2 0 MY[1]
114.875 115.125 53 2 1 LIFE[1]
115.125 115.250 52 1 1 MAKING[1]
115.250 115.375 51 0 0 MAKING[2]
115.375 115.625 62 11 1 LOVE[1]
115.625 115.750 61 10 0 TO[1]
115.750 116.000 60 9 0 YOU[1]
116.000 116.125 58 7 1 DAY[1]
116.125 116.375 58 7 0 AND[1]
116.375 117.000 58 7 1 NIGHT[1]
117.500 117.750 63 0 1 NIGHT[1]
117.750 117.875 63 0 0 AND[1]
117.875 127.000 63 0 1 DAY[1]
