4.0000 4.5000 58 0 1 OH[1]
4.5000 4.7500 58 0 0 MY[1]
4.7500 5.0000 58 0 1 PAPA[1]
5.0000 5.7500 58 0 2 PAPA[2]
5.8750 6.0000 58 0 0 TO[1]
6.0000 6.3750 62 4 0 ME[1]
6.3750 6.5000 60 2 0 HE[1]
6.5000 6.8750 62 4 1 WAS[1]
6.8750 7.0000 58 0 0 SO[1]
7.0000 7.2500 57 11 1 WONDERFUL[1]
7.2500 7.4375 60 2 0 WONDERFUL[2]
7.4375 7.7500 63 5 0 WONDERFUL[3]
8.0000 8.5000 57 11 1 OH[1]
8.5000 8.7500 57 11 0 MY[1]
8.7500 9.0000 55 9 1 PAPA[1]
9.0000 9.7500 53 7 2 PAPA[2]
9.8750 10.0000 55 9 0 TO[1]
10.0000 10.3750 57 11 0 ME[1]
10.3750 10.5000 58 0 0 HE[1]
10.5000 10.8750 60 2 1 WAS[1]
10.8750 11.0000 57 11 0 SO[1]
11.0000 11.7500 58 0 1 GOOD[1]
12.0000 12.5000 58 0 0 NO[1]
12.5000 12.7500 58 0 0 ONE[1]
12.7500 13.0000 58 0 0 COULD[1]
13.0000 13.7500 58 0 1 BE[1]
13.8750 14.0000 58 0 0 SO[1]
14.0000 14.3750 62 4 1 GENTLE[1]
14.3750 14.5000 60 2 0 GENTLE[2]
14.5000 14.8750 62 4 0 AND[1]
14.8750 15.0000 58 0 0 SO[1]
15.0000 15.2500 57 11 1 LOVABLE[1]
15.2500 15.4375 60 2 0 LOVABLE[2]
15.4375 15.7500 63 5 0 LOVABLE[3]
16.0000 16.5000 57 11 1 OH[1]
16.5000 16.9375 57 11 0 MY[1]
16.9375 17.0000 55 9 1 PAPA[1]
17.0000 17.7500 53 7 2 PAPA[2]
17.8750 18.0000 55 9 0 HE[1]
18.0000 18.2500 57 11 1 ALWAYS[1]
18.2500 18.3750 58 0 2 ALWAYS[2]
18.3750 18.8750 60 2 2 UNDERSTOOD[1]
18.8750 19.0000 62 4 0 UNDERSTOOD[2]
19.0000 19.7500 58 0 1 UNDERSTOOD[3]
20.0000 20.5000 62 4 1 GONE[1]
20.5000 20.8750 62 4 1 ARE[1]
20.8750 20.9375 62 4 0 THE[1]
20.9375 21.7500 62 4 1 DAYS[1]
21.8750 22.1250 62 4 0 WHEN[1]
22.1250 22.3750 62 4 0 HE[1]
22.3750 22.5000 65 7 0 COULD[1]
22.5000 22.7500 63 5 1 TAKE[1]
22.7500 22.8750 62 4 0 ME[1]
22.8750 23.2500 60 2 0 ON[1]
23.2500 23.5000 57 11 0 HIS[1]
23.5000 23.7500 53 7 1 KNEE[1]
24.0000 24.5000 62 4 0 AND[1]
24.5000 24.8750 62 4 0 WITH[1]
24.8750 25.0000 62 4 0 A[1]
25.0000 25.7500 62 4 1 SMILE[1]
25.8750 26.0000 62 4 1 HE'D[1]
26.0000 26.2500 61 11 1 CHANGE[1]
26.2500 26.5000 61 11 0 MY[1]
26.5000 26.7500 62 0 1 TEARS[1]
26.7500 27.0000 64 2 0 TO[1]
27.0000 27.5000 62 4 1 LAUGHTER[1]
27.5000 27.7500 60 2 0 LAUGHTER[2]
27.8750 28.5000 58 0 1 OH[1]
28.5000 28.7500 58 0 0 MY[1]
28.7500 29.0000 58 0 1 PAPA[1]
29.0000 29.7500 58 0 2 PAPA[2]
29.8750 30.0000 58 0 0 SO[1]
30.1250 30.2500 62 4 1 FUNNY[1]
30.2500 30.5000 60 2 0 FUNNY[2]
30.5000 30.8750 62 4 0 SO[1]
30.8750 31.0000 58 0 0 ADORABLE[1]
31.0000 31.2500 57 11 1 ADORABLE[2]
31.2500 31.4375 60 2 0 ADORABLE[3]
31.4375 31.7500 63 5 0 ADORABLE[4]
32.0000 32.5000 57 11 1 ALWAYS[1]
32.5000 32.8750 57 11 2 ALWAYS[2]
32.8750 33.0000 55 9 0 THE[1]
33.0000 33.7500 53 7 1 CLOWN[1]
33.8750 34.1250 55 9 0 SO[1]
34.1250 34.2500 57 11 1 FUNNY[1]
34.2500 34.5000 58 0 0 FUNNY[2]
34.5000 34.8750 60 2 0 IN[1]
34.8750 35.0000 57 11 0 HIS[1]
35.0000 35.7500 58 0 1 WAY[1]
36.0000 36.5000 58 0 1 OH[1]
36.5000 36.7500 58 0 0 MY[1]
36.7500 37.0000 58 0 1 PAPA[1]
37.0000 37.7500 58 0 2 PAPA[2]
37.8750 38.0000 58 0 0 TO[1]
38.0000 38.3750 62 4 0 ME[1]
38.3750 38.5000 60 2 0 HE[1]
38.5000 38.8750 62 4 1 WAS[1]
38.8750 39.0000 58 0 0 SO[1]
39.0000 39.2500 57 11 1 WONDERFUL[1]
39.2500 39.5000 60 2 0 WONDERFUL[2]
39.5000 39.7500 63 5 0 WONDERFUL[3]
40.0000 40.5000 57 11 1 DEEP[1]
40.5000 40.7500 57 11 0 IN[1]
40.7500 41.0000 55 9 0 MY[1]
41.0000 41.5000 53 7 1 HEART[1]
41.7500 42.0000 55 9 0 I[1]
42.0000 42.1250 57 11 1 MISS[1]
42.1250 42.3750 58 0 0 HIM[1]
42.3750 42.8750 60 2 0 SO[1]
42.8750 43.0000 62 4 0 TODAY[1]
43.0000 52.0000 58 0 1 TODAY[2]
52.0000 52.5000 62 4 1 GONE[1]
52.5000 52.8750 62 4 1 ARE[1]
52.8750 52.9375 62 4 0 THE[1]
52.9375 53.7500 62 4 1 DAYS[1]
53.8750 54.1667 62 4 0 WHEN[1]
54.1667 54.3333 62 4 0 HE[1]
54.3333 54.5000 65 7 0 COULD[1]
54.5000 54.7500 63 5 1 TAKE[1]
54.7500 55.0000 62 4 0 ME[1]
55.0000 55.2500 60 2 0 ON[1]
55.2500 55.5000 57 11 0 HIS[1]
55.5000 55.7500 53 7 1 KNEE[1]
56.0000 56.5000 62 4 0 AND[1]
56.5000 56.8750 62 4 0 WITH[1]
56.8750 57.0000 62 4 0 A[1]
57.0000 57.7500 62 4 1 SMILE[1]
57.8750 58.0000 62 4 1 HE'D[1]
58.0000 58.2500 61 11 1 CHANGE[1]
58.2500 58.5000 61 11 0 MY[1]
58.5000 58.7500 62 0 1 TEARS[1]
58.7500 59.0000 64 2 0 TO[1]
59.0000 59.5000 65 7 1 LAUGHTER[1]
59.5000 59.7500 63 5 0 LAUGHTER[2]
60.0000 60.5000 58 0 1 OH[1]
60.5000 60.7500 58 0 0 MY[1]
60.7500 61.0000 58 0 1 PAPA[1]
61.0000 61.7500 58 0 2 PAPA[2]
61.8750 62.0000 58 0 0 TO[1]
62.0000 62.3750 62 4 0 ME[1]
62.3750 62.5000 60 2 0 HE[1]
62.5000 62.8750 62 4 1 WAS[1]
62.8750 63.0000 58 0 0 SO[1]
63.0000 63.2500 57 11 1 WONDERFUL[1]
63.2500 63.4375 60 2 0 WONDERFUL[2]
63.4375 63.7500 63 5 0 WONDERFUL[3]
64.0000 64.5000 57 11 1 DEEP[1]
64.5000 64.7500 57 11 0 IN[1]
64.7500 65.0000 55 9 0 MY[1]
65.0000 65.5000 53 7 1 HEART[1]
65.7500 66.0000 55 9 0 I[1]
66.0000 66.1250 57 11 1 MISS[1]
66.1250 66.5000 58 0 0 HIM[1]
66.5000 66.8750 60 2 0 SO[1]
66.8750 67.0000 62 4 0 TODAY[1]
67.0000 68.0000 62 4 1 TODAY[2]
68.2500 68.5000 62 4 1 OH[1]
68.5000 68.7500 62 4 0 MY[1]
68.7500 69.0000 62 4 1 PAPA[1]
69.0000 70.0000 63 5 2 PAPA[2]
70.2500 70.5000 63 5 1 OH[1]
70.5000 70.6250 63 5 0 MY[1]
70.7500 71.0000 66 8 1 PAPA[1]
71.0000 72.5000 65 7 2 PAPA[2]
