0.000 0.125 59 0 1 JOHNNIE[1]
0.125 0.250 61 2 0 JOHNNIE[2]
0.250 0.375 63 4 1 GET[1]
0.375 0.500 59 0 0 YOUR[1]
0.500 0.750 56 9 1 GUN[1]
0.750 0.875 56 9 1 GET[1]
0.875 1.000 54 7 0 YOUR[1]
1.000 1.250 56 9 1 GUN[1]
1.250 1.375 56 9 1 GET[1]
1.375 1.500 54 7 0 YOUR[1]
1.500 2.000 56 9 1 GUN[1]
2.000 2.125 61 2 1 TAKE[1]
2.125 2.250 63 4 0 IT[1]
2.250 2.375 64 5 0 ON[1]
2.375 2.500 61 2 0 THE[1]
2.500 2.750 56 9 1 RUN[1]
2.750 2.875 56 9 0 ON[1]
2.875 3.000 55 8 0 THE[1]
3.000 3.250 56 9 1 RUN[1]
3.250 3.375 56 9 0 ON[1]
3.375 3.500 55 8 0 THE[1]
3.500 4.000 56 9 1 RUN[1]
4.000 4.250 57 10 1 HEAR[1]
4.250 4.500 58 11 0 THEM[1]
4.500 4.750 63 4 1 CALLING[1]
4.750 5.000 61 2 0 CALLING[2]
5.000 5.250 58 11 0 YOU[1]
5.250 5.500 59 0 0 AND[1]
5.500 6.000 63 4 0 ME[1]
6.000 6.250 61 2 1 EVERY(1)[1]
6.250 6.500 59 0 0 EVERY(1)[2]
6.500 6.750 61 2 1 SON[1]
6.750 7.000 63 4 0 OF[1]
7.000 7.250 58 11 1 LIBERTY[1]
7.250 7.500 56 9 0 LIBERTY[2]
7.500 8.000 61 2 2 LIBERTY[3]
8.000 8.125 59 0 1 HURRY[1]
8.125 8.250 61 2 0 HURRY[2]
8.250 8.375 63 4 1 RIGHT[1]
8.375 8.500 59 0 0 AWAY[1]
8.500 8.750 56 9 1 AWAY[2]
8.750 8.875 68 9 0 NO[1]
8.875 9.000 54 7 0 DELAY[1]
9.000 9.250 56 9 1 DELAY[2]
9.250 9.375 56 9 1 GO[1]
9.375 9.500 54 7 0 TODAY[1]
9.500 10.000 56 9 1 TODAY[2]
10.000 10.125 61 2 1 MAKE[1]
10.125 10.250 63 4 0 YOUR[1]
10.250 10.375 64 5 1 DADDY[1]
10.375 10.500 61 2 0 DADDY[2]
10.500 10.750 56 9 1 GLAD[1]
10.750 10.875 61 2 0 TO[1]
10.875 11.000 63 4 1 HAVE[1]
11.000 11.250 64 5 1 HAD[1]
11.250 11.375 56 9 0 SUCH[1]
11.375 11.500 55 8 0 A[1]
11.500 12.000 56 9 1 LAD[1]
12.000 12.250 57 10 1 TELL[1]
12.250 12.500 58 11 0 YOUR[1]
12.500 12.750 63 4 1 SWEETHEART[1]
12.750 13.000 61 2 2 SWEETHEART[2]
13.000 13.250 58 11 1 NOT[1]
13.250 13.500 59 0 0 TO[1]
13.500 13.750 63 4 1 PINE[1]
13.750 13.875 58 11 0 TO[1]
13.875 14.000 59 0 1 BE[1]
14.000 14.250 61 2 1 PROUD[1]
14.250 14.500 61 2 0 HER[1]
14.500 14.750 61 2 1 BOY'S[1]
14.750 15.000 61 2 0 IN[1]
15.000 15.500 61 2 1 LINE[1]
15.750 15.875 63 4 1 OVER[1]
15.875 16.000 54 7 0 OVER[2]
16.000 16.750 59 0 1 THERE[1]
16.750 16.875 63 4 1 OVER[1]
16.875 17.000 54 7 0 OVER[2]
17.000 17.750 59 0 1 THERE[1]
17.750 17.875 63 4 1 SEND[1]
17.875 18.000 54 7 0 THE[1]
18.000 18.250 59 0 1 WORD[1]
18.250 18.375 63 4 1 SEND[1]
18.375 18.500 54 7 0 THE[1]
18.500 18.750 59 0 1 WORD[1]
18.750 18.875 63 4 1 OVER[1]
18.875 19.000 54 7 0 OVER[2]
19.000 19.750 59 0 1 THERE[1]
19.750 19.875 61 2 0 THAT[1]
19.875 20.000 63 4 0 THE[1]
20.000 20.250 64 5 1 YANKS[1]
20.250 20.500 63 4 1 ARE[1]
20.500 20.625 61 2 1 COMING[1]
20.625 20.875 66 7 0 COMING[2]
20.875 21.000 64 5 0 THE[1]
21.000 21.250 63 4 1 YANKS[1]
21.250 21.500 61 2 1 ARE[1]
21.500 21.625 59 0 1 COMING[1]
21.625 21.875 63 4 0 COMING[2]
21.875 22.000 59 0 0 THE[1]
22.000 22.250 61 2 1 DRUMS[1]
22.250 22.500 61 2 0 RUM-TUMMING[1]
22.500 22.625 59 0 1 RUM-TUMMING[2]
22.625 22.750 58 11 0 RUM-TUMMING[3]
22.750 22.875 59 0 1 EVERYWHERE[1]
22.875 23.000 56 9 0 EVERYWHERE[2]
23.000 23.500 61 2 2 EVERYWHERE[3]
23.750 23.875 63 4 0 SO[1]
23.875 24.000 54 7 0 PREPARE[1]
24.000 24.750 59 0 1 PREPARE[2]
24.750 24.875 63 4 1 SAY[1]
24.875 25.000 54 7 0 A[1]
25.000 25.750 59 0 1 PRAYER[1]
25.750 25.875 63 4 1 SEND[1]
25.875 26.000 54 7 0 THE[1]
26.000 26.250 59 0 1 WORD[1]
26.250 26.375 63 4 1 SEND[1]
26.375 26.500 54 7 0 THE[1]
26.500 26.750 59 0 1 WORD[1]
26.750 26.875 63 4 0 TO[1]
26.875 27.000 54 7 0 BEWARE[1]
27.000 27.750 59 0 1 BEWARE[2]
27.750 27.875 63 4 1 WE'LL[1]
27.875 28.000 61 2 1 BE[1]
28.000 28.500 59 0 1 OVER[1]
28.500 28.625 54 7 0 OVER[2]
28.625 28.750 63 4 1 WE'RE[1]
28.750 28.875 61 2 1 COMING[1]
28.875 29.000 59 0 0 COMING[2]
29.000 29.500 61 2 1 OVER[1]
29.500 29.750 54 7 0 OVER[2]
29.750 29.875 56 9 0 AND[1]
29.875 30.000 58 11 0 WE[1]
30.000 30.250 59 0 1 WON'T[1]
30.250 30.500 59 0 1 COME[1]
30.500 30.750 59 0 1 BACK[1]
30.750 30.875 59 0 0 TILL[1]
30.875 31.000 59 0 1 IT'S[1]
31.000 31.125 59 0 1 OVER[1]
31.125 31.250 58 11 0 OVER[2]
31.250 31.375 56 9 1 OVER[1]
31.375 31.500 58 11 0 OVER[2]
31.500 31.750 59 0 1 THERE[1]
36.000 36.125 59 0 1 JOHNNIE[1]
36.125 36.250 61 2 0 JOHNNIE[2]
36.250 36.375 63 4 1 GET[1]
36.375 36.500 59 0 0 YOUR[1]
36.500 36.750 56 9 1 GUN[1]
36.750 36.875 56 9 1 GET[1]
36.875 37.000 54 7 0 YOUR[1]
37.000 37.250 56 9 1 GUN[1]
37.250 37.375 56 9 1 GET[1]
37.375 37.500 54 7 0 YOUR[1]
37.500 38.000 56 9 1 GUN[1]
38.000 38.125 61 2 1 JOHNNIE[1]
38.125 38.250 63 4 0 JOHNNIE[2]
38.250 38.375 64 5 1 SHOW[1]
38.375 38.500 61 2 0 THE[1]
38.500 38.750 56 9 1 HUN[1]
38.750 38.875 61 2 1 YOU'RE[1]
38.875 39.000 63 4 0 A[1]
39.000 39.125 64 5 1 SON[1]
39.125 39.375 56 9 0 OF[1]
39.375 39.500 55 8 0 A[1]
39.500 40.000 56 9 1 GUN[1]
40.000 40.250 57 10 1 HOIST[1]
40.250 40.500 58 11 0 THE[1]
40.500 40.750 63 4 1 FLAG[1]
40.750 41.000 61 2 0 AND[1]
41.000 41.250 58 11 1 LET[1]
41.250 41.500 59 0 0 HER[1]
41.500 42.000 63 4 1 FLY[1]
42.000 42.250 61 2 1 YANKEE[1]
42.250 42.500 59 0 0 YANKEE[2]
42.500 42.750 61 2 1 DOODLE[1]
42.750 43.000 63 4 0 DOODLE[2]
43.000 43.250 58 11 1 DO[1]
43.250 43.500 56 9 0 OR[1]
43.500 44.000 61 2 1 DIE[1]
44.000 44.125 59 0 1 PACK[1]
44.125 44.250 61 2 0 YOUR[1]
44.250 44.375 63 4 1 LITTLE[1]
44.375 44.500 59 0 0 LITTLE[2]
44.500 44.750 56 9 1 KIT[1]
44.750 44.875 68 9 1 SHOW[1]
44.875 45.000 54 7 0 YOUR[1]
45.000 45.250 56 9 1 GRIT[1]
45.250 45.375 56 9 1 DO[1]
45.375 45.500 54 7 0 YOUR[1]
45.500 46.000 56 9 1 BIT[1]
46.000 46.125 61 2 1 YANKEE[1]
46.125 46.250 63 4 0 YANKEE[2]
46.250 46.375 64 5 0 TO[1]
46.375 46.500 61 2 0 THE[1]
46.500 46.750 56 9 1 RANKS[1]
46.750 46.875 56 9 0 FROM[1]
46.875 47.000 55 8 0 THE[1]
47.000 47.250 56 9 1 TOWNS[1]
47.250 47.375 56 9 0 AND[1]
47.375 47.500 55 8 0 THE[1]
47.500 47.750 56 9 1 TANKS[1]
48.000 48.250 57 10 1 MAKE[1]
48.250 48.500 58 11 0 YOUR[1]
48.500 48.750 63 4 1 MOTHER[1]
48.750 49.000 61 2 0 MOTHER[2]
49.000 49.250 58 11 1 PROUD[1]
49.250 49.500 59 0 0 OF[1]
49.500 49.750 63 4 0 YOU[1]
49.750 49.875 58 11 0 AND[1]
49.875 50.000 59 0 0 THE[1]
50.000 50.250 61 2 1 OLD[1]
50.250 50.500 61 2 1 RED[1]
50.500 50.750 61 2 1 WHITE[1]
50.750 51.000 61 2 0 AND[1]
51.000 51.500 61 2 1 BLUE[1]
67.750 67.875 63 4 1 OVER[1]
67.875 68.000 54 7 0 OVER[2]
68.000 68.750 59 0 1 THERE[1]
68.750 68.875 63 4 1 OVER[1]
68.875 69.000 54 7 0 OVER[2]
69.000 69.750 59 0 1 THERE[1]
69.750 69.875 63 4 1 SEND[1]
69.875 70.000 54 7 0 THE[1]
70.000 70.250 59 0 1 WORD[1]
70.250 70.375 63 4 1 SEND[1]
70.375 70.500 54 7 0 THE[1]
70.500 70.750 59 0 1 WORD[1]
70.750 70.875 63 4 1 OVER[1]
70.875 71.000 54 7 0 OVER[2]
71.000 71.750 59 0 1 THERE[1]
71.750 71.875 61 2 0 THAT[1]
71.875 72.000 63 4 0 THE[1]
72.000 72.250 64 5 1 YANKS[1]
72.250 72.500 63 4 1 ARE[1]
72.500 72.625 61 2 1 COMING[1]
72.625 72.875 66 7 0 COMING[2]
72.875 73.000 64 5 0 THE[1]
73.000 73.250 63 4 1 YANKS[1]
73.250 73.500 61 2 1 ARE[1]
73.500 73.625 59 0 1 COMING[1]
73.625 73.875 63 4 0 COMING[2]
73.875 74.000 59 0 0 THE[1]
74.000 74.250 61 2 1 DRUMS[1]
74.250 74.500 61 2 0 RUM-TUMMING[1]
74.500 74.625 59 0 1 RUM-TUMMING[2]
74.625 74.750 58 11 0 RUM-TUMMING[3]
74.750 74.875 59 0 1 EVERYWHERE[1]
74.875 75.000 56 9 0 EVERYWHERE[2]
75.000 75.500 61 2 2 EVERYWHERE[3]
75.750 75.875 63 4 0 SO[1]
75.875 76.000 54 7 0 PREPARE[1]
76.000 76.750 59 0 1 PREPARE[2]
76.750 76.875 63 4 1 SAY[1]
76.875 77.000 54 7 0 A[1]
77.000 77.750 59 0 1 PRAYER[1]
77.750 77.875 63 4 1 SEND[1]
77.875 78.000 54 7 0 THE[1]
78.000 78.250 59 0 1 WORD[1]
78.250 78.375 63 4 1 SEND[1]
78.375 78.500 54 7 0 THE[1]
78.500 78.750 59 0 1 WORD[1]
78.750 78.875 63 4 0 TO[1]
78.875 79.000 54 7 0 BEWARE[1]
79.000 79.750 59 0 1 BEWARE[2]
79.750 79.875 63 4 1 WE'LL[1]
79.875 80.000 61 2 1 BE[1]
80.000 80.500 59 0 1 OVER[1]
80.500 80.625 54 7 0 OVER[2]
80.625 80.750 63 4 1 WE'RE[1]
80.750 80.875 61 2 1 COMING[1]
80.875 81.000 59 0 0 COMING[2]
81.000 81.500 61 2 1 OVER[1]
81.500 81.750 54 7 0 OVER[2]
81.750 81.875 56 9 0 AND[1]
81.875 82.000 58 11 0 WE[1]
82.000 82.250 59 0 1 WON'T[1]
82.250 82.500 59 0 1 COME[1]
82.500 82.750 59 0 1 BACK[1]
82.750 82.875 59 0 0 TILL[1]
82.875 83.000 59 0 1 IT'S[1]
83.000 83.125 59 0 1 OVER[1]
83.125 83.250 58 11 0 OVER[2]
83.250 83.375 56 9 1 OVER[1]
83.375 83.500 58 11 0 OVER[2]
83.500 83.750 59 0 1 THERE[1]
