7.8750 8.0000 64 0 1 I'M[1]
8.0000 8.1250 71 7 1 SAYING[1]
8.1250 8.2500 71 7 0 SAYING[2]
8.2500 8.3750 69 5 0 ALL[1]
8.3750 8.5000 69 5 0 THE[1]
8.5000 8.6250 67 3 1 THINGS[1]
8.7500 8.8750 64 0 0 THAT[1]
8.8750 9.0000 57 5 0 I[1]
9.0000 9.1250 59 7 1 KNOW[1]
9.1250 9.2500 62 10 1 YOU'LL[1]
9.3750 9.7500 62 10 0 LIKE[1]
9.8750 10.0000 69 5 1 MAKING[1]
10.1250 10.2500 71 7 0 MAKING[2]
10.2500 10.3750 69 5 1 GOOD[1]
10.5000 10.6250 67 3 2 CONVERSATION[1]
10.7500 10.8750 64 0 0 CONVERSATION[2]
10.8750 11.0000 57 5 1 CONVERSATION[3]
11.1250 11.2500 62 10 0 CONVERSATION[4]
12.1250 12.2500 71 7 0 I[1]
12.2500 12.3750 69 5 1 GOTTA[1]
12.3750 12.5000 69 5 0 GOTTA[2]
12.5000 12.6250 67 3 1 HANDLE[1]
12.7500 12.8750 64 0 0 HANDLE[2]
13.0000 13.1250 62 10 0 YOU[1]
13.1250 13.3750 62 10 1 JUST[1]
13.3750 13.7500 63 11 1 RIGHT[1]
14.1250 14.2500 67 3 0 YOU[1]
14.2500 14.3750 67 3 1 KNOW[1]
14.5000 14.6250 67 3 0 WHAT[1]
14.6250 14.8750 69 5 0 I[1]
14.8750 15.2500 71 7 1 MEAN[1]
15.8750 16.0000 64 0 0 I[1]
16.0000 16.1250 69 5 1 TOOK[1]
16.1250 16.2500 71 7 0 YOU[1]
16.2500 16.3750 69 5 0 TO[1]
16.3750 16.5000 69 5 0 AN[1]
16.5000 16.6250 67 3 1 INTIMATE[1]
16.6250 16.7500 67 3 0 INTIMATE[2]
16.7500 16.8750 64 0 0 INTIMATE[3]
17.0000 17.2500 64 0 1 RESTAURANT[1]
17.2500 17.3750 59 7 0 RESTAURANT[2]
17.3750 17.7500 62 10 2 RESTAURANT[3]
17.8750 18.0000 69 5 0 THEN[1]
18.1250 18.2500 71 7 0 TO[1]
18.2500 18.3750 69 5 0 A[1]
18.3750 18.5000 69 5 0 SUGGESTIVE[1]
18.5000 18.6250 67 3 1 SUGGESTIVE[2]
18.7500 18.8750 64 0 0 SUGGESTIVE[3]
18.8750 19.0000 57 5 1 MOVIE[1]
19.1250 19.5000 62 10 0 MOVIE[2]
20.1250 20.2500 71 7 1 THERE'S[1]
20.2500 20.3750 69 5 1 NOTHING[1]
20.3750 20.5000 69 5 0 NOTHING[2]
20.5000 20.6250 67 3 1 LEFT[1]
20.7500 20.8750 64 0 0 TO[1]
20.8750 21.0000 59 7 1 TALK[1]
21.2500 21.3750 62 10 0 ABOUT[1]
21.3750 21.6667 63 11 1 ABOUT[2]
21.6667 21.8333 59 7 1 'LESS[1]
21.8333 22.0000 59 7 1 IT'S[1]
22.1250 22.2500 67 3 2 HORIZONTALLY[1]
22.3750 22.5000 64 0 0 HORIZONTALLY[2]
22.5000 22.7500 67 3 1 HORIZONTALLY[3]
22.7500 22.8750 69 5 0 HORIZONTALLY[4]
22.8750 23.2500 71 7 0 HORIZONTALLY[5]
23.5000 23.6250 64 0 1 LET'S[1]
23.7500 23.8750 64 0 1 GET[1]
24.0000 24.1250 71 7 1 PHYSICAL[1]
24.1250 24.2500 71 7 0 PHYSICAL[2]
24.2500 24.5000 69 5 0 PHYSICAL[3]
24.6250 24.7500 71 7 1 PHYSICAL[1]
24.7500 24.8750 70 6 0 PHYSICAL[2]
24.8750 25.0000 69 5 0 PHYSICAL[3]
25.3750 25.5000 67 3 0 I[1]
25.5000 25.6250 67 3 1 WANT[1]
25.6250 25.7500 67 3 0 TO[1]
25.7500 25.8750 69 5 1 GET[1]
26.0000 26.1250 71 7 1 PHYSICAL[1]
26.1250 26.2500 71 7 0 PHYSICAL[2]
26.2500 26.3750 69 5 0 PHYSICAL[3]
26.8750 26.9375 69 5 1 LET'S[1]
27.1250 27.1875 69 5 1 GET[1]
27.2500 27.3750 69 5 1 INTO[1]
27.3750 27.5000 67 3 0 INTO[2]
27.5000 27.6250 69 5 1 PHYSICAL[1]
27.6250 27.7500 69 5 0 PHYSICAL[2]
27.7500 27.8750 67 3 0 PHYSICAL[3]
28.0000 28.0625 69 5 1 LET[1]
28.1250 28.2500 71 7 0 ME[1]
28.2500 28.3750 69 5 1 HEAR[1]
28.3750 28.5000 67 3 0 YOUR[1]
28.5000 28.6250 69 5 1 BODY[1]
28.6250 28.7500 69 5 0 BODY[2]
28.7500 28.8750 67 3 1 TALK[1]
29.3750 29.5000 64 0 0 YOUR[1]
29.5000 29.6250 67 3 1 BODY[1]
29.6250 29.7500 69 5 0 BODY[2]
29.7500 30.0000 67 3 1 TALK[1]
30.0000 30.0625 69 5 1 LET[1]
30.1250 30.2500 71 7 0 ME[1]
30.2500 30.3750 69 5 1 HEAR[1]
30.3750 30.5000 67 3 0 YOUR[1]
30.5000 30.6250 69 5 1 BODY[1]
30.6250 30.7500 69 5 0 BODY[2]
30.7500 30.8750 67 3 1 TALK[1]
31.5000 31.6250 67 3 1 LET'S[1]
31.7500 31.8750 69 5 1 GET[1]
32.0000 32.1250 71 7 1 PHYSICAL[1]
32.1250 32.2500 71 7 0 PHYSICAL[2]
32.2500 32.5000 69 5 0 PHYSICAL[3]
32.6250 32.7500 71 7 1 PHYSICAL[1]
32.7500 32.8750 70 6 0 PHYSICAL[2]
32.8750 33.0000 69 5 0 PHYSICAL[3]
33.3750 33.5000 67 3 0 I[1]
33.5000 33.6250 67 3 1 WANT[1]
33.6250 33.7500 67 3 0 TO[1]
33.7500 33.8750 69 5 1 GET[1]
34.0000 34.1250 71 7 1 PHYSICAL[1]
34.1250 34.2500 72 8 0 PHYSICAL[2]
34.2500 34.3125 69 5 0 PHYSICAL[3]
34.8750 34.9375 74 10 1 LET'S[1]
35.1250 35.2500 74 10 1 GET[1]
35.2500 35.3750 74 10 1 INTO[1]
35.3750 35.5000 76 0 0 INTO[2]
35.5000 35.6250 70 6 1 PHYSICAL[1]
35.6250 35.7500 69 5 0 PHYSICAL[2]
35.7500 35.8750 67 3 0 PHYSICAL[3]
36.0000 36.0625 69 5 1 LET[1]
36.1250 36.2500 71 7 0 ME[1]
36.2500 36.3750 69 5 1 HEAR[1]
36.3750 36.5000 67 3 0 YOUR[1]
36.5000 36.6250 69 5 1 BODY[1]
36.6250 36.7500 69 5 0 BODY[2]
36.7500 36.8750 67 3 1 TALK[1]
37.3750 37.5000 64 0 0 YOUR[1]
37.5000 37.6250 67 3 1 BODY[1]
37.6250 37.7500 69 5 0 BODY[2]
37.7500 38.0000 67 3 1 TALK[1]
38.0000 38.0625 69 5 1 LET[1]
38.1250 38.2500 71 7 0 ME[1]
38.2500 38.3750 69 5 1 HEAR[1]
38.3750 38.5000 67 3 0 YOUR[1]
38.5000 38.6250 69 5 1 BODY[1]
38.6250 38.7500 69 5 0 BODY[2]
38.7500 38.8750 67 3 1 TALK[1]
40.1250 40.2500 71 7 1 I'VE[1]
40.2500 40.3750 69 5 1 BEEN[1]
40.5000 40.6250 67 3 1 PATIENT[1]
40.7500 40.8750 64 0 0 PATIENT[2]
41.0000 41.1250 59 7 1 I'VE[1]
41.1250 41.2500 62 10 1 BEEN[1]
41.3750 41.7500 62 10 1 GOOD[1]
41.8750 42.0000 69 5 1 TRIED[1]
42.1250 42.2500 71 7 0 TO[1]
42.2500 42.3750 69 5 1 KEEP[1]
42.3750 42.5000 69 5 0 MY[1]
42.5000 42.6250 67 3 1 HANDS[1]
42.6250 42.7500 66 2 0 ON[1]
42.7500 42.8750 64 0 0 THE[1]
42.8750 43.0000 57 5 1 TABLE[1]
43.1250 43.2500 62 10 0 TABLE[2]
44.1250 44.2500 71 7 1 IT'S[1]
44.2500 44.3750 69 5 1 GETTIN'[1]
44.3750 44.5000 69 5 0 GETTIN'[2]
44.5000 44.6250 67 3 1 HARD[1]
44.7500 44.8750 64 0 0 THIS[1]
44.8750 45.0000 59 7 1 HOLDIN'[1]
45.2500 45.3750 62 10 0 HOLDIN'[2]
45.3750 45.7500 63 11 1 BACK[1]
46.1250 46.2500 67 3 0 YOU[1]
46.2500 46.3750 67 3 1 KNOW[1]
46.5000 46.6250 67 3 0 WHAT[1]
46.6250 46.8750 69 5 0 I[1]
46.8750 47.2500 71 7 1 MEAN[1]
47.8750 48.0000 64 0 1 I'M[1]
48.0000 48.1250 69 5 1 SURE[1]
48.1250 48.2500 71 7 1 YOU'LL[1]
48.2500 48.3750 69 5 2 UNDERSTAND[1]
48.3750 48.5000 69 5 0 UNDERSTAND[2]
48.5000 48.6250 67 3 1 UNDERSTAND[3]
48.7500 48.8750 64 0 0 MY[1]
49.0000 49.1250 64 0 1 POINT[1]
49.2500 49.3750 59 7 0 OF[1]
49.3750 49.7500 62 10 1 VIEW[1]
49.8750 50.0000 62 10 0 WE[1]
50.0000 50.1250 69 5 1 KNOW[1]
50.1250 50.2500 71 7 0 EACH[1]
50.2500 50.3750 69 5 1 OTHER[1]
50.3750 50.5000 69 5 0 OTHER[2]
50.5000 50.6250 67 3 1 MENTALLY[1]
50.7500 50.8750 64 0 0 MENTALLY[2]
50.8750 51.0000 57 5 0 MENTALLY[3]
52.1250 52.2500 74 10 0 YOU[1]
52.2500 52.3750 70 6 1 GOTTA[1]
52.3750 52.5000 69 5 0 GOTTA[2]
52.5000 52.6250 67 3 1 KNOW[1]
52.7500 52.8750 64 0 0 THAT[1]
52.8750 53.0000 59 7 1 YOU'RE[1]
53.0000 53.1250 59 7 1 BRINGIN'[1]
53.2500 53.3750 62 10 0 BRINGIN'[2]
53.3750 53.7500 63 11 0 OUT[1]
53.9375 54.0000 59 7 0 THE[1]
54.0000 54.1250 67 3 1 ANIMAL[1]
54.2500 54.3750 64 0 0 ANIMAL[2]
54.3750 54.6250 67 3 0 ANIMAL[3]
54.6250 54.8750 69 5 0 IN[1]
54.8750 55.2500 71 7 0 ME[1]
55.5000 55.6250 64 0 1 LET'S[1]
55.7500 55.8750 64 0 1 GET[1]
56.0000 56.1250 71 7 1 PHYSICAL[1]
56.1250 56.2500 71 7 0 PHYSICAL[2]
56.2500 56.5000 69 5 0 PHYSICAL[3]
56.6250 56.7500 71 7 1 PHYSICAL[1]
56.7500 56.8750 70 6 0 PHYSICAL[2]
56.8750 57.0000 69 5 0 PHYSICAL[3]
57.3750 57.5000 67 3 0 I[1]
57.5000 57.6250 67 3 1 WANT[1]
57.6250 57.7500 67 3 0 TO[1]
57.7500 57.8750 69 5 1 GET[1]
58.0000 58.1250 71 7 1 PHYSICAL[1]
58.1250 58.2500 71 7 0 PHYSICAL[2]
58.2500 58.3750 69 5 0 PHYSICAL[3]
58.8750 58.9375 69 5 1 LET'S[1]
59.1250 59.1875 69 5 1 GET[1]
59.2500 59.3750 69 5 1 INTO[1]
59.3750 59.5000 67 3 0 INTO[2]
59.5000 59.6250 69 5 1 PHYSICAL[1]
59.6250 59.7500 69 5 0 PHYSICAL[2]
59.7500 59.8750 67 3 0 PHYSICAL[3]
60.0000 60.0625 69 5 1 LET[1]
60.1250 60.2500 71 7 0 ME[1]
60.2500 60.3750 69 5 1 HEAR[1]
60.3750 60.5000 67 3 0 YOUR[1]
60.5000 60.6250 69 5 1 BODY[1]
60.6250 60.7500 69 5 0 BODY[2]
60.7500 60.8750 67 3 1 TALK[1]
61.3750 61.5000 64 0 0 YOUR[1]
61.5000 61.6250 67 3 1 BODY[1]
61.6250 61.7500 69 5 0 BODY[2]
61.7500 62.0000 67 3 1 TALK[1]
62.0000 62.0625 69 5 1 LET[1]
62.1250 62.2500 71 7 0 ME[1]
62.2500 62.3750 69 5 1 HEAR[1]
62.3750 62.5000 67 3 0 YOUR[1]
62.5000 62.6250 69 5 1 BODY[1]
62.6250 62.7500 69 5 0 BODY[2]
62.7500 62.8750 67 3 1 TALK[1]
63.5000 63.6250 67 3 1 LET'S[1]
63.7500 63.8750 69 5 1 GET[1]
64.0000 64.1250 71 7 1 PHYSICAL[1]
64.1250 64.2500 71 7 0 PHYSICAL[2]
64.2500 64.5000 69 5 0 PHYSICAL[3]
64.6250 64.7500 71 7 1 PHYSICAL[1]
64.7500 64.8750 70 6 0 PHYSICAL[2]
64.8750 65.0000 69 5 0 PHYSICAL[3]
65.3750 65.5000 67 3 0 I[1]
65.5000 65.6250 67 3 1 WANT[1]
65.6250 65.7500 67 3 0 TO[1]
65.7500 65.8750 69 5 1 GET[1]
66.0000 66.1250 71 7 1 PHYSICAL[1]
66.1250 66.2500 72 8 0 PHYSICAL[2]
66.2500 66.3125 69 5 0 PHYSICAL[3]
66.8750 66.9375 74 10 1 LET'S[1]
67.1250 67.2500 74 10 1 GET[1]
67.2500 67.3750 74 10 1 INTO[1]
67.3750 67.5000 76 0 0 INTO[2]
67.5000 67.6250 70 6 1 PHYSICAL[1]
67.6250 67.7500 69 5 0 PHYSICAL[2]
67.7500 67.8750 67 3 0 PHYSICAL[3]
68.0000 68.0625 69 5 1 LET[1]
68.1250 68.2500 71 7 0 ME[1]
68.2500 68.3750 69 5 1 HEAR[1]
68.3750 68.5000 67 3 0 YOUR[1]
68.5000 68.6250 69 5 1 BODY[1]
68.6250 68.7500 69 5 0 BODY[2]
68.7500 68.8750 67 3 1 TALK[1]
69.3750 69.5000 67 3 0 YOUR[1]
69.5000 69.6250 69 5 1 BODY[1]
69.6250 69.7500 69 5 0 BODY[2]
69.7500 70.0000 67 3 1 TALK[1]
70.0000 70.0625 69 5 1 LET[1]
70.1250 70.2500 71 7 0 ME[1]
70.2500 70.3750 69 5 1 HEAR[1]
70.3750 70.5000 67 3 0 YOUR[1]
70.5000 70.6250 69 5 1 BODY[1]
70.6250 70.7500 69 5 0 BODY[2]
70.7500 70.8750 67 3 1 TALK[1]
87.2500 87.3125 74 10 1 OH[1]
87.5000 87.5625 74 10 1 LET'S[1]
87.7500 88.0000 74 10 1 GET[1]
88.0000 88.1250 71 7 1 PHYSICAL[1]
88.1250 88.2500 70 6 0 PHYSICAL[2]
88.2500 88.3750 69 5 0 PHYSICAL[3]
88.6250 88.7500 71 7 1 PHYSICAL[1]
88.7500 88.8750 70 6 0 PHYSICAL[2]
88.8750 89.0000 69 5 0 PHYSICAL[3]
89.3750 89.5000 67 3 0 I[1]
89.5000 89.6250 67 3 1 WANT[1]
89.6250 89.7500 67 3 0 TO[1]
89.7500 89.8750 69 5 1 GET[1]
90.0000 90.1250 71 7 1 PHYSICAL[1]
90.1250 90.2500 72 8 0 PHYSICAL[2]
90.2500 90.3125 69 5 0 PHYSICAL[3]
90.8750 90.9375 74 10 1 LET'S[1]
91.1250 91.2500 74 10 1 GET[1]
91.2500 91.3750 74 10 1 INTO[1]
91.3750 91.5000 76 0 0 INTO[2]
91.5000 91.6250 70 6 1 PHYSICAL[1]
91.6250 91.7500 69 5 0 PHYSICAL[2]
91.7500 91.8750 67 3 0 PHYSICAL[3]
92.0000 92.0625 69 5 1 LET[1]
92.1250 92.2500 71 7 0 ME[1]
92.2500 92.3750 69 5 1 HEAR[1]
92.3750 92.5000 67 3 0 YOUR[1]
92.5000 92.6250 69 5 1 BODY[1]
92.6250 92.7500 69 5 0 BODY[2]
92.7500 92.8750 67 3 1 TALK[1]
93.3750 93.5000 64 0 0 YOUR[1]
93.5000 93.6250 67 3 1 BODY[1]
93.6250 93.7500 69 5 0 BODY[2]
93.7500 94.0000 67 3 1 TALK[1]
94.0000 94.0625 69 5 1 LET[1]
94.1250 94.2500 71 7 0 ME[1]
94.2500 94.3750 69 5 1 HEAR[1]
94.3750 94.5000 67 3 0 YOUR[1]
94.5000 94.6250 69 5 1 BODY[1]
94.6250 94.7500 69 5 0 BODY[2]
94.7500 94.8750 67 3 1 TALK[1]
95.5000 95.6250 76 0 1 LET'S[1]
95.7500 95.8750 74 10 1 GET[1]
96.0000 96.1250 71 7 1 ANIMAL[1]
96.1250 96.2500 70 6 0 ANIMAL[2]
96.2500 96.3750 69 5 0 ANIMAL[3]
96.6250 96.7500 71 7 1 ANIMAL[1]
96.7500 96.8750 70 6 0 ANIMAL[2]
96.8750 97.2500 69 5 0 ANIMAL[3]
97.3750 97.5000 67 3 0 I[1]
97.5000 97.6250 67 3 1 WANT[1]
97.6250 97.7500 67 3 0 TO[1]
97.7500 97.8750 69 5 1 GET[1]
98.0000 98.1250 71 7 1 ANIMAL[1]
98.1250 98.2500 72 8 0 ANIMAL[2]
98.2500 98.3125 69 5 0 ANIMAL[3]
98.8750 98.9375 74 10 1 LET'S[1]
99.1250 99.2500 74 10 1 GET[1]
99.2500 99.3750 74 10 1 INTO[1]
99.3750 99.5000 76 0 0 INTO[2]
99.5000 99.6250 70 6 1 ANIMAL[1]
99.6250 99.7500 69 5 0 ANIMAL[2]
99.7500 99.8750 67 3 0 ANIMAL[3]
100.0000 100.0625 69 5 1 LET[1]
100.1250 100.2500 71 7 0 ME[1]
100.2500 100.3750 69 5 1 HEAR[1]
100.3750 100.5000 67 3 0 YOUR[1]
100.5000 100.6250 69 5 1 BODY[1]
100.6250 100.7500 69 5 0 BODY[2]
100.7500 100.8750 67 3 1 TALK[1]
101.3750 101.5000 64 0 0 YOUR[1]
101.5000 101.6250 67 3 1 BODY[1]
101.6250 101.7500 69 5 0 BODY[2]
101.7500 102.0000 67 3 1 TALK[1]
102.0000 102.0625 69 5 1 LET[1]
102.1250 102.2500 71 7 0 ME[1]
102.2500 102.3750 69 5 1 HEAR[1]
102.3750 102.5000 67 3 0 YOUR[1]
102.5000 102.6250 69 5 1 BODY[1]
102.6250 102.7500 69 5 0 BODY[2]
102.7500 102.8750 67 3 1 TALK[1]
108.0000 108.1250 71 7 1 LET[1]
108.1250 108.2500 71 7 0 ME[1]
108.2500 108.3750 69 5 1 HEAR[1]
108.3750 108.5000 67 3 0 YOUR[1]
108.5000 108.6250 69 5 1 BODY[1]
108.6250 108.7500 69 5 0 BODY[2]
108.7500 108.8750 67 3 1 TALK[1]
110.0000 110.0625 69 5 1 LET[1]
110.1250 110.2500 71 7 0 ME[1]
110.2500 110.3750 69 5 1 HEAR[1]
110.3750 110.5000 67 3 0 YOUR[1]
110.5000 110.6250 69 5 1 BODY[1]
110.6250 110.7500 67 3 0 BODY[2]
110.7500 111.0000 71 7 1 TALK[1]
