5.750 5.938 59 4 0 ON[1]
5.938 6.000 60 5 0 THE[1]
6.000 6.125 62 7 1 OLD[1]
6.125 6.250 64 9 1 FARM[1]
6.250 6.438 62 7 1 HOUSE[1]
6.438 6.500 64 9 0 VERANDA[1]
6.500 6.625 62 7 1 VERANDA[2]
6.625 6.750 59 4 0 VERANDA[3]
6.750 6.875 54 11 1 THERE[1]
6.875 7.000 55 0 1 SAT[1]
7.000 7.125 57 2 1 SILAS[1]
7.125 7.250 59 4 0 SILAS[2]
7.250 7.438 57 2 0 AND[1]
7.438 7.500 59 4 0 MIRANDA[1]
7.500 7.625 57 2 1 MIRANDA[2]
7.625 7.750 55 0 0 MIRANDA[3]
7.750 7.875 51 8 1 THINKING[1]
7.875 8.000 52 9 0 THINKING[2]
8.000 8.250 54 11 0 OF[1]
8.250 8.500 72 5 0 THE[1]
8.500 8.750 71 4 1 DAYS[1]
8.750 9.000 69 2 1 GONE[1]
9.000 9.500 74 7 0 BY[1]
9.750 9.875 71 4 1 SAID[1]
9.875 10.000 72 5 0 HE[1]
10.000 10.125 74 7 1 DEARIE[1]
10.125 10.250 76 9 0 DEARIE[2]
10.250 10.375 74 7 1 DON'T[1]
10.375 10.500 76 9 1 BE[1]
10.500 10.625 74 7 1 WEARY[1]
10.625 10.750 71 4 0 WEARY[2]
10.750 10.875 66 11 0 YOU[1]
10.875 10.938 67 0 1 WERE[1]
10.938 11.125 69 2 1 ALWAYS[1]
11.125 11.250 71 4 2 ALWAYS[2]
11.250 11.375 69 2 1 BRIGHT[1]
11.375 11.500 71 4 0 AND[1]
11.500 11.625 69 2 1 CHEERY[1]
11.625 11.750 67 0 0 CHEERY[2]
11.750 11.812 63 8 0 BUT[1]
11.812 12.000 64 9 0 A[1]
12.000 12.250 66 11 1 TEAR[1]
12.250 12.500 84 5 1 NOW[1]
12.500 12.750 83 4 1 DIMS[1]
12.750 13.000 81 2 0 YOUR[1]
13.000 13.500 79 0 1 EYE[1]
13.875 14.000 79 0 1 SAID[1]
14.000 14.125 81 2 0 SHE[1]
14.125 14.250 83 4 1 THEY'RE[1]
14.250 14.375 85 6 1 TEARS[1]
14.375 14.500 83 4 0 OF[1]
14.500 14.625 83 4 1 GLADNESS[1]
14.625 14.750 81 2 0 GLADNESS[2]
14.750 14.875 80 1 1 SILAS[1]
14.875 15.000 81 2 0 SILAS[2]
15.000 15.125 79 0 1 THEY'RE[1]
15.125 15.250 81 2 1 NOT[1]
15.250 15.375 83 4 1 TEARS[1]
15.375 15.500 85 6 0 OF[1]
15.500 15.625 83 4 1 SADNESS[1]
15.625 15.750 81 2 0 SADNESS[2]
15.750 15.812 80 1 0 IT[1]
15.812 16.000 81 2 1 IS[1]
16.000 16.125 83 4 1 FIFTY[1]
16.125 16.188 82 3 0 FIFTY[2]
16.188 16.375 83 4 1 YEARS[1]
16.375 16.438 84 5 0 TODAY[1]
16.438 16.625 85 6 1 TODAY[2]
16.625 16.750 84 5 0 SINCE[1]
16.750 16.875 85 6 0 WE[1]
16.875 17.000 81 2 1 WERE[1]
17.000 17.500 86 7 1 WED[1]
17.750 17.875 83 4 0 AND[1]
17.875 17.938 84 5 0 THE[1]
17.938 18.125 86 7 1 OLD[1]
18.125 18.250 88 9 1 MAN'S[1]
18.250 18.312 86 7 1 DIM[1]
18.312 18.500 88 9 1 EYES[1]
18.500 18.562 86 7 1 BRIGHTENED[1]
18.562 18.750 83 4 0 BRIGHTENED[2]
18.750 18.875 78 11 0 AND[1]
18.875 19.000 79 0 0 HIS[1]
19.000 19.125 81 2 1 STERN[1]
19.125 19.250 83 4 1 OLD[1]
19.250 19.375 81 2 1 HEART[1]
19.375 19.500 83 4 0 IT[1]
19.500 19.562 81 2 1 LIGHTENED[1]
19.562 19.750 79 0 0 LIGHTENED[2]
19.750 19.875 75 8 0 AS[1]
19.875 20.000 76 9 0 HE[1]
20.000 20.250 78 11 1 TURNED[1]
20.250 20.500 96 5 0 TO[1]
20.500 20.750 95 4 0 HER[1]
20.750 21.000 93 2 0 AND[1]
21.000 21.500 91 0 1 SAID[1]
21.625 21.750 88 9 1 PUT[1]
21.750 21.875 89 10 0 ON[1]
21.875 22.000 90 11 0 YOUR[1]
22.000 22.250 91 7 1 OLD[1]
22.250 22.500 91 7 1 GREY[1]
22.500 22.625 88 4 1 BONNET[1]
22.625 22.750 91 7 0 BONNET[2]
22.875 22.938 91 7 0 WITH[1]
22.938 23.000 91 7 0 THE[1]
23.000 23.125 93 9 1 BLUE[1]
23.125 23.375 93 9 1 RIBBON[1]
23.375 23.438 89 5 0 RIBBON[2]
23.438 23.625 93 9 0 ON[1]
23.625 23.750 96 0 0 IT[1]
23.750 23.875 95 11 0 WHILE[1]
23.875 24.000 93 9 0 I[1]
24.000 24.250 91 7 1 HITCH[1]
24.250 24.500 96 0 1 OLD[1]
24.500 24.625 96 0 1 DOBBIN[1]
24.625 24.750 96 0 0 DOBBIN[2]
24.750 24.875 95 11 0 TO[1]
24.875 25.000 96 0 0 THE[1]
25.000 25.500 98 2 1 SHAY[1]
25.625 25.750 98 2 0 AND[1]
25.750 25.875 96 0 0 THROUGH[1]
25.875 26.000 98 2 0 THE[1]
26.000 26.250 100 4 1 FIELDS[1]
26.250 26.500 100 4 0 OF[1]
26.500 26.625 100 4 1 CLOVER[1]
26.625 26.750 98 2 0 CLOVER[2]
26.750 26.875 96 0 1 WE'LL[1]
26.875 27.000 93 9 1 DRIVE[1]
27.000 27.250 96 0 0 UP[1]
27.250 27.500 96 0 0 TO[1]
27.500 27.625 93 9 1 DOVER[1]
27.625 27.750 91 7 0 DOVER[2]
27.750 27.875 88 4 0 ON[1]
27.875 28.000 89 5 1 OUR(1)[1]
28.000 28.250 91 7 1 GOLDEN[1]
28.250 28.500 100 4 0 GOLDEN[2]
28.500 28.625 100 4 1 WEDDING[1]
28.625 29.000 98 2 0 WEDDING[2]
29.000 29.500 96 0 1 DAY[1]
29.625 29.750 88 4 1 PUT[1]
29.750 29.875 89 5 0 ON[1]
29.875 30.000 90 6 0 YOUR[1]
30.000 30.250 91 7 1 OLD[1]
30.250 30.500 91 7 1 GREY[1]
30.500 30.625 88 4 1 BONNET[1]
30.625 30.750 91 7 0 BONNET[2]
30.875 30.938 91 7 0 WITH[1]
30.938 31.000 91 7 0 THE[1]
31.000 31.125 93 9 1 BLUE[1]
31.125 31.375 93 9 1 RIBBON[1]
31.375 31.500 89 5 0 RIBBON[2]
31.500 31.625 93 9 0 ON[1]
31.625 31.750 96 0 0 IT[1]
31.750 31.875 95 11 0 WHILE[1]
31.875 32.000 93 9 0 I[1]
32.000 32.250 91 7 1 HITCH[1]
32.250 32.500 96 0 1 OLD[1]
32.500 32.625 96 0 1 DOBBIN[1]
32.625 32.750 96 0 0 DOBBIN[2]
32.750 32.875 95 11 0 TO[1]
32.875 33.000 96 0 0 THE[1]
33.000 33.500 98 2 1 SHAY[1]
33.625 33.750 98 2 0 AND[1]
33.750 33.875 96 0 0 THROUGH[1]
33.875 34.000 98 2 0 THE[1]
34.000 34.250 100 4 1 FIELDS[1]
34.250 34.500 100 4 0 OF[1]
34.500 34.625 100 4 1 CLOVER[1]
34.625 34.750 98 2 0 CLOVER[2]
34.750 34.875 96 0 1 WE'LL[1]
34.875 35.000 93 9 1 DRIVE[1]
35.000 35.250 96 0 0 UP[1]
35.250 35.500 96 0 0 TO[1]
35.500 35.625 93 9 1 DOVER[1]
35.625 35.750 91 7 0 DOVER[2]
35.750 35.875 88 4 0 ON[1]
35.875 36.000 89 5 1 OUR(1)[1]
36.000 36.250 91 7 1 GOLDEN[1]
36.250 36.500 100 4 0 GOLDEN[2]
36.500 36.625 100 4 1 WEDDING[1]
36.625 37.000 98 2 0 WEDDING[2]
37.000 37.500 96 0 1 DAY[1]
39.750 39.875 95 4 0 IT[1]
39.875 40.000 96 5 1 WAS[1]
40.000 40.125 98 7 0 IN[1]
40.125 40.250 100 9 0 THE[1]
40.250 40.375 98 7 1 SAME[1]
40.375 40.500 100 9 1 OLD[1]
40.500 40.562 98 7 1 BONNET[1]
40.562 40.750 95 4 0 BONNET[2]
40.750 40.875 90 11 0 WITH[1]
40.875 40.938 91 0 0 THE[1]
40.938 41.125 93 2 1 SAME[1]
41.125 41.250 95 4 1 BLUE[1]
41.250 41.375 93 2 1 RIBBON[1]
41.375 41.438 95 4 0 RIBBON[2]
41.438 41.625 93 2 0 ON[1]
41.625 41.750 91 0 0 IT[1]
41.750 41.875 87 8 0 IN[1]
41.875 41.938 88 9 0 THE[1]
41.938 42.250 90 11 1 OLD[1]
42.250 42.500 108 5 1 SHAY[1]
42.500 42.750 107 4 0 BY[1]
42.750 43.000 105 2 0 HIS[1]
43.000 43.500 110 7 1 SIDE[1]
43.750 43.875 107 4 0 THAT[1]
43.875 44.000 108 5 0 HE[1]
44.000 44.125 110 7 1 DROVE[1]
44.125 44.250 112 9 0 HER[1]
44.250 44.375 110 7 0 UP[1]
44.375 44.500 112 9 0 TO[1]
44.500 44.625 110 7 1 DOVER[1]
44.625 44.750 107 4 0 DOVER[2]
44.750 44.875 102 11 0 THROUGH[1]
44.875 45.000 103 0 0 THE[1]
45.000 45.125 105 2 1 SAME[1]
45.125 45.250 107 4 1 OLD[1]
45.250 45.375 105 2 1 FIELDS[1]
45.375 45.500 107 4 0 OF[1]
45.500 45.625 105 2 1 CLOVER[1]
45.625 45.750 103 0 0 CLOVER[2]
45.750 45.875 99 8 0 TO[1]
45.875 46.000 100 9 0 BECOME[1]
46.000 46.250 102 11 1 BECOME[2]
46.250 46.500 120 5 0 HIS[1]
46.500 46.625 119 4 1 HAPPY[1]
46.625 47.000 117 2 0 HAPPY[2]
47.000 47.500 115 0 1 BRIDE[1]
47.875 48.000 115 0 0 THE[1]
48.000 48.125 117 2 1 BIRDS[1]
48.125 48.250 119 4 1 WERE[1]
48.250 48.375 121 6 1 SWEETLY[1]
48.375 48.500 119 4 0 SWEETLY[2]
48.500 48.562 119 4 1 SINGING[1]
48.562 48.750 117 2 0 SINGING[2]
48.750 48.875 116 1 0 AND[1]
48.875 48.938 117 2 0 THE[1]
48.938 49.125 115 0 1 SAME[1]
49.125 49.250 117 2 1 OLD[1]
49.250 49.375 119 4 1 BELLS[1]
49.375 49.500 121 6 1 WERE[1]
49.500 49.562 119 4 1 RINGING[1]
49.562 49.750 117 2 0 RINGING[2]
49.750 49.812 116 1 0 AS[1]
49.812 49.938 117 2 0 THEY[1]
49.938 50.125 119 4 1 PASSED[1]
50.125 50.250 118 3 0 THE[1]
50.250 50.375 119 4 1 QUAINT[1]
50.375 50.500 120 5 1 OLD[1]
50.500 50.625 121 6 1 CHURCH[1]
50.625 50.750 120 5 0 WHERE[1]
50.750 50.875 121 6 0 THEY[1]
50.875 51.000 117 2 1 WERE[1]
51.000 51.500 122 7 1 WED[1]
51.750 51.875 119 4 0 AND[1]
51.875 52.000 120 5 0 THAT[1]
52.000 52.125 122 7 1 NIGHT[1]
52.125 52.250 124 9 0 WHEN[1]
52.250 52.375 122 7 1 STARS[1]
52.375 52.500 124 9 1 WERE[1]
52.500 52.625 122 7 1 GLEAMING[1]
52.625 52.750 119 4 0 GLEAMING[2]
52.750 52.812 114 11 0 THE[1]
52.812 53.000 115 0 1 OLD[1]
53.000 53.062 117 2 1 COUPLE[1]
53.062 53.250 119 4 0 COUPLE[2]
53.250 53.375 117 2 1 LAY[1]
53.375 53.500 119 4 0 A[1]
53.500 53.625 117 2 1 DREAMING[1]
53.625 53.750 115 0 0 DREAMING[2]
53.750 53.875 111 8 1 DREAMING[1]
53.875 54.000 112 9 0 DREAMING[2]
54.000 54.250 114 11 0 OF[1]
54.250 54.500 132 5 0 THE[1]
54.500 54.750 131 4 1 WORDS[1]
54.750 55.000 129 2 0 HE[1]
55.000 55.500 127 0 1 SAID[1]
55.625 55.750 124 9 1 PUT[1]
55.750 55.875 125 10 0 ON[1]
55.875 56.000 126 11 0 YOUR[1]
56.000 56.250 127 7 1 OLD[1]
56.250 56.500 127 7 1 GREY[1]
56.500 56.625 124 4 1 BONNET[1]
56.625 56.750 127 7 0 BONNET[2]
56.875 56.938 127 7 0 WITH[1]
56.938 57.000 127 7 0 THE[1]
57.000 57.125 129 9 1 BLUE[1]
57.125 57.375 129 9 1 RIBBON[1]
57.375 57.438 125 5 0 RIBBON[2]
57.438 57.625 129 9 0 ON[1]
57.625 57.750 132 0 0 IT[1]
57.750 57.875 131 11 0 WHILE[1]
57.875 58.000 129 9 0 I[1]
58.000 58.250 127 7 1 HITCH[1]
58.250 58.500 132 0 1 OLD[1]
58.500 58.625 132 0 1 DOBBIN[1]
58.625 58.750 132 0 0 DOBBIN[2]
58.750 58.875 131 11 0 TO[1]
58.875 59.000 132 0 0 THE[1]
59.000 59.500 134 2 1 SHAY[1]
59.625 59.750 134 2 0 AND[1]
59.750 59.875 132 0 0 THROUGH[1]
59.875 60.000 134 2 0 THE[1]
60.000 60.250 136 4 1 FIELDS[1]
60.250 60.500 136 4 0 OF[1]
60.500 60.625 136 4 1 CLOVER[1]
60.625 60.750 134 2 0 CLOVER[2]
60.750 60.875 132 0 1 WE'LL[1]
60.875 61.000 129 9 1 DRIVE[1]
61.000 61.250 132 0 0 UP[1]
61.250 61.500 132 0 0 TO[1]
61.500 61.625 129 9 1 DOVER[1]
61.625 61.750 127 7 0 DOVER[2]
61.750 61.875 124 4 0 ON[1]
61.875 62.000 125 5 1 OUR(1)[1]
62.000 62.250 127 7 1 GOLDEN[1]
62.250 62.500 136 4 0 GOLDEN[2]
62.500 62.562 136 4 1 WEDDING[1]
62.562 63.000 134 2 0 WEDDING[2]
63.000 63.500 132 0 1 DAY[1]
63.625 63.750 124 4 1 PUT[1]
63.750 63.875 125 5 0 ON[1]
63.875 64.000 126 6 0 YOUR[1]
64.000 64.250 127 7 1 OLD[1]
64.250 64.500 127 7 1 GREY[1]
64.500 64.625 124 4 1 BONNET[1]
64.625 64.750 127 7 0 BONNET[2]
64.875 64.938 127 7 0 WITH[1]
64.938 65.000 127 7 0 THE[1]
65.000 65.125 129 9 1 BLUE[1]
65.125 65.375 129 9 1 RIBBON[1]
65.375 65.500 125 5 0 RIBBON[2]
65.500 65.625 129 9 0 ON[1]
65.625 65.750 132 0 0 IT[1]
65.750 65.875 131 11 0 WHILE[1]
65.875 66.000 129 9 0 I[1]
66.000 66.250 127 7 1 HITCH[1]
66.250 66.500 132 0 1 OLD[1]
66.500 66.625 132 0 1 DOBBIN[1]
66.625 66.750 132 0 0 DOBBIN[2]
66.750 66.875 131 11 0 TO[1]
66.875 67.000 132 0 0 THE[1]
67.000 67.500 134 2 1 SHAY[1]
67.625 67.750 134 2 0 AND[1]
67.750 67.875 132 0 0 THROUGH[1]
67.875 68.000 134 2 0 THE[1]
68.000 68.250 136 4 1 FIELDS[1]
68.250 68.500 136 4 0 OF[1]
68.500 68.625 136 4 1 CLOVER[1]
68.625 68.750 134 2 0 CLOVER[2]
68.750 68.875 132 0 1 WE'LL[1]
68.875 69.000 129 9 1 DRIVE[1]
69.000 69.250 132 0 0 UP[1]
69.250 69.500 132 0 0 TO[1]
69.500 69.625 129 9 1 DOVER[1]
69.625 69.750 127 7 0 DOVER[2]
69.750 69.875 124 4 0 ON[1]
69.875 70.000 125 5 1 OUR(1)[1]
70.000 70.250 127 7 1 GOLDEN[1]
70.250 70.500 136 4 0 GOLDEN[2]
70.500 70.625 136 4 1 WEDDING[1]
70.625 71.000 134 2 0 WEDDING[2]
71.000 71.500 132 0 1 DAY[1]
