8.000 8.125 55 7 0 OUT[1]
8.125 8.250 55 7 0 IN[1]
8.250 8.375 55 7 2 ARIZONA[1]
8.375 8.500 55 7 0 ARIZONA[2]
8.500 8.625 57 9 1 ARIZONA[3]
8.625 8.750 57 9 0 ARIZONA[4]
8.750 8.875 57 9 0 WHERE[1]
8.875 9.000 57 9 0 THE[1]
9.000 9.125 55 7 1 BAD[1]
9.125 9.375 55 7 1 MEN[1]
9.375 9.750 57 9 1 ARE[1]
9.750 9.875 60 0 0 AND[1]
9.875 10.000 60 0 0 THE[1]
10.000 10.125 55 7 1 ONLY[1]
10.125 10.250 55 7 0 ONLY[2]
10.250 10.375 55 7 1 FRIEND[1]
10.375 10.500 55 7 0 TO[1]
10.500 10.625 57 9 1 GUIDE[1]
10.625 10.750 57 9 0 YOU[1]
10.750 10.875 57 9 1 IS[1]
10.875 11.000 55 7 0 AN[1]
11.000 11.125 54 6 1 EVENING[1]
11.125 11.500 64 4 0 EVENING[2]
11.500 11.875 62 2 1 STAR[1]
11.875 12.000 62 2 0 THE[1]
12.000 12.125 55 7 1 ROUGHEST[1]
12.125 12.250 55 7 0 ROUGHEST[2]
12.250 12.375 55 7 0 AND[1]
12.375 12.500 55 7 0 THE[1]
12.500 12.625 57 9 1 TOUGHEST[1]
12.625 12.875 57 9 0 TOUGHEST[2]
12.875 13.000 52 4 0 A[1]
13.000 13.250 55 7 1 MAN[1]
13.250 13.375 55 7 0 BY[1]
13.375 13.750 57 9 1 FAR[1]
13.750 14.000 60 0 1 IS[1]
14.000 14.250 64 4 1 RAGTIME[1]
14.250 14.500 60 0 2 RAGTIME[2]
14.500 14.625 60 0 1 COWBOY[1]
14.625 15.000 62 2 2 COWBOY[2]
15.000 15.500 60 0 1 JOE[1]
15.875 16.000 60 0 0 HE[1]
16.000 16.125 62 2 1 GOT[1]
16.125 16.250 62 2 0 HIS[1]
16.250 16.375 62 2 1 NAME[1]
16.375 16.500 62 2 0 FROM[1]
16.500 16.625 64 4 1 SINGIN'[1]
16.625 16.750 64 4 0 SINGIN'[2]
16.750 16.875 64 4 0 TO[1]
16.875 17.000 64 4 0 THE[1]
17.000 17.250 62 2 1 COWS[1]
17.250 17.375 62 2 0 AND[1]
17.375 17.750 64 4 1 SHEEP[1]
18.000 18.125 62 2 1 EVERY(1)[1]
18.125 18.250 62 2 0 EVERY(1)[2]
18.250 18.375 62 2 1 NIGHT[1]
18.375 18.500 62 2 0 THEY[1]
18.500 18.625 64 4 1 SAY[1]
18.625 18.750 64 4 0 HE[1]
18.750 18.875 62 2 1 SINGS[1]
18.875 19.000 62 2 0 THE[1]
19.000 19.250 59 11 1 HERD[1]
19.250 19.375 57 9 0 TO[1]
19.375 19.500 55 7 1 SLEEP[1]
19.750 19.875 64 4 0 IN[1]
19.875 20.000 64 4 0 A[1]
20.000 20.125 55 7 1 BASSO[1]
20.125 20.375 55 7 0 BASSO[2]
20.375 20.750 57 9 1 VOICE[1]
20.750 21.000 57 9 0 SO[1]
21.000 21.125 55 7 1 RICH[1]
21.125 21.500 55 7 0 AND[1]
21.500 21.750 57 9 1 DEEP[1]
21.875 22.000 59 11 0 A[1]
22.000 22.125 59 11 1 CROONIN'[1]
22.125 22.500 59 11 0 CROONIN'[2]
22.500 22.750 59 11 1 SOFT[1]
22.750 23.000 59 11 0 AND[1]
23.000 23.500 59 11 1 LOW[1]
23.625 23.750 55 7 0 HE[1]
23.750 23.875 57 9 1 ALWAYS[1]
23.875 24.000 59 11 2 ALWAYS[2]
24.000 24.500 60 0 1 SINGS[1]
24.750 24.875 60 0 1 RAGGY[1]
24.875 25.000 60 0 0 RAGGY[2]
25.000 25.125 60 0 1 MUSIC[1]
25.125 25.250 57 9 0 MUSIC[2]
25.250 25.375 60 0 0 TO[1]
25.375 25.500 57 9 0 THE[1]
25.500 25.625 60 0 1 CATTLE[1]
25.625 25.750 59 11 0 CATTLE[2]
25.750 25.875 60 0 0 AS[1]
25.875 26.000 61 1 0 HE[1]
26.000 26.500 62 2 1 SWINGS[1]
26.750 26.875 62 2 1 BACK[1]
26.875 27.000 59 11 0 AND[1]
27.000 27.125 62 2 1 FORWARD[1]
27.125 27.250 62 2 0 FORWARD[2]
27.250 27.375 62 2 0 IN[1]
27.375 27.500 62 2 0 THE[1]
27.500 27.625 62 2 1 SADDLE[1]
27.625 27.750 60 0 0 SADDLE[2]
27.750 27.875 59 11 0 ON[1]
27.875 28.000 57 9 0 A[1]
28.000 28.500 59 11 1 HORSE[1]
28.750 28.875 59 11 1 THAT'S[1]
28.875 29.000 57 9 0 A[1]
29.000 29.125 59 11 1 SYNCOPATED[1]
29.125 29.250 57 9 0 SYNCOPATED[2]
29.250 29.375 59 11 2 SYNCOPATED[3]
29.375 29.500 57 9 0 SYNCOPATED[4]
29.500 29.625 59 11 1 GAITER[1]
29.625 29.750 55 7 0 GAITER[2]
29.750 29.875 57 9 1 THERE'S[1]
29.875 30.000 59 11 0 A[1]
30.000 30.125 60 0 0 SUCH[1]
30.125 30.250 59 11 0 A[1]
30.250 30.375 60 0 1 FUNNY[1]
30.375 30.500 62 2 0 FUNNY[2]
30.500 30.625 64 4 1 METER[1]
30.625 30.750 62 2 0 METER[2]
30.750 30.875 60 0 0 TO[1]
30.875 31.000 60 0 0 THE[1]
31.000 31.125 62 2 1 ROAR[1]
31.125 31.250 64 4 0 OF[1]
31.250 31.375 62 2 0 HIS[1]
31.375 31.500 60 0 0 REPEATER[1]
31.500 31.625 57 9 1 REPEATER[2]
31.625 31.750 55 7 0 REPEATER[3]
31.750 31.875 57 9 1 HOW[1]
31.875 32.000 59 11 0 THEY[1]
32.000 32.500 60 0 1 RUN[1]
32.750 32.875 60 0 0 WHEN[1]
32.875 33.000 60 0 0 THEY[1]
33.000 33.250 60 0 1 HEAR[1]
33.250 33.375 59 11 0 HIS[1]
33.375 33.625 60 0 1 GUN[1]
33.625 33.750 59 11 0 BECAUSE[1]
33.750 33.875 60 0 1 BECAUSE[2]
33.875 34.000 61 1 0 THE[1]
34.000 34.125 62 2 1 WESTERN[1]
34.125 34.500 64 4 0 WESTERN[2]
34.500 34.750 62 2 1 FOLKS[1]
34.750 35.000 60 0 0 ALL[1]
35.000 35.500 57 9 1 KNOW[1]
35.750 35.875 64 4 1 HE'S[1]
35.875 36.000 52 4 0 A[1]
36.000 36.125 57 9 1 HIGH[1]
36.125 36.250 59 11 2 FALUTIN'[1]
36.250 36.375 60 0 1 FALUTIN'[2]
36.375 36.500 59 11 0 FALUTIN'[3]
36.500 36.625 57 9 1 ROOTIN'[1]
36.625 36.750 59 11 0 ROOTIN'[2]
36.750 36.875 60 0 1 SHOOTIN'[1]
36.875 37.000 59 11 0 SHOOTIN'[2]
37.000 37.083 57 9 1 SON[1]
37.083 37.167 57 9 0 OF[1]
37.167 37.250 59 11 0 A[1]
37.250 37.375 60 0 1 GUN[1]
37.375 37.500 59 11 0 FROM[1]
37.500 37.625 57 9 2 ARIZONA[1]
37.625 37.750 59 11 0 ARIZONA[2]
37.750 37.875 60 0 1 ARIZONA[3]
37.875 38.000 62 2 0 ARIZONA[4]
38.000 38.250 64 4 1 RAGTIME[1]
38.250 38.500 64 4 2 RAGTIME[2]
38.500 38.625 64 4 1 COWBOY[1]
38.625 39.000 62 2 2 COWBOY[2]
39.000 39.625 60 0 1 JOE[1]
39.625 39.750 55 7 0 HE[1]
39.750 39.875 57 9 1 ALWAYS[1]
39.875 40.000 59 11 2 ALWAYS[2]
40.000 40.500 60 0 1 SINGS[1]
40.750 40.875 60 0 1 RAGGY[1]
40.875 41.000 60 0 0 RAGGY[2]
41.000 41.125 60 0 1 MUSIC[1]
41.125 41.250 57 9 0 MUSIC[2]
41.250 41.375 60 0 0 TO[1]
41.375 41.500 57 9 0 THE[1]
41.500 41.625 60 0 1 CATTLE[1]
41.625 41.750 59 11 0 CATTLE[2]
41.750 41.875 60 0 0 AS[1]
41.875 42.000 61 1 0 HE[1]
42.000 42.500 62 2 1 SWINGS[1]
42.750 42.875 62 2 1 BACK[1]
42.875 43.000 59 11 0 AND[1]
43.000 43.125 62 2 1 FORWARD[1]
43.125 43.250 62 2 0 FORWARD[2]
43.250 43.375 62 2 0 IN[1]
43.375 43.500 62 2 0 THE[1]
43.500 43.625 62 2 1 SADDLE[1]
43.625 43.750 60 0 0 SADDLE[2]
43.750 43.875 59 11 0 ON[1]
43.875 44.000 57 9 0 A[1]
44.000 44.500 59 11 1 HORSE[1]
44.750 44.875 59 11 1 THAT'S[1]
44.875 45.000 57 9 0 A[1]
45.000 45.125 59 11 1 SYNCOPATED[1]
45.125 45.250 57 9 0 SYNCOPATED[2]
45.250 45.375 59 11 2 SYNCOPATED[3]
45.375 45.500 57 9 0 SYNCOPATED[4]
45.500 45.625 59 11 1 GAITER[1]
45.625 45.750 55 7 0 GAITER[2]
45.750 45.875 57 9 1 THERE'S[1]
45.875 46.000 59 11 0 A[1]
46.000 46.125 60 0 0 SUCH[1]
46.125 46.250 59 11 0 A[1]
46.250 46.375 60 0 1 FUNNY[1]
46.375 46.500 62 2 0 FUNNY[2]
46.500 46.625 64 4 1 METER[1]
46.625 46.750 62 2 0 METER[2]
46.750 46.875 60 0 0 TO[1]
46.875 47.000 60 0 0 THE[1]
47.000 47.125 62 2 1 ROAR[1]
47.125 47.250 64 4 0 OF[1]
47.250 47.375 62 2 0 HIS[1]
47.375 47.500 60 0 0 REPEATER[1]
47.500 47.625 57 9 1 REPEATER[2]
47.625 47.750 55 7 0 REPEATER[3]
47.750 47.875 57 9 1 HOW[1]
47.875 48.000 59 11 0 THEY[1]
48.000 48.500 60 0 1 RUN[1]
48.750 48.875 60 0 0 WHEN[1]
48.875 49.000 59 11 0 THEY[1]
49.000 49.250 60 0 1 HEAR[1]
49.250 49.375 59 11 0 HIS[1]
49.375 49.625 60 0 1 GUN[1]
49.625 49.750 59 11 0 BECAUSE[1]
49.750 49.875 60 0 1 BECAUSE[2]
49.875 50.000 61 1 0 THE[1]
50.000 50.125 62 2 1 WESTERN[1]
50.125 50.500 64 4 0 WESTERN[2]
50.500 50.750 62 2 1 FOLKS[1]
50.750 51.000 60 0 0 ALL[1]
51.000 51.500 57 9 1 KNOW[1]
51.750 51.875 64 4 1 HE'S[1]
51.875 52.000 52 4 0 A[1]
52.000 52.125 57 9 1 HIGH[1]
52.125 52.250 59 11 2 FALUTIN'[1]
52.250 52.375 60 0 1 FALUTIN'[2]
52.375 52.500 59 11 0 FALUTIN'[3]
52.500 52.625 57 9 1 ROOTIN'[1]
52.625 52.750 59 11 0 ROOTIN'[2]
52.750 52.875 60 0 1 SHOOTIN'[1]
52.875 53.000 59 11 0 SHOOTIN'[2]
53.000 53.083 57 9 1 SON[1]
53.083 53.167 57 9 0 OF[1]
53.167 53.250 59 11 0 A[1]
53.250 53.375 60 0 1 GUN[1]
53.375 53.500 59 11 0 FROM[1]
53.500 53.625 57 9 2 ARIZONA[1]
53.625 53.750 59 11 0 ARIZONA[2]
53.750 53.875 60 0 1 ARIZONA[3]
53.875 54.000 62 2 0 ARIZONA[4]
54.000 54.250 64 4 1 RAGTIME[1]
54.250 54.500 64 4 2 RAGTIME[2]
54.500 54.625 64 4 1 COWBOY[1]
54.625 55.000 62 2 2 COWBOY[2]
55.000 55.500 60 0 1 JOE[1]
60.000 60.125 55 7 1 DRESSED[1]
60.125 60.250 55 7 0 UP[1]
60.250 60.375 55 7 1 EVERY(1)[1]
60.375 60.500 56 8 0 EVERY(1)[2]
60.500 60.625 57 9 1 SUNDAY[1]
60.625 60.750 57 9 2 SUNDAY[2]
60.750 60.875 57 9 0 IN[1]
60.875 61.000 56 8 0 HIS[1]
61.000 61.125 55 7 1 SUNDAY[1]
61.125 61.375 56 8 2 SUNDAY[2]
61.375 61.875 57 9 1 CLOTHES[1]
61.875 62.000 60 0 0 HE[1]
62.000 62.125 64 4 1 BEATS[1]
62.125 62.250 55 7 0 IT[1]
62.250 62.375 55 7 0 TO[1]
62.375 62.500 55 7 0 THE[1]
62.500 62.625 57 9 1 VILLAGE[1]
62.625 62.750 57 9 0 VILLAGE[2]
62.750 62.875 55 7 0 WHERE[1]
62.875 63.000 55 7 0 HE[1]
63.000 63.125 54 6 1 ALWAYS[1]
63.125 63.500 64 4 2 ALWAYS[2]
63.500 63.875 62 2 1 GOES[1]
63.875 64.000 52 4 0 AND[1]
64.000 64.125 55 7 1 EVERY(1)[1]
64.125 64.375 55 7 0 EVERY(1)[2]
64.375 64.625 57 9 1 GIRL[1]
64.625 65.000 57 9 0 IN[1]
65.000 65.250 55 7 1 TOWN[1]
65.250 65.375 55 7 1 IS[1]
65.375 65.750 57 9 1 JOE'S[1]
65.750 66.000 60 0 0 'CAUSE[1]
66.000 66.250 64 4 1 HE'S[1]
66.250 66.500 60 0 0 A[1]
66.500 66.625 60 0 1 REGULAR[1]
66.625 66.750 60 0 0 REGULAR[2]
66.750 66.875 62 2 0 REGULAR[3]
66.875 67.500 60 0 1 BEAR[1]
67.875 68.125 62 2 0 WHEN[1]
68.125 68.250 62 2 0 HE[1]
68.250 68.375 62 2 1 STARTS[1]
68.375 68.500 62 2 0 A[1]
68.500 68.625 64 4 1 SPIELING[1]
68.625 68.750 64 4 0 SPIELING[2]
68.750 68.875 64 4 0 ON[1]
68.875 69.000 60 0 0 THE[1]
69.000 69.125 62 2 1 DANCE[1]
69.125 69.500 62 2 1 HALL[1]
69.500 69.750 64 4 1 FLOOR[1]
70.000 70.125 62 2 0 NO[1]
70.125 70.250 62 2 0 ONE[1]
70.250 70.375 62 2 0 BUT[1]
70.375 70.500 62 2 0 A[1]
70.500 70.625 64 4 1 LUNATIC[1]
70.625 70.750 64 4 0 LUNATIC[2]
70.750 70.875 64 4 2 LUNATIC[3]
70.875 71.000 62 2 0 WOULD[1]
71.000 71.250 59 11 1 START[1]
71.250 71.375 57 9 0 A[1]
71.375 71.750 55 7 1 WAR[1]
71.875 72.000 55 7 0 THE[1]
72.000 72.250 55 7 1 WISE[1]
72.250 72.500 55 7 1 MEN[1]
72.500 72.750 57 9 1 KNOW[1]
72.750 73.000 57 9 0 HIS[1]
73.000 73.125 55 7 1 FORTY-FOUR[1]
73.125 73.375 55 7 0 FORTY-FOUR[2]
73.375 73.750 57 9 1 FORTY-FOUR[3]
74.000 74.250 59 11 1 MAKE[1]
74.250 74.500 59 11 0 THEM[1]
74.500 74.750 59 11 1 DANCE[1]
74.750 75.000 59 11 0 FOR[1]
75.000 75.500 59 11 1 FAIR[1]
75.625 75.750 55 7 0 HE[1]
75.750 75.875 57 9 1 ALWAYS[1]
75.875 76.000 59 11 2 ALWAYS[2]
76.000 76.500 60 0 1 SINGS[1]
76.750 76.875 60 0 1 RAGGY[1]
76.875 77.000 60 0 0 RAGGY[2]
77.000 77.125 60 0 1 MUSIC[1]
77.125 77.250 57 9 0 MUSIC[2]
77.250 77.375 60 0 0 TO[1]
77.375 77.500 57 9 0 THE[1]
77.500 77.625 60 0 1 CATTLE[1]
77.625 77.750 59 11 0 CATTLE[2]
77.750 77.875 60 0 0 AS[1]
77.875 78.000 61 1 0 HE[1]
78.000 78.500 62 2 1 SWINGS[1]
78.750 78.875 62 2 1 BACK[1]
78.875 79.000 59 11 0 AND[1]
79.000 79.125 62 2 1 FORWARD[1]
79.125 79.250 62 2 0 FORWARD[2]
79.250 79.375 62 2 0 IN[1]
79.375 79.500 62 2 0 THE[1]
79.500 79.625 62 2 1 SADDLE[1]
79.625 79.750 60 0 0 SADDLE[2]
79.750 79.875 59 11 0 ON[1]
79.875 80.000 57 9 0 A[1]
80.000 80.500 59 11 1 HORSE[1]
80.750 80.875 59 11 1 THAT'S[1]
80.875 81.000 57 9 0 A[1]
81.000 81.125 59 11 1 SYNCOPATED[1]
81.125 81.250 57 9 0 SYNCOPATED[2]
81.250 81.375 59 11 2 SYNCOPATED[3]
81.375 81.500 57 9 0 SYNCOPATED[4]
81.500 81.625 59 11 1 GAITER[1]
81.625 81.750 55 7 0 GAITER[2]
81.750 81.875 57 9 1 THERE'S[1]
81.875 82.000 59 11 0 A[1]
82.000 82.125 60 0 0 SUCH[1]
82.125 82.250 59 11 0 A[1]
82.250 82.375 60 0 1 FUNNY[1]
82.375 82.500 60 0 0 FUNNY[2]
82.500 82.625 64 4 1 METER[1]
82.625 82.750 62 2 0 METER[2]
82.750 82.875 60 0 0 TO[1]
82.875 83.000 60 0 0 THE[1]
83.000 83.125 62 2 1 ROAR[1]
83.125 83.250 64 4 0 OF[1]
83.250 83.375 62 2 0 HIS[1]
83.375 83.500 60 0 0 REPEATER[1]
83.500 83.625 57 9 1 REPEATER[2]
83.625 83.750 55 7 0 REPEATER[3]
83.750 83.875 57 9 1 HOW[1]
83.875 84.000 59 11 0 THEY[1]
84.000 84.500 60 0 1 RUN[1]
84.750 84.875 60 0 0 WHEN[1]
84.875 85.000 55 7 0 THEY[1]
85.000 85.250 60 0 1 HEAR[1]
85.250 85.375 59 11 0 HIS[1]
85.375 85.625 60 0 1 GUN[1]
85.625 85.750 59 11 0 BECAUSE[1]
85.750 85.875 60 0 1 BECAUSE[2]
85.875 86.000 61 1 0 THE[1]
86.000 86.250 62 2 1 WESTERN[1]
86.250 86.500 64 4 0 WESTERN[2]
86.500 86.750 62 2 1 FOLKS[1]
86.750 87.000 60 0 0 ALL[1]
87.000 87.500 57 9 1 KNOW[1]
87.750 87.875 64 4 1 HE'S[1]
87.875 88.000 52 4 0 A[1]
88.000 88.125 57 9 1 HIGH[1]
88.125 88.250 59 11 2 FALUTIN'[1]
88.250 88.375 60 0 1 FALUTIN'[2]
88.375 88.500 59 11 0 FALUTIN'[3]
88.500 88.625 57 9 1 ROOTIN'[1]
88.625 88.750 59 11 0 ROOTIN'[2]
88.750 88.875 60 0 1 SHOOTIN'[1]
88.875 89.000 59 11 0 SHOOTIN'[2]
89.000 89.083 57 9 1 SON[1]
89.083 89.167 57 9 0 OF[1]
89.167 89.250 59 11 0 A[1]
89.250 89.375 60 0 1 GUN[1]
89.375 89.500 59 11 0 FROM[1]
89.500 89.625 57 9 2 ARIZONA[1]
89.625 89.750 59 11 0 ARIZONA[2]
89.750 89.875 60 0 1 ARIZONA[3]
89.875 90.000 62 2 0 ARIZONA[4]
90.000 90.250 64 4 1 RAGTIME[1]
90.250 90.500 64 4 2 RAGTIME[2]
90.500 90.625 64 4 1 COWBOY[1]
90.625 91.000 62 2 2 COWBOY[2]
91.000 91.500 60 0 1 JOE[1]
91.625 91.750 55 7 0 HE[1]
91.750 91.875 57 9 1 ALWAYS[1]
91.875 92.000 59 11 2 ALWAYS[2]
92.000 92.500 60 0 1 SINGS[1]
92.750 92.875 60 0 1 RAGGY[1]
92.875 93.000 60 0 0 RAGGY[2]
93.000 93.125 60 0 1 MUSIC[1]
93.125 93.250 57 9 0 MUSIC[2]
93.250 93.375 60 0 0 TO[1]
93.375 93.500 57 9 0 THE[1]
93.500 93.625 60 0 1 CATTLE[1]
93.625 93.750 59 11 0 CATTLE[2]
93.750 93.875 60 0 0 AS[1]
93.875 94.000 61 1 0 HE[1]
94.000 94.500 62 2 1 SWINGS[1]
94.750 94.875 62 2 1 BACK[1]
94.875 95.000 59 11 0 AND[1]
95.000 95.125 62 2 1 FORWARD[1]
95.125 95.250 62 2 0 FORWARD[2]
95.250 95.375 62 2 0 IN[1]
95.375 95.500 62 2 0 THE[1]
95.500 95.625 62 2 1 SADDLE[1]
95.625 95.750 60 0 0 SADDLE[2]
95.750 95.875 59 11 0 ON[1]
95.875 96.000 57 9 0 A[1]
96.000 96.500 59 11 1 HORSE[1]
96.750 96.875 59 11 1 THAT'S[1]
96.875 97.000 57 9 0 A[1]
97.000 97.125 59 11 1 SYNCOPATED[1]
97.125 97.250 57 9 0 SYNCOPATED[2]
97.250 97.375 59 11 2 SYNCOPATED[3]
97.375 97.500 57 9 0 SYNCOPATED[4]
97.500 97.625 59 11 1 GAITER[1]
97.625 97.750 55 7 0 GAITER[2]
97.750 97.875 57 9 1 THERE'S[1]
97.875 98.000 59 11 0 A[1]
98.000 98.125 60 0 0 SUCH[1]
98.125 98.250 59 11 0 A[1]
98.250 98.375 60 0 1 FUNNY[1]
98.375 98.500 60 0 0 FUNNY[2]
98.500 98.625 64 4 1 METER[1]
98.625 98.750 62 2 0 METER[2]
98.750 98.875 60 0 0 TO[1]
98.875 99.000 60 0 0 THE[1]
99.000 99.125 62 2 1 ROAR[1]
99.125 99.250 64 4 0 OF[1]
99.250 99.375 62 2 0 HIS[1]
99.375 99.500 60 0 0 REPEATER[1]
99.500 99.625 57 9 1 REPEATER[2]
99.625 99.750 55 7 0 REPEATER[3]
99.750 99.875 57 9 1 HOW[1]
99.875 100.000 59 11 0 THEY[1]
100.000 100.500 60 0 1 RUN[1]
100.750 100.875 60 0 0 WHEN[1]
100.875 101.000 55 7 0 THEY[1]
101.000 101.250 60 0 1 HEAR[1]
101.250 101.375 59 11 0 HIS[1]
101.375 101.625 60 0 1 GUN[1]
101.625 101.750 59 11 0 BECAUSE[1]
101.750 101.875 60 0 1 BECAUSE[2]
101.875 102.000 61 1 0 THE[1]
102.000 102.125 62 2 1 WESTERN[1]
102.125 102.500 64 4 0 WESTERN[2]
102.500 102.750 62 2 1 FOLKS[1]
102.750 103.000 60 0 0 ALL[1]
103.000 103.500 57 9 1 KNOW[1]
103.750 103.875 64 4 1 HE'S[1]
103.875 104.000 52 4 0 A[1]
104.000 104.125 57 9 1 HIGH[1]
104.125 104.250 59 11 2 FALUTIN'[1]
104.250 104.375 60 0 1 FALUTIN'[2]
104.375 104.500 59 11 0 FALUTIN'[3]
104.500 104.625 57 9 1 ROOTIN'[1]
104.625 104.750 59 11 0 ROOTIN'[2]
104.750 104.875 60 0 1 SHOOTIN'[1]
104.875 105.000 59 11 0 SHOOTIN'[2]
105.000 105.083 57 9 1 SON[1]
105.083 105.167 57 9 0 OF[1]
105.167 105.250 59 11 0 A[1]
105.250 105.375 60 0 1 GUN[1]
105.375 105.500 59 11 0 FROM[1]
105.500 105.625 57 9 2 ARIZONA[1]
105.625 105.750 59 11 0 ARIZONA[2]
105.750 105.875 60 0 1 ARIZONA[3]
105.875 106.000 62 2 0 ARIZONA[4]
106.000 106.250 64 4 1 RAGTIME[1]
106.250 106.500 64 4 2 RAGTIME[2]
106.500 106.625 64 4 1 COWBOY[1]
106.625 107.000 62 2 2 COWBOY[2]
107.000 107.500 60 0 1 JOE[1]
