5.8750 6.0000 44 7 0 AN[1]
6.0000 6.1250 49 0 1 OLD[1]
6.1250 6.2500 49 0 1 COWPOKE[1]
6.2500 6.3750 49 0 0 COWPOKE[2]
6.3750 6.5000 51 2 1 WENT[1]
6.5000 6.6250 52 3 1 RIDING[1]
6.6250 6.6875 52 3 0 RIDING[2]
6.6875 6.8750 52 3 0 OUT[1]
6.8750 7.0000 49 0 0 ONE[1]
7.0000 7.1250 47 10 1 DARK[1]
7.1250 7.2500 47 10 0 AND[1]
7.2500 7.3750 47 10 1 WINDY[1]
7.3750 7.5000 44 7 0 WINDY[2]
7.5000 8.5000 47 10 1 DAY[1]
8.8750 9.0000 44 7 0 UPON[1]
9.0000 9.0625 49 0 1 UPON[2]
9.0625 9.1250 49 0 0 A[1]
9.1250 9.3750 49 0 1 RIDGE[1]
9.3750 9.5000 51 2 0 HE[1]
9.5000 9.6250 52 3 1 RESTED[1]
9.6250 9.7500 52 3 0 RESTED[2]
9.7500 9.8750 52 3 0 AS[1]
9.8750 10.0000 54 5 0 HE[1]
10.0000 10.0625 56 7 1 WENT[1]
10.0625 10.1250 56 7 0 ALONG[1]
10.1250 10.3125 56 7 1 ALONG[2]
10.3125 10.5000 52 3 0 HIS[1]
10.5000 11.7500 56 7 1 WAY[1]
11.8750 12.0000 56 7 0 WHEN[1]
12.0000 12.0625 56 7 0 ALL[1]
12.0625 12.1875 61 0 0 AT[1]
12.1875 12.3750 61 0 0 ONCE[1]
12.3750 12.5000 61 0 0 A[1]
12.5000 12.5625 61 0 1 MIGHTY[1]
12.5625 12.6875 56 7 0 MIGHTY[2]
12.6875 12.8750 56 7 1 HERD[1]
12.8750 13.0000 56 7 0 OF[1]
13.0000 13.0625 56 7 1 RED-EYED[1]
13.0625 13.1875 56 7 0 RED-EYED[2]
13.1875 13.3750 56 7 1 COWS[1]
13.3750 13.5000 52 3 0 HE[1]
13.5000 13.7500 49 0 1 SAW[1]
13.8750 14.0000 49 0 0 A[1]
14.0000 14.0625 45 8 1 PLOWIN'[1]
14.0625 14.2500 45 8 0 PLOWIN'[2]
14.2500 14.3750 45 8 0 THROUGH[1]
14.3750 14.5000 45 8 0 THE[1]
14.5000 14.6250 52 3 1 RAGGED[1]
14.6250 14.7500 52 3 0 RAGGED[2]
14.7500 15.7500 52 3 1 SKIES[1]
15.8750 16.0000 52 3 0 AND[1]
16.0000 16.2500 52 3 0 UP[1]
16.2500 16.5000 49 0 0 A[1]
16.5000 16.7500 49 0 1 CLOUDY[1]
16.7500 17.0000 49 0 0 CLOUDY[2]
17.0000 22.0000 49 0 1 DRAW[1]
22.7500 22.8750 44 7 0 THE[1]
22.8750 23.5000 45 8 1 GHOST[1]
23.5000 24.0000 45 8 1 HERD[1]
24.0000 24.7500 52 3 0 IN[1]
24.7500 25.0000 52 3 0 THE[1]
25.0000 25.7500 49 0 1 SKY[1]
25.8750 26.0000 44 7 0 THEIR[1]
26.0000 26.1875 49 0 1 BRANDS[1]
26.1875 26.2500 49 0 1 WERE[1]
26.2500 26.3125 49 0 1 STILL[1]
26.3125 26.5000 51 2 0 ON[1]
26.5000 26.5625 52 3 1 FIRE[1]
26.5625 26.6250 52 3 0 FIRE[2]
26.6250 26.8750 52 3 0 AND[1]
26.8750 27.0000 49 0 0 THEIR[1]
27.0000 27.1250 47 10 1 HOOVES[1]
27.1250 27.2500 47 10 1 WERE[1]
27.2500 27.3125 47 10 1 MADE[1]
27.3125 27.3750 44 7 0 OF[1]
27.3750 28.5000 47 10 1 STEEL[1]
28.8750 29.0000 44 7 0 THEIR[1]
29.0000 29.1875 49 0 1 HORNS[1]
29.1875 29.2500 49 0 1 WERE[1]
29.2500 29.3750 49 0 1 BLACK[1]
29.3750 29.5000 51 2 0 AND[1]
29.5000 29.5625 52 3 1 SHINY[1]
29.5625 29.6250 52 3 0 SHINY[2]
29.6250 29.8750 52 3 0 AND[1]
29.8750 30.0000 54 5 0 THEIR[1]
30.0000 30.1250 56 7 1 HOT[1]
30.1250 30.2500 56 7 1 BREATHS[1]
30.2500 30.3750 56 7 0 HE[1]
30.3750 30.5000 52 3 0 COULD[1]
30.5000 31.7500 56 7 1 FEEL[1]
31.8750 32.0000 56 7 0 A[1]
32.0000 32.0625 56 7 1 BOLT[1]
32.0625 32.1875 61 0 0 OF[1]
32.1875 32.3750 61 0 1 FEAR[1]
32.3750 32.5000 61 0 1 WENT[1]
32.5000 32.5625 61 0 0 THROUGH[1]
32.5625 32.6875 56 7 0 HIM[1]
32.6875 32.8750 56 7 0 AS[1]
32.8750 33.0000 56 7 0 THEY[1]
33.0000 33.1250 56 7 1 THUNDERED[1]
33.1250 33.2500 56 7 0 THUNDERED[2]
33.2500 33.3750 56 7 0 THROUGH[1]
33.3750 33.5000 52 3 0 THE[1]
33.5000 33.7500 49 0 1 SKY[1]
33.8750 33.9375 49 0 0 FOR[1]
33.9375 34.0000 49 0 0 HE[1]
34.0000 34.1875 45 8 1 SAW[1]
34.1875 34.2500 45 8 0 THE[1]
34.2500 34.3750 45 8 1 RIDERS[1]
34.3750 34.5000 45 8 0 RIDERS[2]
34.5000 34.5625 52 3 1 COMIN'[1]
34.5625 34.6250 52 3 0 COMIN'[2]
34.6250 35.7500 52 3 1 HARD[1]
35.8750 35.9375 52 3 0 AND[1]
35.9375 36.0000 52 3 0 HE[1]
36.0000 36.2500 52 3 1 HEARD[1]
36.2500 36.5000 49 0 0 THEIR[1]
36.5000 36.7500 49 0 1 MOURNFUL[1]
36.7500 37.0000 49 0 0 MOURNFUL[2]
37.0000 43.0000 49 0 1 CRY[1]
43.0000 43.5000 45 8 1 GHOST[1]
43.5000 43.7500 45 8 1 RIDERS[1]
43.7500 43.8750 45 8 0 RIDERS[2]
43.8750 44.7500 52 3 0 IN[1]
44.8750 45.0000 52 3 0 THE[1]
45.0000 46.7500 49 0 1 SKY[1]
46.8750 47.0000 44 7 0 THEIR[1]
47.0000 47.1250 49 0 1 FACES[1]
47.1250 47.2500 49 0 0 FACES[2]
47.2500 47.3750 49 0 1 GAUNT[1]
47.3750 47.4375 51 2 0 THEIR[1]
47.4375 47.6250 52 3 1 EYES[1]
47.6250 47.7500 52 3 1 WERE[1]
47.7500 47.8750 52 3 1 BLURRED[1]
47.8750 48.0000 49 0 0 AND[1]
48.0000 48.1250 47 10 1 SHIRTS[1]
48.1250 48.2500 47 10 0 ALL[1]
48.2500 48.3750 47 10 1 SOAKED[1]
48.3750 48.5000 44 7 0 WITH[1]
48.5000 48.6250 47 10 1 SWEAT[1]
48.8750 49.0000 44 7 1 THEY'RE[1]
49.0000 49.0625 49 0 1 RIDIN'[1]
49.0625 49.1250 49 0 0 RIDIN'[2]
49.1250 49.3750 49 0 1 HARD[1]
49.3750 49.5000 51 2 0 TO[1]
49.5000 49.6250 52 3 1 CATCH[1]
49.6250 49.7500 52 3 0 THAT[1]
49.7500 49.8750 52 3 1 HERD[1]
49.8750 50.0000 54 5 0 BUT[1]
50.0000 50.1250 56 7 0 THEY[1]
50.1250 50.2500 56 7 1 AIN'T[1]
50.2500 50.3125 56 7 1 CAUGHT[1]
50.3125 50.4375 52 3 0 THEM[1]
50.4375 50.5000 56 7 0 YET[1]
50.7500 50.9375 56 7 1 CAUSE[1]
50.9375 51.0000 56 7 1 THEY'VE[1]
51.0000 51.1250 56 7 1 GOT[1]
51.1250 51.1875 61 0 0 TO[1]
51.1875 51.3750 61 0 1 RIDE[1]
51.3750 51.5000 61 0 0 FOREVER[1]
51.5000 51.5625 61 0 1 FOREVER[2]
51.5625 51.6875 56 7 0 FOREVER[3]
51.6875 51.8750 56 7 0 IN[1]
51.8750 52.0000 56 7 0 THAT[1]
52.0000 52.1875 56 7 1 RANGE[1]
52.1875 52.2500 56 7 0 UP[1]
52.2500 52.3750 56 7 0 IN[1]
52.3750 52.4375 52 3 0 THE[1]
52.4375 52.7500 49 0 1 SKY[1]
52.8750 53.0000 49 0 0 ON[1]
53.0000 53.1250 45 8 1 HORSES[1]
53.1250 53.2500 45 8 0 HORSES[2]
53.2500 53.3125 45 8 1 SNORTIN'[1]
53.3125 53.4375 45 8 0 SNORTIN'[2]
53.4375 53.7500 52 3 1 FIRE(1)[1]
53.7500 53.9375 52 3 0 AS[1]
53.9375 54.0000 52 3 0 THEY[1]
54.0000 54.2500 52 3 1 RIDE[1]
54.2500 54.5000 49 0 0 ON[1]
54.5000 54.7500 49 0 1 HEAR[1]
54.7500 55.0000 49 0 0 THEIR[1]
55.0000 64.0000 49 0 1 CRY[1]
64.7500 64.9375 44 7 0 AS[1]
64.9375 65.0000 44 7 0 THE[1]
65.0000 65.1250 49 0 1 RIDERS[1]
65.1250 65.2500 49 0 0 RIDERS[2]
65.2500 65.3750 49 0 1 LOPED[1]
65.3750 65.5000 51 2 0 ON[1]
65.5000 65.6250 52 3 0 BY[1]
65.6250 65.8750 52 3 0 HIM[1]
65.8750 66.0000 49 0 0 HE[1]
66.0000 66.1250 47 10 1 HEARD[1]
66.1250 66.2500 47 10 0 ONE[1]
66.2500 66.3125 47 10 1 CALL[1]
66.3125 66.5000 44 7 0 HIS[1]
66.5000 67.5000 47 10 1 NAME[1]
67.8750 67.9375 44 7 0 IF[1]
67.9375 68.0000 44 7 0 YOU[1]
68.0000 68.0625 49 0 1 WANT[1]
68.0625 68.1250 49 0 0 TO[1]
68.1250 68.3750 49 0 0 SAVE[1]
68.3750 68.5000 51 2 0 YOUR[1]
68.5000 68.6250 52 3 1 SOUL[1]
68.6250 68.6875 52 3 0 FROM[1]
68.6875 68.8750 52 3 1 HELL[1]
68.8750 68.9375 54 5 0 A[1]
68.9375 69.1250 56 7 1 RIDIN'[1]
69.1250 69.1875 56 7 0 RIDIN'[2]
69.1875 69.3125 56 7 0 ON[1]
69.3125 69.5000 52 3 1 OUR(1)[1]
69.5000 70.7500 56 7 1 RANGE[1]
70.8750 71.0000 56 7 0 THEN[1]
71.0000 71.1250 56 7 1 COWBOY[1]
71.1250 71.2500 61 0 2 COWBOY[2]
71.2500 71.4375 61 0 1 CHANGE[1]
71.4375 71.5000 61 0 0 YOUR[1]
71.5000 71.6875 61 0 1 WAYS[1]
71.6875 71.7500 56 7 0 TODAY[1]
71.7500 71.8750 56 7 1 TODAY[2]
71.8750 72.0000 56 7 0 OR[1]
72.0000 72.0625 56 7 0 WITH[1]
72.0625 72.1875 56 7 0 US[1]
72.1875 72.3750 56 7 0 YOU[1]
72.3750 72.5000 52 3 0 WILL[1]
72.5000 72.7500 49 0 1 RIDE[1]
72.8750 73.0000 49 0 0 A[1]
73.0000 73.0625 45 8 1 TRYIN'[1]
73.0625 73.1875 45 8 0 TRYIN'[2]
73.1875 73.2500 45 8 0 TO[1]
73.2500 73.4375 45 8 1 CATCH[1]
73.4375 73.5000 45 8 0 THE[1]
73.5000 73.5625 52 3 1 DEVIL'S[1]
73.5625 73.6875 52 3 0 DEVIL'S[2]
73.6875 74.7500 52 3 1 HERD[1]
74.8750 75.0000 52 3 0 ACROSS[1]
75.0000 75.2500 52 3 1 ACROSS[2]
75.2500 75.5000 49 0 0 THESE[1]
75.5000 75.7500 49 0 1 ENDLESS[1]
75.7500 76.0000 49 0 0 ENDLESS[2]
76.0000 82.0000 49 0 1 SKIES[1]
82.0000 82.5000 45 8 1 GHOST[1]
82.5000 82.7500 45 8 1 RIDERS[1]
82.7500 82.8750 45 8 0 RIDERS[2]
82.8750 83.7500 52 3 0 IN[1]
83.7500 84.0000 52 3 0 THE[1]
84.0000 92.0000 59 10 1 SKY[1]
