1.000 1.250 57 0 0 ONE[1]
1.250 1.500 57 0 1 TWO[1]
1.500 1.625 57 0 1 THREE[1]
1.625 1.750 57 0 0 O'CLOCK[1]
1.750 2.000 57 0 1 O'CLOCK[2]
2.000 2.125 57 0 1 FOUR[1]
2.125 2.250 57 0 0 O'CLOCK[1]
2.250 2.500 57 0 1 O'CLOCK[2]
2.500 2.625 57 0 1 ROCK[1]
3.000 3.250 61 4 1 FIVE[1]
3.250 3.500 61 4 1 SIX[1]
3.500 3.583 61 4 1 SEVEN[1]
3.583 3.667 61 4 0 SEVEN[2]
3.667 3.750 61 4 0 O'CLOCK[1]
3.750 4.000 61 4 1 O'CLOCK[2]
4.000 4.125 61 4 1 EIGHT[1]
4.125 4.250 61 4 0 O'CLOCK[1]
4.250 4.500 61 4 1 O'CLOCK[2]
4.500 4.625 61 4 1 ROCK[1]
5.000 5.250 64 7 1 NINE[1]
5.250 5.417 64 7 1 TEN[1]
5.417 5.500 64 7 0 ELEVEN[1]
5.500 5.583 64 7 1 ELEVEN[2]
5.583 5.667 64 7 0 ELEVEN[3]
5.667 5.750 64 7 0 O'CLOCK[1]
5.750 6.000 64 7 1 O'CLOCK[2]
6.000 6.125 64 7 1 TWELVE[1]
6.125 6.250 64 7 0 O'CLOCK[1]
6.250 6.500 64 7 1 O'CLOCK[2]
6.500 6.625 64 7 1 ROCK[1]
6.625 6.750 64 7 1 WE'RE[1]
6.750 6.875 64 7 1 GONNA[1]
6.875 7.000 61 4 0 GONNA[2]
7.000 7.375 64 7 1 ROCK[1]
7.375 7.500 64 7 0 AROUND[1]
7.500 7.875 64 7 1 AROUND[2]
7.875 8.000 64 7 0 THE[1]
8.000 8.250 64 7 1 CLOCK[1]
8.250 8.375 64 7 0 TONIGHT[1]
8.375 8.625 64 7 1 TONIGHT[2]
8.625 8.750 64 7 1 PUT[1]
8.875 9.000 64 7 0 YOUR[1]
9.000 9.250 57 0 1 GLAD[1]
9.250 9.500 61 4 1 RAGS[1]
9.500 10.000 64 7 0 ON[1]
10.000 10.250 57 0 1 JOIN[1]
10.250 10.375 61 4 0 ME[1]
10.375 10.750 64 7 1 HON'[1]
10.875 11.000 52 7 1 WE'LL[1]
11.000 11.250 57 0 1 HAVE[1]
11.250 11.500 61 4 0 SOME[1]
11.500 11.750 64 7 1 FUN[1]
11.750 11.875 66 9 0 WHEN[1]
11.875 12.000 64 7 0 THE[1]
12.000 12.250 67 10 1 CLOCK[1]
12.250 12.500 64 7 1 STRIKES[1]
12.500 12.625 60 3 0 ONE[1]
12.625 12.750 57 0 1 WE'RE[1]
12.750 12.875 57 0 1 GONNA[1]
12.875 13.000 57 0 0 GONNA[2]
13.000 13.250 64 7 1 ROCK[1]
13.375 13.500 62 5 0 AROUND[1]
13.500 13.750 60 3 1 AROUND[2]
13.750 14.000 57 0 0 THE[1]
14.000 14.250 64 7 1 CLOCK[1]
14.250 14.375 62 5 0 TONIGHT[1]
14.375 14.625 60 3 1 TONIGHT[2]
14.625 14.750 64 7 1 WE'RE[1]
14.750 14.875 64 7 1 GONNA[1]
14.875 15.000 57 0 0 GONNA[2]
15.000 15.125 64 7 1 ROCK[1]
15.250 15.375 62 5 1 ROCK[1]
15.500 15.625 61 4 1 ROCK[1]
15.750 15.875 57 0 1 'TIL[1]
15.875 16.000 57 0 0 THE[1]
16.000 16.250 64 7 1 BROAD[1]
16.250 16.375 62 5 1 DAYLIGHT[1]
16.375 16.625 61 4 2 DAYLIGHT[2]
16.625 16.750 62 5 1 WE'RE[1]
16.750 16.875 62 5 1 GONNA[1]
16.875 17.000 62 5 0 GONNA[2]
17.000 17.250 62 5 1 ROCK[1]
17.250 17.375 62 5 1 GONNA[1]
17.375 17.500 61 4 0 GONNA[2]
17.500 17.625 62 5 1 ROCK[1]
17.625 17.750 64 7 0 AROUND[1]
17.875 18.250 64 7 1 AROUND[2]
18.250 18.375 62 5 0 THE[1]
18.375 18.500 61 4 1 CLOCK[1]
18.750 18.875 57 0 0 TONIGHT[1]
18.875 20.000 57 0 1 TONIGHT[2]
20.625 20.875 57 0 0 WHEN[1]
20.875 21.000 57 0 0 THE[1]
21.000 21.250 57 0 1 CLOCK[1]
21.250 21.500 61 4 1 STRIKES[1]
21.500 22.000 64 7 1 TWO[1]
22.000 22.125 57 0 1 THREE[1]
22.125 22.375 61 4 0 AND[1]
22.375 22.750 64 7 1 FOUR[1]
22.750 22.875 64 7 0 IF[1]
22.875 23.000 64 7 0 THE[1]
23.000 23.250 57 0 1 BAND[1]
23.250 23.500 61 4 1 SLOWS[1]
23.500 23.750 64 7 0 DOWN[1]
23.750 24.000 66 9 1 WE'LL[1]
24.000 24.250 67 10 1 YELL[1]
24.250 24.375 64 7 0 FOR[1]
24.375 24.625 60 3 0 MORE[1]
24.625 24.750 57 0 1 WE'RE[1]
24.750 24.875 59 2 1 GONNA[1]
24.875 25.000 57 0 0 GONNA[2]
25.000 25.250 64 7 1 ROCK[1]
25.375 25.500 62 5 0 AROUND[1]
25.500 25.750 60 3 1 AROUND[2]
25.750 26.000 57 0 0 THE[1]
26.000 26.250 64 7 1 CLOCK[1]
26.250 26.375 62 5 0 TONIGHT[1]
26.375 26.625 60 3 1 TONIGHT[2]
26.625 26.750 64 7 1 WE'RE[1]
26.750 26.875 64 7 1 GONNA[1]
26.875 27.000 64 7 0 GONNA[2]
27.000 27.125 64 7 1 ROCK[1]
27.250 27.375 62 5 1 ROCK[1]
27.500 27.625 61 4 1 ROCK[1]
27.750 27.875 57 0 1 'TIL[1]
27.875 28.000 57 0 0 THE[1]
28.000 28.250 64 7 1 BROAD[1]
28.250 28.375 62 5 1 DAYLIGHT[1]
28.375 28.625 61 4 2 DAYLIGHT[2]
28.625 28.750 61 4 1 WE'RE[1]
28.750 28.875 62 5 1 GONNA[1]
28.875 29.000 61 4 0 GONNA[2]
29.000 29.250 62 5 1 ROCK[1]
29.250 29.375 62 5 1 GONNA[1]
29.375 29.500 61 4 0 GONNA[2]
29.500 29.625 62 5 1 ROCK[1]
29.625 29.750 64 7 0 AROUND[1]
29.875 30.250 64 7 1 AROUND[2]
30.250 30.375 62 5 0 THE[1]
30.375 30.500 60 3 1 CLOCK[1]
30.750 30.875 57 0 0 TONIGHT[1]
30.875 44.000 57 0 1 TONIGHT[2]
44.625 44.875 57 0 0 WHEN[1]
44.875 45.000 57 0 0 THE[1]
45.000 45.250 57 0 1 CHIMES[1]
45.250 45.500 61 4 1 RING[1]
45.500 46.000 64 7 1 FIVE[1]
46.000 46.125 57 0 1 SIX[1]
46.125 46.500 61 4 0 AND[1]
46.500 46.625 64 7 1 SEVEN[1]
46.625 47.000 64 7 0 SEVEN[2]
47.000 47.250 57 0 1 WE'LL[1]
47.250 47.500 61 4 1 BE[1]
47.500 47.750 64 7 1 RIGHT[1]
47.750 48.000 66 9 0 IN[1]
48.000 48.167 67 10 1 SEVENTH[1]
48.167 48.417 64 7 0 SEVENTH[2]
48.417 48.667 60 3 1 HEAVEN[1]
48.667 48.750 61 4 0 HEAVEN[2]
48.750 48.833 57 0 1 WE'RE[1]
48.833 48.917 59 2 1 GONNA[1]
48.917 49.000 57 0 0 GONNA[2]
49.000 49.250 64 7 1 ROCK[1]
49.375 49.500 62 5 0 AROUND[1]
49.500 49.750 60 3 1 AROUND[2]
49.750 50.000 57 0 0 THE[1]
50.000 50.250 64 7 1 CLOCK[1]
50.250 50.375 62 5 0 TONIGHT[1]
50.375 50.625 60 3 1 TONIGHT[2]
50.625 50.750 64 7 1 WE'RE[1]
50.750 50.875 64 7 1 GONNA[1]
50.875 51.000 64 7 0 GONNA[2]
51.000 51.125 64 7 1 ROCK[1]
51.250 51.375 62 5 1 ROCK[1]
51.500 51.625 61 4 1 ROCK[1]
51.750 51.875 57 0 1 'TIL[1]
51.875 52.000 57 0 0 THE[1]
52.000 52.250 64 7 1 BROAD[1]
52.250 52.375 62 5 1 DAYLIGHT[1]
52.375 52.625 61 4 2 DAYLIGHT[2]
52.625 52.750 61 4 1 WE'RE[1]
52.750 52.875 62 5 1 GONNA[1]
52.875 53.000 61 4 0 GONNA[2]
53.000 53.250 62 5 1 ROCK[1]
53.250 53.375 62 5 1 GONNA[1]
53.375 53.500 62 5 0 GONNA[2]
53.500 53.625 62 5 1 ROCK[1]
53.625 53.750 64 7 0 AROUND[1]
53.875 54.250 64 7 1 AROUND[2]
54.250 54.375 62 5 0 THE[1]
54.375 54.500 60 3 1 CLOCK[1]
54.750 54.875 57 0 0 TONIGHT[1]
54.875 56.000 57 0 1 TONIGHT[2]
56.625 56.750 57 0 1 OH[1]
56.750 56.875 57 0 0 WHEN[1]
56.875 57.000 57 0 1 IT'S[1]
57.000 57.250 57 0 1 EIGHT[1]
57.250 57.500 61 4 1 NINE[1]
57.500 57.875 64 7 1 TEN[1]
57.875 58.000 52 7 0 ELEVEN[1]
58.000 58.125 57 0 1 ELEVEN[2]
58.125 58.375 61 4 0 ELEVEN[3]
58.375 58.750 64 7 1 TOO[1]
58.750 58.875 57 0 1 I'LL[1]
58.875 59.000 52 7 1 BE[1]
59.000 59.250 57 0 1 GOIN'[1]
59.250 59.500 61 4 0 GOIN'[2]
59.500 59.750 64 7 1 STRONG[1]
59.750 60.000 64 7 0 AND[1]
60.000 60.250 64 7 0 SO[1]
60.250 60.375 62 5 0 WILL[1]
60.375 60.625 60 3 0 YOU[1]
60.625 60.750 57 0 1 WE'RE[1]
60.750 60.875 59 2 1 GONNA[1]
60.875 61.000 57 0 0 GONNA[2]
61.000 61.250 64 7 1 ROCK[1]
61.375 61.500 62 5 0 AROUND[1]
61.500 61.750 60 3 1 AROUND[2]
61.750 62.000 57 0 0 THE[1]
62.000 62.250 64 7 1 CLOCK[1]
62.250 62.375 62 5 0 TONIGHT[1]
62.375 62.625 60 3 1 TONIGHT[2]
62.625 62.750 64 7 1 WE'RE[1]
62.750 62.875 64 7 1 GONNA[1]
62.875 63.000 61 4 0 GONNA[2]
63.000 63.125 64 7 1 ROCK[1]
63.250 63.375 62 5 1 ROCK[1]
63.500 63.625 61 4 1 ROCK[1]
63.750 63.875 57 0 1 'TIL[1]
63.875 64.000 57 0 0 THE[1]
64.000 64.250 64 7 1 BROAD[1]
64.250 64.375 62 5 1 DAYLIGHT[1]
64.375 64.625 61 4 2 DAYLIGHT[2]
64.625 64.750 61 4 1 WE'RE[1]
64.750 64.875 62 5 1 GONNA[1]
64.875 65.000 61 4 0 GONNA[2]
65.000 65.250 62 5 1 ROCK[1]
65.250 65.375 62 5 1 GONNA[1]
65.375 65.500 61 4 0 GONNA[2]
65.500 65.625 62 5 1 ROCK[1]
65.625 65.750 64 7 0 AROUND[1]
65.875 66.250 64 7 1 AROUND[2]
66.250 66.375 62 5 0 THE[1]
66.375 66.500 61 4 1 CLOCK[1]
66.750 66.875 57 0 0 TONIGHT[1]
66.875 80.000 57 0 1 TONIGHT[2]
80.750 80.875 57 0 0 WHEN[1]
80.875 81.000 57 0 0 THE[1]
81.000 81.250 57 0 1 CLOCK[1]
81.250 81.500 61 4 1 STRIKES[1]
81.500 81.750 64 7 1 TWELVE[1]
81.750 82.000 64 7 1 WE'LL[1]
82.000 82.125 57 0 1 COOL[1]
82.125 82.375 61 4 0 OFF[1]
82.375 82.625 64 7 0 THEN[1]
82.625 82.875 64 7 1 START[1]
82.875 83.000 64 7 0 A[1]
83.000 83.250 57 0 1 ROCKIN'[1]
83.250 83.500 61 4 0 ROCKIN'[2]
83.500 83.875 64 7 0 ROUND[1]
83.875 84.000 64 7 0 THE[1]
84.000 84.250 64 7 1 CLOCK[1]
84.250 84.375 62 5 0 AGAIN[1]
84.375 84.625 60 3 1 AGAIN[2]
84.625 84.750 57 0 1 WE'RE[1]
84.750 84.875 59 2 1 GONNA[1]
84.875 85.000 57 0 0 GONNA[2]
85.000 85.250 64 7 1 ROCK[1]
85.375 85.500 62 5 0 AROUND[1]
85.500 85.750 60 3 1 AROUND[2]
85.750 86.000 57 0 0 THE[1]
86.000 86.250 64 7 1 CLOCK[1]
86.250 86.375 62 5 0 TONIGHT[1]
86.375 86.625 60 3 1 TONIGHT[2]
86.625 86.750 64 7 1 WE'RE[1]
86.750 86.875 64 7 1 GONNA[1]
86.875 87.000 64 7 0 GONNA[2]
87.000 87.125 64 7 1 ROCK[1]
87.250 87.375 62 5 1 ROCK[1]
87.500 87.625 61 4 1 ROCK[1]
87.750 87.875 57 0 1 'TIL[1]
87.875 88.000 57 0 0 THE[1]
88.000 88.250 64 7 1 BROAD[1]
88.250 88.375 62 5 1 DAYLIGHT[1]
88.375 88.625 61 4 2 DAYLIGHT[2]
88.625 88.750 61 4 1 WE'RE[1]
88.750 88.875 62 5 1 GONNA[1]
88.875 89.000 61 4 0 GONNA[2]
89.000 89.250 62 5 1 ROCK[1]
89.250 89.375 62 5 1 GONNA[1]
89.375 89.500 61 4 0 GONNA[2]
89.500 89.625 62 5 1 ROCK[1]
89.625 89.750 64 7 0 AROUND[1]
89.875 90.250 64 7 1 AROUND[2]
90.250 90.375 62 5 0 THE[1]
90.375 90.500 61 4 1 CLOCK[1]
90.750 90.875 61 4 0 TONIGHT[1]
90.875 91.000 61 4 1 TONIGHT[2]
