7.7500 7.8750 62 4 0 IF[1]
7.8750 8.0000 62 4 0 YOU[1]
8.0000 8.2500 65 7 1 EVER[1]
8.2500 8.5000 65 7 0 EVER[2]
8.5000 8.7500 67 9 1 GO[1]
8.7500 9.0000 67 9 0 DOWN[1]
9.0000 9.1250 65 7 1 TRINIDAD[1]
9.1250 9.2500 65 7 0 TRINIDAD[2]
9.2500 9.5000 67 9 2 TRINIDAD[3]
9.8750 10.0000 62 4 0 THEY[1]
10.0000 10.2500 65 7 1 MAKE[1]
10.2500 10.5000 65 7 0 YOU[1]
10.5000 10.7500 67 9 1 FEEL[1]
10.7500 11.0000 67 9 0 SO[1]
11.0000 11.1250 65 7 1 VERY[1]
11.1250 11.2500 64 6 0 VERY[2]
11.2500 11.3750 63 5 1 GLAD[1]
11.8750 12.0000 60 2 0 CALYPSO[1]
12.0000 12.2500 63 5 1 CALYPSO[2]
12.2500 12.5000 63 5 2 CALYPSO[3]
12.5000 12.7500 65 7 1 SING[1]
12.7500 13.0000 65 7 0 AND[1]
13.0000 13.1250 63 5 1 MAKE[1]
13.1250 13.3750 63 5 0 UP[1]
13.3750 13.7500 65 7 1 RHYME[1]
13.7500 13.8750 65 7 2 GUARANTEE[1]
13.8750 14.0000 65 7 0 GUARANTEE[2]
14.0000 14.2500 65 7 1 GUARANTEE[3]
14.2500 14.5000 65 7 0 YOU[1]
14.5000 14.7500 65 7 0 ONE[1]
14.7500 15.0000 63 5 1 REAL[1]
15.0000 15.1250 62 4 1 GOOD[1]
15.1250 15.3750 60 2 1 FINE[1]
15.3750 15.6250 58 0 1 TIME[1]
15.7500 15.8750 65 7 1 DRINKIN'[1]
15.8750 16.0000 65 7 0 DRINKIN'[2]
16.0000 16.2500 65 7 1 RUM[1]
16.2500 16.5000 65 7 0 AND[1]
16.5000 16.7500 62 4 2 COCA-COLA[1]
16.7500 17.2500 67 9 0 COCA-COLA[2]
17.2500 17.3750 62 4 1 COCA-COLA[3]
17.3750 17.5000 65 7 0 COCA-COLA[4]
18.0000 18.2500 65 7 1 GO[1]
18.2500 18.5000 65 7 0 DOWN[1]
18.5000 18.7500 62 4 1 POINT[1]
18.7500 19.2500 67 9 0 KOOMAHNAH[1]
19.2500 19.3750 65 7 1 KOOMAHNAH[2]
19.3750 19.5000 63 5 2 KOOMAHNAH[3]
20.0000 20.2500 63 5 0 BOTH[1]
20.2500 20.5000 63 5 1 MOTHER[1]
20.5000 20.7500 60 2 0 MOTHER[2]
20.7500 21.2500 65 7 0 AND[1]
21.2500 21.3750 60 2 1 DAUGHTER[1]
21.3750 21.5000 63 5 0 DAUGHTER[2]
22.0000 22.2500 65 7 1 WORKIN'[1]
22.2500 22.5000 65 7 0 WORKIN'[2]
22.5000 22.8750 65 7 0 FOR[1]
22.8750 23.0000 63 5 0 THE[1]
23.0000 23.1250 62 4 1 YANKEE[1]
23.2500 23.3750 62 4 0 YANKEE[2]
23.3750 23.6250 62 4 1 DOLLAR[1]
23.6250 24.0000 62 4 0 DOLLAR[2]
27.7500 27.8750 62 4 0 SINCE[1]
27.8750 28.0000 63 5 0 THE[1]
28.0000 28.2500 65 7 1 YANKEE[1]
28.2500 28.5000 65 7 0 YANKEE[2]
28.5000 28.7500 67 9 1 COME[1]
28.7500 29.0000 67 9 0 TO[1]
29.0000 29.1250 65 7 1 TRINIDAD[1]
29.1250 29.2500 65 7 0 TRINIDAD[2]
29.2500 29.5000 67 9 2 TRINIDAD[3]
29.8750 30.0000 62 4 0 THEY[1]
30.0000 30.1250 65 7 1 GOT[1]
30.1250 30.2500 65 7 0 THE[1]
30.2500 30.5000 65 7 1 YOUNG[1]
30.5000 30.7500 67 9 1 GIRLS[1]
30.7500 31.0000 67 9 0 ALL[1]
31.0000 31.1250 65 7 1 GOIN'[1]
31.1250 31.2500 64 6 0 GOIN'[2]
31.2500 31.3750 63 5 1 MAD[1]
32.0000 32.2500 63 5 1 YOUNG[1]
32.2500 32.5000 63 5 1 GIRLS[1]
32.5000 32.7500 65 7 1 SAY[1]
32.7500 33.0000 65 7 0 THEY[1]
33.0000 33.1250 63 5 1 TREAT[1]
33.1250 33.3750 63 5 0 'EM[1]
33.3750 33.7500 65 7 1 NICE[1]
34.0000 34.2500 65 7 1 MAKE[1]
34.2500 34.3750 65 7 1 TRINIDAD[1]
34.3750 34.5000 65 7 0 TRINIDAD[2]
34.5000 34.7500 65 7 2 TRINIDAD[3]
34.7500 35.0000 63 5 0 LIKE[1]
35.0000 35.1250 62 4 1 PARADISE[1]
35.1250 35.3750 60 2 0 PARADISE[2]
35.3750 35.6250 58 0 2 PARADISE[3]
35.7500 35.8750 65 7 1 DRINKIN'[1]
35.8750 36.0000 65 7 0 DRINKIN'[2]
36.0000 36.2500 65 7 1 RUM[1]
36.2500 36.5000 65 7 0 AND[1]
36.5000 36.7500 62 4 2 COCA-COLA[1]
36.7500 37.2500 67 9 0 COCA-COLA[2]
37.2500 37.3750 62 4 1 COCA-COLA[3]
37.3750 37.5000 65 7 0 COCA-COLA[4]
38.0000 38.2500 65 7 1 GO[1]
38.2500 38.5000 65 7 0 DOWN[1]
38.5000 38.7500 62 4 1 POINT[1]
38.7500 39.2500 67 9 0 KOOMAHNAH[1]
39.2500 39.3750 65 7 1 KOOMAHNAH[2]
39.3750 39.5000 63 5 2 KOOMAHNAH[3]
40.0000 40.2500 63 5 0 BOTH[1]
40.2500 40.5000 63 5 1 MOTHER[1]
40.5000 40.7500 60 2 0 MOTHER[2]
40.7500 41.2500 65 7 0 AND[1]
41.2500 41.3750 60 2 1 DAUGHTER[1]
41.3750 41.5000 63 5 0 DAUGHTER[2]
42.0000 42.2500 65 7 1 WORKIN'[1]
42.2500 42.5000 65 7 0 WORKIN'[2]
42.5000 42.8750 65 7 0 FOR[1]
42.8750 43.0000 63 5 0 THE[1]
43.0000 43.1250 62 4 1 YANKEE[1]
43.2500 43.3750 62 4 0 YANKEE[2]
43.3750 43.6250 62 4 1 DOLLAR[1]
43.6250 44.0000 62 4 0 DOLLAR[2]
48.8750 49.0000 62 4 0 FROM[1]
49.0000 49.1250 65 7 2 CHICACHICAREE[1]
49.1250 49.2500 65 7 0 CHICACHICAREE[2]
49.2500 49.3750 62 4 1 CHICACHICAREE[3]
49.5000 49.6250 65 7 2 CHICACHICAREE[4]
49.6250 49.7500 67 9 0 CHICACHICAREE[5]
49.8750 50.0000 62 4 0 TO[1]
50.0000 50.1250 65 7 1 MONA'S[1]
50.1250 50.3750 62 4 0 MONA'S[2]
50.3750 50.7500 67 9 1 ISLE[1]
51.0000 51.1250 65 7 1 NATIVE[1]
51.1250 51.3750 62 4 0 NATIVE[2]
51.3750 51.7500 67 9 1 GIRLS[1]
51.7500 52.0000 67 9 0 ALL[1]
52.0000 52.2500 65 7 1 DANCE[1]
52.2500 52.3750 64 6 0 AND[1]
52.3750 52.7500 63 5 1 SMILE[1]
53.0000 53.1250 63 5 1 HELP[1]
53.2500 53.5000 63 5 1 SOLDIER[1]
53.5000 53.6250 65 7 0 SOLDIER[2]
53.6250 53.7500 65 7 1 CELEBRATE[1]
53.7500 53.8750 65 7 0 CELEBRATE[2]
53.8750 54.2500 63 5 2 CELEBRATE[3]
54.2500 54.5000 63 5 0 HIS[1]
54.5000 54.7500 65 7 1 LEAVE[1]
55.0000 55.2500 65 7 1 MAKE[1]
55.2500 55.3750 65 7 1 EVERY(1)[1]
55.3750 55.5000 65 7 0 EVERY(1)[2]
55.5000 55.7500 65 7 1 DAY[1]
55.7500 56.0000 63 5 0 LIKE[1]
56.0000 56.1250 61 3 1 NEW[1]
56.1250 56.3750 60 2 1 YEAR'S[1]
56.3750 56.5000 58 0 1 EVE[1]
56.6250 56.8750 65 7 1 DRINKIN'[1]
56.8750 57.0000 65 7 0 DRINKIN'[2]
57.0000 57.2500 65 7 1 RUM[1]
57.2500 57.5000 65 7 0 AND[1]
57.5000 57.7500 62 4 2 COCA-COLA[1]
57.7500 58.2500 67 9 0 COCA-COLA[2]
58.2500 58.3750 62 4 1 COCA-COLA[3]
58.3750 58.5000 65 7 0 COCA-COLA[4]
59.0000 59.2500 65 7 1 GO[1]
59.2500 59.5000 65 7 0 DOWN[1]
59.5000 59.7500 62 4 1 POINT[1]
59.7500 60.2500 67 9 0 KOOMAHNAH[1]
60.2500 60.3750 65 7 1 KOOMAHNAH[2]
60.3750 60.5000 63 5 2 KOOMAHNAH[3]
61.0000 61.2500 63 5 0 BOTH[1]
61.2500 61.5000 63 5 1 MOTHER[1]
61.5000 61.7500 60 2 0 MOTHER[2]
61.7500 62.2500 65 7 0 AND[1]
62.2500 62.3750 60 2 1 DAUGHTER[1]
62.3750 62.5000 63 5 0 DAUGHTER[2]
63.0000 63.2500 65 7 1 WORKIN'[1]
63.2500 63.5000 65 7 0 WORKIN'[2]
63.5000 63.8750 65 7 0 FOR[1]
63.8750 64.0000 63 5 0 THE[1]
64.0000 64.1250 62 4 1 YANKEE[1]
64.2500 64.3750 62 4 0 YANKEE[2]
64.3750 64.6250 62 4 1 DOLLAR[1]
64.6250 65.0000 62 4 0 DOLLAR[2]
69.8750 70.0000 62 4 0 IN[1]
70.0000 70.2500 65 7 1 OLD[1]
70.2500 70.3750 65 7 1 TRINIDAD[1]
70.3750 70.5000 65 7 0 TRINIDAD[2]
70.5000 70.7500 67 9 2 TRINIDAD[3]
70.7500 71.0000 67 9 0 I[1]
71.0000 71.1667 65 7 1 ALSO[1]
71.1667 71.3333 65 7 0 ALSO[2]
71.3333 71.7500 67 9 1 FEAR[1]
71.8750 72.0000 62 4 0 THE[1]
72.0000 72.1250 65 7 2 SITUATION[1]
72.1250 72.2500 65 7 0 SITUATION[2]
72.2500 72.5000 65 7 1 SITUATION[3]
72.5000 72.7500 67 9 0 SITUATION[4]
72.7500 73.0000 67 9 1 IS[1]
73.0000 73.1250 65 7 1 MIGHTY[1]
73.1250 73.3750 64 6 0 MIGHTY[2]
73.3750 73.6250 63 5 1 QUEER[1]
73.6250 73.8750 63 5 0 LIKE[1]
73.8750 74.0000 60 2 0 THE[1]
74.0000 74.2500 63 5 1 YANKEE[1]
74.2500 74.5000 63 5 0 YANKEE[2]
74.5000 74.7500 65 7 1 GIRL[1]
74.7500 75.0000 65 7 0 THE[1]
75.0000 75.1250 63 5 1 NATIVE[1]
75.1250 75.3750 63 5 0 NATIVE[2]
75.3750 75.7500 65 7 1 SWOON[1]
76.0000 76.2500 65 7 0 WHEN[1]
76.2500 76.5000 65 7 0 SHE[1]
76.5000 76.8750 65 7 1 HEAR[1]
76.8750 77.0000 63 5 1 DER[1]
77.0000 77.1250 62 4 1 BINGO[1]
77.1250 77.3750 60 2 0 BINGO[2]
77.3750 77.6250 58 0 1 CROON[1]
77.7500 77.8750 65 7 1 DRINKIN'[1]
77.8750 78.0000 65 7 0 DRINKIN'[2]
78.0000 78.2500 65 7 1 RUM[1]
78.2500 78.5000 65 7 0 AND[1]
78.5000 78.7500 62 4 2 COCA-COLA[1]
78.7500 79.2500 67 9 0 COCA-COLA[2]
79.2500 79.3750 62 4 1 COCA-COLA[3]
79.3750 79.5000 65 7 0 COCA-COLA[4]
80.0000 80.2500 65 7 1 GO[1]
80.2500 80.5000 65 7 0 DOWN[1]
80.5000 80.7500 62 4 1 POINT[1]
80.7500 81.2500 67 9 0 KOOMAHNAH[1]
81.2500 81.3750 65 7 1 KOOMAHNAH[2]
81.3750 81.5000 63 5 2 KOOMAHNAH[3]
82.0000 82.2500 63 5 0 BOTH[1]
82.2500 82.5000 63 5 1 MOTHER[1]
82.5000 82.7500 60 2 0 MOTHER[2]
82.7500 83.2500 65 7 0 AND[1]
83.2500 83.3750 60 2 1 DAUGHTER[1]
83.3750 83.5000 63 5 0 DAUGHTER[2]
84.0000 84.2500 65 7 1 WORKIN'[1]
84.2500 84.5000 65 7 0 WORKIN'[2]
84.5000 84.8750 65 7 0 FOR[1]
84.8750 85.0000 63 5 0 THE[1]
85.0000 85.1250 62 4 1 YANKEE[1]
85.2500 85.3750 62 4 0 YANKEE[2]
85.3750 85.6250 62 4 1 DOLLAR[1]
85.6250 86.0000 62 4 0 DOLLAR[2]
90.0000 90.2500 65 7 0 OUT[1]
90.2500 90.5000 65 7 0 ON[1]
90.5000 90.7500 67 9 2 MANZANELLA[1]
90.7500 91.0000 67 9 0 MANZANELLA[2]
91.0000 91.1250 65 7 1 MANZANELLA[3]
91.1250 91.3750 65 7 0 MANZANELLA[4]
91.3750 91.6250 67 9 1 BEACH[1]
92.0000 92.2500 65 7 0 GI[1]
92.2500 92.5000 65 7 1 GI[2]
92.5000 92.6250 67 9 0 ROMANCE[1]
92.6250 92.8750 67 9 1 ROMANCE[2]
92.8750 93.0000 58 0 0 WITH[1]
93.0000 93.1250 65 7 1 NATIVE[1]
93.1250 93.3750 64 6 0 NATIVE[2]
93.3750 93.5000 63 5 1 PEACH[1]
94.0000 94.2500 63 5 0 ALL[1]
94.2500 94.5000 63 5 1 NIGHT[1]
94.5000 94.7500 65 7 1 LONG[1]
94.7500 95.0000 65 7 1 MAKE[1]
95.0000 95.1250 63 5 1 TROPIC[1]
95.1250 95.3750 63 5 0 TROPIC[2]
95.3750 95.7500 65 7 1 LOVE[1]
95.7500 95.8750 65 7 1 NEXT[1]
96.0000 96.2500 65 7 1 DAY[1]
96.2500 96.3750 65 7 1 SIT[1]
96.3750 96.5000 65 7 0 IN[1]
96.5000 96.7500 65 7 1 HOT[1]
96.7500 97.0000 63 5 1 SUN[1]
97.0000 97.2500 62 4 0 AND[1]
97.2500 97.3750 60 2 1 COOL[1]
97.3750 97.6250 58 0 0 OFF[1]
97.7500 97.8750 65 7 1 DRINKIN'[1]
97.8750 98.0000 65 7 0 DRINKIN'[2]
98.0000 98.2500 65 7 1 RUM[1]
98.2500 98.5000 65 7 0 AND[1]
98.5000 98.7500 62 4 2 COCA-COLA[1]
98.7500 99.2500 67 9 0 COCA-COLA[2]
99.2500 99.3750 62 4 1 COCA-COLA[3]
99.3750 99.5000 65 7 0 COCA-COLA[4]
100.0000 100.2500 65 7 1 GO[1]
100.2500 100.5000 65 7 0 DOWN[1]
100.5000 100.7500 62 4 1 POINT[1]
100.7500 101.2500 67 9 0 KOOMAHNAH[1]
101.2500 101.3750 65 7 1 KOOMAHNAH[2]
101.3750 101.5000 63 5 2 KOOMAHNAH[3]
102.0000 102.2500 63 5 0 BOTH[1]
102.2500 102.5000 63 5 1 MOTHER[1]
102.5000 102.7500 60 2 0 MOTHER[2]
102.7500 103.2500 65 7 0 AND[1]
103.2500 103.3750 60 2 1 DAUGHTER[1]
103.3750 103.5000 63 5 0 DAUGHTER[2]
104.0000 104.2500 65 7 1 WORKIN'[1]
104.2500 104.5000 65 7 0 WORKIN'[2]
104.5000 104.8750 65 7 0 FOR[1]
104.8750 105.0000 63 5 0 THE[1]
105.0000 105.1250 62 4 1 YANKEE[1]
105.2500 105.3750 62 4 0 YANKEE[2]
105.3750 105.6250 62 4 1 DOLLAR[1]
105.6250 106.0000 62 4 0 DOLLAR[2]
112.0000 112.2500 65 7 1 RUM[1]
112.2500 112.5000 65 7 0 AND[1]
112.5000 112.7500 62 4 2 COCA-COLA[1]
112.7500 113.2500 67 9 0 COCA-COLA[2]
113.2500 113.3750 62 4 1 COCA-COLA[3]
113.3750 113.5000 65 7 0 COCA-COLA[4]
116.0000 116.2500 65 7 1 RUM[1]
116.2500 116.5000 65 7 0 AND[1]
116.5000 116.7500 62 4 2 COCA-COLA[1]
116.7500 117.2500 67 9 0 COCA-COLA[2]
117.2500 117.3750 62 4 1 COCA-COLA[3]
117.3750 117.5000 65 7 0 COCA-COLA[4]
120.0000 120.2500 65 7 1 WORKIN'[1]
120.2500 120.5000 65 7 0 WORKIN'[2]
120.5000 120.8750 65 7 0 FOR[1]
120.8750 121.0000 65 7 0 THE[1]
121.0000 121.2500 67 9 1 YANKEE[1]
121.2500 121.3750 69 11 0 YANKEE[2]
121.3750 121.6250 72 2 1 DOLLAR[1]
121.6250 121.7500 72 2 0 DOLLAR[2]
