2.750 2.812 55 4 0 SOMETIMES[1]
2.812 2.875 58 7 1 SOMETIMES[2]
2.875 2.938 63 0 0 THE[1]
2.938 3.125 62 11 1 SNOW[1]
3.125 3.188 63 0 1 COMES[1]
3.188 3.375 60 9 0 DOWN[1]
3.375 3.438 62 11 0 IN[1]
3.438 3.625 58 7 1 JUNE[1]
3.750 3.812 58 7 0 SOMETIMES[1]
3.812 3.875 63 0 1 SOMETIMES[2]
3.875 3.938 68 5 0 THE[1]
3.938 4.125 67 4 1 SUN[1]
4.125 4.188 68 5 1 GOES[1]
4.188 4.250 65 2 1 'ROUND[1]
4.375 4.438 63 0 0 THE[1]
4.438 4.750 67 4 1 MOON[1]
4.750 4.812 55 4 0 I[1]
4.812 4.875 58 7 1 SEE[1]
4.875 4.938 63 0 0 THE[1]
4.938 5.125 65 2 1 PASSION[1]
5.125 5.188 63 0 0 PASSION[2]
5.188 5.312 63 0 0 IN[1]
5.312 5.438 67 4 0 YOUR[1]
5.438 5.625 67 4 1 EYES[1]
5.750 5.812 58 7 0 SOMETIMES[1]
5.812 5.875 63 0 1 SOMETIMES[2]
5.875 5.938 68 5 1 IT'S[1]
5.938 6.125 67 4 0 ALL[1]
6.125 6.188 68 5 0 A[1]
6.188 6.375 65 2 1 BIG[1]
6.375 6.438 63 0 0 SURPRISE[1]
6.438 6.625 63 0 1 SURPRISE[2]
6.688 6.750 58 7 0 'CAUSE[1]
6.750 6.812 63 0 1 THERE[1]
6.812 6.875 65 2 1 WAS[1]
6.875 6.938 67 4 0 A[1]
6.938 7.062 67 4 1 TIME[1]
7.125 7.188 65 2 0 WHEN[1]
7.188 7.312 48 9 0 ALL[1]
7.312 7.438 65 2 0 I[1]
7.438 7.562 63 0 1 DID[1]
7.562 7.688 58 7 1 WAS[1]
7.688 7.750 55 4 1 WISH[1]
7.875 7.938 65 2 1 YOU'D[1]
7.938 8.062 63 0 1 TELL[1]
8.125 8.188 62 11 0 ME[1]
8.188 8.375 60 9 0 THIS[1]
8.375 8.438 58 7 1 WAS[1]
8.438 8.625 58 7 1 LOVE[1]
8.750 8.812 63 0 1 IT'S[1]
8.812 8.875 65 2 1 NOT[1]
8.875 8.938 67 4 0 THE[1]
8.938 9.125 70 7 1 WAY[1]
9.125 9.188 65 2 0 I[1]
9.188 9.250 63 0 1 HOPED[1]
9.312 9.375 72 9 0 OR[1]
9.438 9.625 70 7 1 HOW[1]
9.625 9.688 65 2 0 I[1]
9.688 9.750 63 0 1 PLANNED[1]
9.969 10.000 63 0 0 BUT[1]
10.000 10.062 65 2 1 SOMEHOW[1]
10.062 10.250 67 4 2 SOMEHOW[2]
10.250 10.375 60 9 1 IT'S[1]
10.375 10.438 63 0 0 ENOUGH[1]
10.438 10.625 65 2 1 ENOUGH[2]
10.750 10.812 55 4 0 AND[1]
10.812 10.875 58 7 1 NOW[1]
10.875 10.938 63 0 1 WE'RE[1]
10.938 11.125 62 11 1 STANDING[1]
11.125 11.188 63 0 0 STANDING[2]
11.188 11.375 60 9 1 FACE[1]
11.375 11.438 62 11 0 TO[1]
11.438 11.625 58 7 1 FACE[1]
11.750 11.812 58 7 1 ISN'T[1]
11.812 11.875 63 0 0 ISN'T[2]
11.875 11.938 68 5 0 THIS[1]
11.938 12.125 67 4 1 WORLD[1]
12.125 12.188 68 5 0 A[1]
12.188 12.250 65 2 1 CRAZY[1]
12.375 12.438 63 0 0 CRAZY[2]
12.438 12.750 67 4 1 PLACE[1]
12.750 12.812 55 4 1 JUST[1]
12.812 12.875 58 7 0 WHEN[1]
12.875 12.938 63 0 0 I[1]
12.938 13.125 65 2 1 THOUGHT[1]
13.125 13.188 63 0 1 OUR(1)[1]
13.188 13.312 63 0 1 CHANCE[1]
13.312 13.438 67 4 1 HAD[1]
13.438 13.625 67 4 1 PASSED[1]
13.750 13.812 58 7 0 YOU[1]
13.812 13.875 63 0 1 GO[1]
13.875 13.938 68 5 0 AND[1]
13.938 14.250 67 4 0 SAVE[1]
14.250 14.375 68 5 0 THE[1]
14.375 14.750 65 2 1 BEST[1]
14.750 14.875 63 0 0 FOR[1]
14.875 15.375 63 0 1 LAST[1]
16.750 16.812 55 4 0 ALL[1]
16.812 16.875 58 7 0 OF[1]
16.875 16.938 63 0 0 THE[1]
16.938 17.125 62 11 1 NIGHTS[1]
17.125 17.188 63 0 0 YOU[1]
17.188 17.375 60 9 1 CAME[1]
17.375 17.438 62 11 0 TO[1]
17.438 17.625 58 7 0 ME[1]
17.688 17.750 53 2 0 WHEN[1]
17.750 17.812 58 7 0 SOME[1]
17.812 17.875 63 0 1 SILLY[1]
17.875 17.938 68 5 0 SILLY[2]
17.938 18.125 67 4 1 GIRL[1]
18.125 18.188 68 5 1 HAD[1]
18.188 18.312 65 2 1 SET[1]
18.312 18.375 63 0 0 YOU[1]
18.375 18.500 67 4 1 FREE[1]
18.750 18.812 55 4 0 YOU[1]
18.812 18.875 58 7 1 WONDERED[1]
18.875 18.938 63 0 0 WONDERED[2]
18.938 19.125 65 2 1 HOW[1]
19.125 19.188 63 0 1 YOU'D[1]
19.188 19.312 63 0 1 MAKE[1]
19.312 19.438 67 4 0 IT[1]
19.438 19.625 67 4 0 THROUGH[1]
19.750 19.812 58 7 0 I[1]
19.812 19.875 63 0 1 WONDERED[1]
19.875 19.938 68 5 0 WONDERED[2]
19.938 20.000 67 4 0 WHAT[1]
20.062 20.188 68 5 1 WAS[1]
20.188 20.375 65 2 1 WRONG[1]
20.375 20.438 63 0 0 WITH[1]
20.438 20.625 63 0 0 YOU[1]
20.688 20.750 58 7 0 'CAUSE[1]
20.750 20.812 63 0 1 HOW[1]
20.812 20.875 65 2 0 COULD[1]
20.875 20.938 67 4 0 YOU[1]
20.938 21.062 67 4 1 GIVE[1]
21.125 21.188 65 2 0 YOUR[1]
21.188 21.250 48 9 1 LOVE[1]
21.375 21.438 65 2 0 TO[1]
21.438 21.562 63 0 1 SOMEONE[1]
21.562 21.688 58 7 2 SOMEONE[2]
21.688 21.750 55 4 1 ELSE[1]
21.875 21.938 65 2 0 AND[1]
21.938 22.062 63 0 1 SHARE[1]
22.125 22.188 62 11 0 YOUR[1]
22.188 22.375 60 9 1 DREAMS[1]
22.375 22.438 62 11 0 WITH[1]
22.438 22.625 58 7 0 ME[1]
22.750 22.812 63 0 0 SOMETIMES[1]
22.812 22.875 65 2 1 SOMETIMES[2]
22.875 22.938 67 4 0 THE[1]
22.938 23.125 70 7 1 VERY[1]
23.125 23.188 65 2 0 VERY[2]
23.188 23.250 63 0 1 THING[1]
23.312 23.375 72 9 1 YOU'RE[1]
23.438 23.625 70 7 1 LOOKING[1]
23.625 23.688 65 2 0 LOOKING[2]
23.688 23.750 63 0 0 FOR[1]
23.938 23.969 60 9 1 IS[1]
23.969 24.000 63 0 0 THE[1]
24.000 24.062 65 2 0 ONE[1]
24.062 24.250 67 4 1 THING[1]
24.250 24.312 60 9 0 YOU[1]
24.312 24.438 63 0 1 CAN'T[1]
24.438 24.625 65 2 1 SEE[1]
24.750 24.812 55 4 0 BUT[1]
24.812 24.875 58 7 1 NOW[1]
24.875 24.938 63 0 1 WE'RE[1]
24.938 25.125 62 11 1 STANDING[1]
25.125 25.188 63 0 0 STANDING[2]
25.188 25.375 60 9 1 FACE[1]
25.375 25.438 62 11 0 TO[1]
25.438 25.625 58 7 1 FACE[1]
25.750 25.812 58 7 1 ISN'T[1]
25.812 25.875 63 0 0 ISN'T[2]
25.875 25.938 68 5 0 THIS[1]
25.938 26.125 67 4 1 WORLD[1]
26.125 26.188 68 5 0 A[1]
26.188 26.312 70 7 1 CRAZY[1]
26.375 26.438 68 5 0 CRAZY[2]
26.438 26.500 68 5 1 PLACE[1]
26.750 26.812 55 4 1 JUST[1]
26.812 26.875 58 7 0 WHEN[1]
26.875 26.938 63 0 0 I[1]
26.938 27.125 65 2 1 THOUGHT[1]
27.125 27.188 63 0 1 OUR(1)[1]
27.188 27.312 63 0 1 CHANCE[1]
27.312 27.438 67 4 1 HAD[1]
27.438 27.625 67 4 1 PASSED[1]
27.750 27.812 58 7 0 YOU[1]
27.812 27.875 63 0 1 GO[1]
27.875 27.938 68 5 0 AND[1]
27.938 28.125 67 4 0 SAVE[1]
28.125 28.188 68 5 0 THE[1]
28.188 28.375 65 2 1 BEST[1]
28.375 28.438 63 0 0 FOR[1]
28.438 28.875 63 0 1 LAST[1]
32.750 32.812 63 0 0 SOMETIMES[1]
32.812 32.875 65 2 1 SOMETIMES[2]
32.875 32.938 67 4 0 THE[1]
32.938 33.125 70 7 1 VERY[1]
33.125 33.188 65 2 0 VERY[2]
33.188 33.250 63 0 1 THING[1]
33.312 33.375 72 9 1 YOU'RE[1]
33.438 33.625 70 7 1 LOOKING[1]
33.625 33.688 65 2 0 LOOKING[2]
33.688 33.750 63 0 0 FOR[1]
33.938 33.969 60 9 1 IS[1]
33.969 34.000 63 0 0 THE[1]
34.000 34.125 65 2 0 ONE[1]
34.125 34.500 67 4 1 THING[1]
34.500 34.625 60 9 0 YOU[1]
34.625 35.000 63 0 1 CAN'T[1]
35.000 35.125 65 2 1 SEE[1]
35.750 35.812 55 4 0 SOMETIMES[1]
35.812 35.875 58 7 1 SOMETIMES[2]
35.875 35.938 63 0 0 THE[1]
35.938 36.125 62 11 1 SNOW[1]
36.125 36.188 63 0 1 COMES[1]
36.188 36.375 60 9 0 DOWN[1]
36.375 36.438 62 11 0 IN[1]
36.438 36.625 58 7 1 JUNE[1]
36.750 36.812 58 7 0 SOMETIMES[1]
36.812 36.875 63 0 1 SOMETIMES[2]
36.875 36.938 68 5 0 THE[1]
36.938 37.125 67 4 1 SUN[1]
37.125 37.188 68 5 1 GOES[1]
37.188 37.250 65 2 1 'ROUND[1]
37.375 37.438 63 0 0 THE[1]
37.438 37.750 67 4 1 MOON[1]
37.750 37.812 55 4 1 JUST[1]
37.812 37.875 58 7 0 WHEN[1]
37.875 37.938 63 0 0 I[1]
37.938 38.062 65 2 1 THOUGHT[1]
38.125 38.188 63 0 1 OUR(1)[1]
38.188 38.312 63 0 1 CHANCE[1]
38.312 38.438 67 4 1 HAD[1]
38.438 38.625 67 4 1 PASSED[1]
38.750 38.812 58 7 0 YOU[1]
38.812 38.875 63 0 1 GO[1]
38.875 38.938 68 5 0 AND[1]
38.938 39.125 67 4 0 SAVE[1]
39.125 39.188 68 5 0 THE[1]
39.188 39.375 65 2 1 BEST[1]
39.375 39.438 63 0 0 FOR[1]
39.438 39.875 63 0 1 LAST[1]
40.750 40.812 58 7 0 YOU[1]
40.812 40.875 63 0 1 WENT[1]
40.875 40.938 68 5 0 AND[1]
40.938 41.250 67 4 1 SAVED[1]
41.250 41.375 68 5 0 THE[1]
41.375 41.750 65 2 1 BEST[1]
41.750 41.875 63 0 0 FOR[1]
41.875 42.750 63 0 1 LAST[1]
