9.125 9.250 58 3 0 YOU[1]
9.250 9.312 58 3 1 GOT[1]
9.375 9.438 58 3 0 ME[1]
9.438 9.500 58 3 1 LOOKING[1]
9.625 9.750 58 3 0 LOOKING[2]
9.750 9.875 58 3 0 AT[1]
9.875 10.000 58 3 0 THAT[1]
10.000 10.062 58 3 1 HEAVEN[1]
10.125 10.188 60 5 0 HEAVEN[2]
10.188 10.312 60 5 0 IN[1]
10.312 10.438 60 5 0 YOUR[1]
10.438 10.500 55 0 1 EYES[1]
10.812 10.875 55 0 0 I[1]
10.875 10.938 57 2 1 WAS[1]
11.000 11.125 58 3 1 CHASING[1]
11.125 11.188 58 3 0 CHASING[2]
11.188 11.312 58 3 0 YOUR[1]
11.312 11.438 58 3 0 DIRECTION[1]
11.438 11.625 58 3 1 DIRECTION[2]
11.625 11.750 55 0 0 DIRECTION[3]
11.812 11.875 55 0 0 I[1]
11.875 11.938 58 3 1 WAS[1]
12.000 12.062 55 0 1 TELLING[1]
12.125 12.188 57 2 0 TELLING[2]
12.188 12.312 57 2 0 YOU[1]
12.312 12.438 57 2 0 NO[1]
12.438 12.625 57 2 1 LIES[1]
12.625 12.688 57 2 0 AND[1]
12.688 12.750 57 2 0 I[1]
12.875 13.000 57 2 1 WAS[1]
13.000 13.062 57 2 1 LOVING[1]
13.062 13.188 55 0 0 LOVING[2]
13.188 13.375 55 0 0 YOU[1]
13.500 13.625 58 3 0 WHEN[1]
13.625 13.688 58 3 0 THE[1]
13.688 14.000 60 5 1 WORDS[1]
14.000 14.125 58 3 1 ARE[1]
14.125 14.188 55 0 1 SAID[1]
14.688 14.750 53 10 1 BABY[1]
14.812 14.875 55 0 0 BABY[2]
14.875 15.000 55 0 0 I[1]
15.000 15.125 55 0 1 LOSE[1]
15.125 15.250 58 3 0 MY[1]
15.250 15.312 53 10 1 HEAD[1]
16.625 16.750 62 7 0 AND[1]
16.750 16.875 62 7 0 IN[1]
16.875 17.000 62 7 0 A[1]
17.125 17.250 63 8 1 WORLD[1]
17.250 17.375 62 7 0 OF[1]
17.375 17.438 60 5 1 PEOPLE[1]
17.625 17.812 60 5 0 PEOPLE[2]
17.812 18.000 58 3 1 THERE'S[1]
18.000 18.062 60 5 1 ONLY[1]
18.125 18.188 60 5 0 ONLY[2]
18.188 18.312 60 5 0 YOU[1]
18.312 18.438 58 3 0 AND[1]
18.438 18.625 58 3 0 I[1]
18.812 18.875 62 7 1 THERE[1]
18.875 19.000 62 7 1 AIN'T[1]
19.000 19.062 63 8 1 NOTHING[1]
19.062 19.188 63 8 0 NOTHING[2]
19.188 19.250 63 8 1 COME[1]
19.375 19.438 62 7 0 BETWEEN[1]
19.438 19.562 62 7 1 BETWEEN[2]
19.562 19.688 60 5 0 US[1]
19.688 19.875 60 5 0 IN[1]
19.875 19.938 58 3 0 THE[1]
19.938 20.062 60 5 1 END[1]
20.562 21.250 70 3 1 HOW[1]
21.250 21.312 70 3 0 CAN[1]
21.312 21.438 70 3 0 I[1]
21.438 21.500 70 3 1 HOLD[1]
21.625 21.750 69 2 0 YOU[1]
21.750 21.875 69 2 0 WHEN[1]
21.875 22.000 67 0 0 YOU[1]
22.000 22.125 67 0 1 AIN'T[1]
22.125 22.250 65 10 1 EVEN[1]
22.250 22.375 65 10 0 EVEN[2]
22.375 22.438 65 10 0 MINE[1]
23.125 23.188 60 5 1 ONLY[1]
23.188 23.250 60 5 0 ONLY[2]
23.250 23.312 60 5 0 YOU[1]
23.312 23.500 60 5 0 CAN[1]
23.500 23.562 60 5 1 SEE[1]
23.625 23.688 60 5 0 ME[1]
23.688 23.750 60 5 0 THROUGH[1]
24.125 24.188 60 5 0 I[1]
24.250 24.375 62 7 1 LEAVE[1]
24.375 24.438 62 7 0 IT[1]
24.438 24.500 62 7 0 UP[1]
24.625 24.688 58 3 0 TO[1]
24.688 24.812 60 5 0 YOU[1]
25.000 25.125 53 10 1 DO[1]
25.125 25.250 55 0 0 IT[1]
25.250 25.312 58 3 1 LIGHT[1]
25.625 25.812 58 3 1 TAKING[1]
25.812 25.875 55 0 0 TAKING[2]
25.875 26.000 53 10 0 ME[1]
26.000 26.125 50 7 0 THROUGH[1]
26.125 26.188 53 10 0 THE[1]
26.250 26.375 55 0 1 NIGHT[1]
26.625 26.750 53 10 1 SHADOW[1]
26.750 26.875 55 0 2 SHADOW[2]
26.875 27.000 58 3 1 DANCING[1]
27.000 27.062 53 10 0 DANCING[2]
27.625 27.812 53 10 1 BABY[1]
27.812 27.875 50 7 0 BABY[2]
27.875 28.000 48 5 0 YOU[1]
28.000 28.125 46 3 1 DO[1]
28.125 28.250 48 5 0 IT[1]
28.250 28.375 49 6 1 RIGHT[1]
29.000 29.125 53 10 1 GIVE[1]
29.125 29.250 55 0 0 ME[1]
29.250 29.312 58 3 0 MORE[1]
29.625 29.812 58 3 1 DRAG[1]
29.812 29.875 55 0 0 ME[1]
29.875 30.000 53 10 0 ACROSS[1]
30.000 30.125 50 7 1 ACROSS[2]
30.125 30.188 53 10 0 THE[1]
30.250 30.375 55 0 1 FLOOR[1]
30.625 30.750 53 10 1 SHADOW[1]
30.750 30.875 55 0 2 SHADOW[2]
30.875 31.000 58 3 1 DANCING[1]
31.000 31.062 53 10 0 DANCING[2]
31.625 31.812 53 10 0 ALL[1]
31.812 31.875 50 7 0 THIS[1]
31.875 32.000 48 5 0 AND[1]
32.000 32.125 46 3 1 NOTHING[1]
32.125 32.250 48 5 0 NOTHING[2]
32.250 32.375 49 6 0 MORE[1]
42.125 42.250 58 3 0 ALL[1]
42.250 42.312 58 3 0 THAT[1]
42.312 42.438 58 3 0 I[1]
42.438 42.625 58 3 1 NEED[1]
42.625 42.750 58 3 1 IS[1]
42.750 42.875 58 3 1 JUST[1]
42.875 43.000 58 3 0 ONE[1]
43.000 43.062 58 3 1 MOMENT[1]
43.125 43.188 60 5 0 MOMENT[2]
43.188 43.312 60 5 0 IN[1]
43.312 43.438 60 5 0 YOUR[1]
43.438 43.500 55 0 1 ARMS[1]
43.812 43.875 55 0 0 I[1]
43.875 43.938 57 2 1 WAS[1]
44.000 44.125 58 3 1 CHASING[1]
44.125 44.188 58 3 0 CHASING[2]
44.188 44.312 58 3 0 YOUR[1]
44.312 44.438 58 3 0 AFFECTION[1]
44.438 44.625 58 3 1 AFFECTION[2]
44.625 44.750 55 0 0 AFFECTION[3]
44.812 44.875 55 0 0 I[1]
44.875 44.938 58 3 1 WAS[1]
45.000 45.062 55 0 1 DOING[1]
45.125 45.188 57 2 0 DOING[2]
45.188 45.312 57 2 0 YOU[1]
45.312 45.438 57 2 0 NO[1]
45.438 45.625 57 2 1 HARM[1]
45.625 45.688 57 2 0 AND[1]
45.688 45.750 57 2 0 I[1]
45.875 46.000 57 2 1 WAS[1]
46.000 46.062 57 2 1 LOVING[1]
46.062 46.188 55 0 0 LOVING[2]
46.188 46.375 55 0 0 YOU[1]
46.438 46.500 58 3 1 MAKE[1]
46.500 46.625 55 0 0 IT[1]
46.625 46.688 58 3 1 SHINE[1]
46.875 47.000 60 5 1 MAKE[1]
47.000 47.125 60 5 0 IT[1]
47.125 47.188 55 0 1 RAIN[1]
47.688 47.750 53 10 1 BABY[1]
47.812 47.875 55 0 0 BABY[2]
47.875 48.000 55 0 0 I[1]
48.000 48.125 55 0 1 KNOW[1]
48.125 48.250 58 3 0 MY[1]
48.250 48.312 53 10 1 WAY[1]
49.625 49.750 62 7 0 I[1]
49.750 49.875 62 7 1 NEED[1]
49.875 50.000 62 7 0 THAT[1]
50.125 50.250 63 8 1 SWEET[1]
50.250 50.375 63 8 0 SENSATION[1]
50.375 50.438 63 8 1 SENSATION[2]
50.625 50.688 60 5 0 SENSATION[3]
50.812 51.000 60 5 0 OF[1]
51.000 51.062 60 5 1 LIVING[1]
51.125 51.188 60 5 0 LIVING[2]
51.188 51.312 60 5 0 IN[1]
51.312 51.438 58 3 0 YOUR[1]
51.438 51.625 58 3 1 LOVE[1]
51.812 51.875 60 5 0 I[1]
51.875 52.000 62 7 1 CAN'T[1]
52.000 52.125 63 8 1 BREATH[1]
52.125 52.250 62 7 0 WHEN[1]
52.250 52.375 62 7 1 YOU'RE[1]
52.375 52.438 60 5 0 AWAY[1]
52.438 52.500 60 5 1 AWAY[2]
52.625 52.688 60 5 0 IT[1]
52.688 52.750 60 5 1 PULLS[1]
52.875 52.938 60 5 0 ME[1]
52.938 53.062 60 5 0 DOWN[1]
53.562 54.125 70 3 1 AH[1]
54.125 54.250 70 3 0 YOU[1]
54.250 54.375 70 3 1 ARE[1]
54.375 54.438 70 3 0 THE[1]
54.438 54.500 70 3 1 QUESTION[1]
54.625 54.750 69 2 0 QUESTION[2]
54.750 54.812 67 0 0 AND[1]
54.875 55.000 67 0 0 THE[1]
55.000 55.125 65 10 1 ANSWER[1]
55.125 55.250 65 10 0 ANSWER[2]
55.250 55.375 65 10 1 AM[1]
55.375 55.438 65 10 0 I[1]
56.125 56.188 60 5 1 ONLY[1]
56.188 56.250 60 5 0 ONLY[2]
56.250 56.312 60 5 0 YOU[1]
56.312 56.500 60 5 0 CAN[1]
56.500 56.562 60 5 1 SEE[1]
56.625 56.688 60 5 0 ME[1]
56.688 56.750 60 5 0 THROUGH[1]
57.125 57.188 60 5 0 I[1]
57.250 57.375 62 7 1 LEAVE[1]
57.375 57.438 62 7 0 IT[1]
57.438 57.500 62 7 0 UP[1]
57.625 57.688 58 3 0 TO[1]
57.688 57.812 60 5 0 YOU[1]
58.000 58.125 53 10 1 DO[1]
58.125 58.250 55 0 0 IT[1]
58.250 58.312 58 3 1 LIGHT[1]
58.625 58.812 58 3 1 TAKING[1]
58.812 58.875 55 0 0 TAKING[2]
58.875 59.000 53 10 0 ME[1]
59.000 59.125 50 7 0 THROUGH[1]
59.125 59.188 53 10 0 THE[1]
59.250 59.375 55 0 1 NIGHT[1]
59.625 59.750 53 10 1 SHADOW[1]
59.750 59.875 55 0 2 SHADOW[2]
59.875 60.000 58 3 1 DANCING[1]
60.000 60.062 53 10 0 DANCING[2]
60.625 60.812 53 10 1 BABY[1]
60.812 60.875 50 7 0 BABY[2]
60.875 61.000 48 5 0 YOU[1]
61.000 61.125 46 3 1 DO[1]
61.125 61.250 48 5 0 IT[1]
61.250 61.375 49 6 1 RIGHT[1]
62.000 62.125 53 10 1 GIVE[1]
62.125 62.250 55 0 0 ME[1]
62.250 62.312 58 3 0 MORE[1]
62.625 62.812 58 3 1 DRAG[1]
62.812 62.875 55 0 0 ME[1]
62.875 63.000 53 10 0 ACROSS[1]
63.000 63.125 50 7 1 ACROSS[2]
63.125 63.188 53 10 0 THE[1]
63.250 63.375 55 0 1 FLOOR[1]
63.625 63.750 53 10 1 SHADOW[1]
63.750 63.875 55 0 2 SHADOW[2]
63.875 64.000 58 3 1 DANCING[1]
64.000 64.062 53 10 0 DANCING[2]
64.625 64.812 53 10 0 ALL[1]
64.812 64.875 50 7 0 THIS[1]
64.875 65.000 48 5 0 AND[1]
65.000 65.167 46 3 1 NOTHING[1]
65.167 65.333 48 5 0 NOTHING[2]
65.333 65.500 49 6 0 MORE[1]
65.750 65.833 62 7 0 AND[1]
65.833 65.917 62 7 0 IN[1]
65.917 66.000 62 7 0 THIS[1]
66.125 66.250 63 8 1 WORLD[1]
66.250 66.375 63 8 0 OF[1]
66.375 66.500 65 10 1 PEOPLE[1]
66.500 66.562 60 5 0 PEOPLE[2]
66.812 66.938 65 10 1 THERE'S[1]
66.938 67.062 65 10 1 ONLY[1]
67.062 67.188 62 7 0 ONLY[2]
67.188 67.312 62 7 0 YOU[1]
67.312 67.438 60 5 0 AND[1]
67.438 67.562 60 5 0 I[1]
67.812 67.875 62 7 1 THERE[1]
67.875 68.000 62 7 1 AIN'T[1]
68.000 68.062 63 8 1 NOTHING[1]
68.062 68.188 63 8 0 NOTHING[2]
68.188 68.312 63 8 1 COME[1]
68.312 68.438 62 7 0 BETWEEN[1]
68.438 68.562 62 7 1 BETWEEN[2]
68.562 68.688 60 5 0 US[1]
68.688 68.750 60 5 0 IN[1]
68.875 68.938 60 5 0 THE[1]
68.938 69.062 60 5 1 END[1]
69.375 70.250 70 3 1 AH[1]
70.250 70.312 70 3 0 CAN[1]
70.312 70.438 70 3 0 I[1]
70.438 70.500 70 3 1 HOLD[1]
70.625 70.750 69 2 0 YOU[1]
70.750 70.875 69 2 0 WHEN[1]
70.875 70.938 67 0 0 YOU[1]
71.000 71.062 67 0 1 AIN'T[1]
71.125 71.250 65 10 1 EVEN[1]
71.250 71.375 65 10 0 EVEN[2]
71.375 71.438 65 10 0 MINE[1]
72.125 72.188 60 5 1 ONLY[1]
72.188 72.250 60 5 0 ONLY[2]
72.250 72.312 60 5 0 YOU[1]
72.312 72.500 60 5 0 CAN[1]
72.500 72.562 60 5 1 SEE[1]
72.625 72.688 60 5 0 ME[1]
72.688 72.750 60 5 0 THROUGH[1]
73.125 73.188 60 5 0 I[1]
73.250 73.375 62 7 1 LEAVE[1]
73.375 73.438 62 7 0 IT[1]
73.438 73.500 61 6 0 UP[1]
73.625 73.688 58 3 0 TO[1]
73.688 73.812 60 5 0 YOU[1]
75.000 75.125 53 10 1 DO[1]
75.125 75.250 55 0 0 IT[1]
75.250 75.312 58 3 1 LIGHT[1]
75.625 75.812 58 3 1 TAKING[1]
75.812 75.875 55 0 0 TAKING[2]
75.875 76.000 53 10 0 ME[1]
76.000 76.125 50 7 0 THROUGH[1]
76.125 76.188 53 10 0 THE[1]
76.250 76.375 55 0 1 NIGHT[1]
76.625 76.750 53 10 1 SHADOW[1]
76.750 76.875 55 0 2 SHADOW[2]
76.875 77.000 58 3 1 DANCING[1]
77.000 77.062 53 10 0 DANCING[2]
77.625 77.812 53 10 1 BABY[1]
77.812 77.875 50 7 0 BABY[2]
77.875 78.000 48 5 0 YOU[1]
78.000 78.125 46 3 1 DO[1]
78.125 78.250 48 5 0 IT[1]
78.250 78.375 49 6 1 RIGHT[1]
79.000 79.125 53 10 1 GIVE[1]
79.125 79.250 55 0 0 ME[1]
79.250 79.312 58 3 0 MORE[1]
79.625 79.812 58 3 1 DRAG[1]
79.812 79.875 55 0 0 ME[1]
79.875 80.000 53 10 0 ACROSS[1]
80.000 80.125 50 7 1 ACROSS[2]
80.125 80.188 53 10 0 THE[1]
80.250 80.375 55 0 1 FLOOR[1]
80.625 80.750 53 10 1 SHADOW[1]
80.750 80.875 55 0 2 SHADOW[2]
80.875 81.000 58 3 1 DANCING[1]
81.000 81.062 53 10 0 DANCING[2]
81.625 81.812 53 10 0 ALL[1]
81.812 81.875 50 7 0 THIS[1]
81.875 82.000 48 5 0 AND[1]
82.000 82.125 46 3 1 NOTHING[1]
82.125 82.250 48 5 0 NOTHING[2]
82.250 82.375 49 6 0 MORE[1]
83.000 83.125 53 10 1 DO[1]
83.125 83.250 55 0 0 IT[1]
83.250 83.312 58 3 1 LIGHT[1]
83.625 83.812 58 3 1 TAKING[1]
83.812 83.875 55 0 0 TAKING[2]
83.875 84.000 53 10 0 ME[1]
84.000 84.125 50 7 0 THROUGH[1]
84.125 84.188 53 10 0 THE[1]
84.250 84.375 55 0 1 NIGHT[1]
84.625 84.750 53 10 1 SHADOW[1]
84.750 84.875 55 0 2 SHADOW[2]
84.875 85.000 58 3 1 DANCING[1]
85.000 85.062 53 10 0 DANCING[2]
85.625 85.812 53 10 1 BABY[1]
85.812 85.875 50 7 0 BABY[2]
85.875 86.000 48 5 0 YOU[1]
86.000 86.125 46 3 1 DO[1]
86.125 86.250 48 5 0 IT[1]
86.250 86.375 49 6 1 RIGHT[1]
87.000 87.125 53 10 1 GIVE[1]
87.125 87.250 55 0 0 ME[1]
87.250 87.312 58 3 0 MORE[1]
87.625 87.812 58 3 1 DRAG[1]
87.812 87.875 55 0 0 ME[1]
87.875 88.000 53 10 0 ACROSS[1]
88.000 88.125 50 7 1 ACROSS[2]
88.125 88.188 53 10 0 THE[1]
88.250 88.375 55 0 1 FLOOR[1]
88.625 88.750 53 10 1 SHADOW[1]
88.750 88.875 55 0 2 SHADOW[2]
88.875 89.000 58 3 1 DANCING[1]
89.000 89.062 53 10 0 DANCING[2]
89.625 89.750 53 10 0 ALL[1]
89.750 89.875 50 7 0 THIS[1]
89.875 90.000 48 5 0 AND[1]
90.000 90.125 46 3 1 NOTHING[1]
90.125 90.250 48 5 0 NOTHING[2]
90.250 90.375 49 6 0 MORE[1]
91.000 91.125 53 10 1 DO[1]
91.125 91.250 55 0 0 IT[1]
91.250 91.312 58 3 1 LIGHT[1]
91.625 91.812 58 3 1 TAKING[1]
91.812 91.875 55 0 0 TAKING[2]
91.875 92.000 53 10 0 ME[1]
92.000 92.125 50 7 0 THROUGH[1]
92.125 92.188 53 10 0 THE[1]
92.250 92.375 55 0 1 NIGHT[1]
92.625 92.750 53 10 1 SHADOW[1]
92.750 92.875 55 0 2 SHADOW[2]
92.875 93.000 58 3 1 DANCING[1]
93.000 93.062 53 10 0 DANCING[2]
93.625 93.812 53 10 1 BABY[1]
93.812 93.875 50 7 0 BABY[2]
93.875 94.000 48 5 0 YOU[1]
94.000 94.125 46 3 1 DO[1]
94.125 94.250 48 5 0 IT[1]
94.250 94.375 49 6 1 RIGHT[1]
95.000 95.125 53 10 1 GIVE[1]
95.125 95.250 55 0 0 ME[1]
95.250 95.312 58 3 0 MORE[1]
95.625 95.812 58 3 1 DRAG[1]
95.812 95.875 55 0 0 ME[1]
95.875 96.000 53 10 0 ACROSS[1]
96.000 96.125 50 7 1 ACROSS[2]
96.125 96.188 53 10 0 THE[1]
96.250 96.375 55 0 1 FLOOR[1]
96.625 96.750 53 10 1 SHADOW[1]
96.750 96.875 55 0 2 SHADOW[2]
96.875 97.000 58 3 1 DANCING[1]
97.000 97.062 53 10 0 DANCING[2]
97.625 97.812 53 10 0 ALL[1]
97.812 97.875 50 7 0 THIS[1]
97.875 98.000 48 5 0 AND[1]
98.000 98.125 46 3 1 NOTHING[1]
98.125 98.250 48 5 0 NOTHING[2]
98.250 98.375 49 6 0 MORE[1]
99.000 99.125 53 10 1 DO[1]
99.125 99.250 55 0 0 IT[1]
99.250 99.312 58 3 1 LIGHT[1]
99.625 99.812 58 3 1 TAKING[1]
99.812 99.875 55 0 0 TAKING[2]
99.875 100.000 53 10 0 ME[1]
100.000 100.125 50 7 0 THROUGH[1]
100.125 100.188 53 10 0 THE[1]
100.250 100.375 55 0 1 NIGHT[1]
100.625 100.750 53 10 1 SHADOW[1]
100.750 100.875 55 0 2 SHADOW[2]
100.875 101.000 58 3 1 DANCING[1]
101.000 101.062 53 10 0 DANCING[2]
101.625 101.812 53 10 1 BABY[1]
101.812 101.875 50 7 0 BABY[2]
101.875 102.000 48 5 0 YOU[1]
102.000 102.125 46 3 1 DO[1]
102.125 102.250 48 5 0 IT[1]
102.250 102.375 49 6 1 RIGHT[1]
103.000 103.125 53 10 1 GIVE[1]
103.125 103.250 55 0 0 ME[1]
103.250 103.312 58 3 0 MORE[1]
103.625 103.812 58 3 1 DRAG[1]
103.812 103.875 55 0 0 ME[1]
103.875 104.000 53 10 0 ACROSS[1]
104.000 104.125 50 7 1 ACROSS[2]
104.125 104.188 53 10 0 THE[1]
104.250 104.375 55 0 1 FLOOR[1]
104.625 104.750 53 10 1 SHADOW[1]
104.750 104.875 55 0 2 SHADOW[2]
104.875 105.000 58 3 1 DANCING[1]
105.000 105.062 53 10 0 DANCING[2]
105.625 105.812 53 10 0 ALL[1]
105.812 105.875 50 7 0 THIS[1]
105.875 106.000 48 5 0 AND[1]
106.000 106.125 46 3 1 NOTHING[1]
106.125 106.250 48 5 0 NOTHING[2]
106.250 106.375 49 6 0 MORE[1]
