0.250 0.500 63 0 1 YOU'VE[1]
0.500 0.750 65 2 1 SEEN[1]
0.750 1.250 66 3 0 HIM[1]
1.250 1.375 65 2 0 UP[1]
1.375 1.500 65 2 0 AND[1]
1.500 2.125 65 2 0 DOWN[1]
2.125 2.250 56 5 0 THE[1]
2.250 2.375 56 5 1 AVENUE[1]
2.375 2.625 65 2 0 AVENUE[2]
2.625 4.000 63 0 2 AVENUE[3]
4.250 4.500 63 0 0 AND[1]
4.500 4.750 65 2 1 NOW[1]
4.750 5.000 66 3 1 HE'S[1]
5.000 5.125 65 2 1 WEARIN'[1]
5.125 5.625 65 2 0 WEARIN'[2]
5.625 5.750 62 11 0 THE[1]
5.750 5.875 62 11 1 NAVY[1]
5.875 6.000 65 2 0 NAVY[2]
6.000 8.000 63 0 1 BLUE[1]
8.000 8.188 58 0 0 SHE[1]
8.188 8.250 58 0 1 HAD[1]
8.250 8.375 58 0 0 A[1]
8.375 8.875 61 3 1 TEAR[1]
8.875 8.938 61 3 0 IN[1]
8.938 9.000 61 3 0 THE[1]
9.000 9.125 58 0 1 CORNER[1]
9.125 9.250 58 0 0 CORNER[2]
9.250 9.375 58 0 0 OF[1]
9.375 9.500 58 0 0 HER[1]
9.500 9.750 61 3 1 EYE[1]
9.750 9.875 58 0 0 AS[1]
9.875 10.000 58 0 0 HE[1]
10.000 10.375 53 7 1 SAID[1]
10.375 10.500 58 0 0 HIS[1]
10.500 10.875 61 3 1 LAST[1]
10.875 11.000 65 7 2 GOODBYE[1]
11.000 12.000 68 7 1 GOODBYE[2]
12.750 12.875 64 3 1 SHOO[1]
12.875 13.125 64 3 1 SHOO[1]
13.125 13.500 64 3 1 SHOO[1]
13.500 13.625 61 0 1 BABY[1]
13.625 13.750 63 2 0 BABY[2]
14.750 14.875 64 3 1 SHOO[1]
14.875 15.125 64 3 1 SHOO[1]
15.125 15.500 64 3 1 SHOO[1]
15.500 15.625 61 0 1 BABY[1]
15.625 15.750 56 7 0 BABY[2]
16.750 16.875 64 3 1 BYE[1]
16.875 17.125 64 3 1 BYE[1]
17.125 17.500 64 3 1 BYE[1]
17.500 17.625 61 0 1 BABY[1]
17.625 17.750 63 2 0 BABY[2]
17.875 18.000 61 0 1 DO[1]
18.000 18.250 64 3 1 DAH[1]
18.250 18.375 61 0 1 DO[1]
18.375 18.750 70 9 1 DAY[1]
18.875 19.000 73 0 0 YOUR[1]
19.000 19.125 68 7 1 PAPA'S[1]
19.125 19.500 66 5 2 PAPA'S[2]
19.500 19.750 66 5 0 OFF[1]
19.750 19.875 56 7 0 TO[1]
19.875 20.000 56 7 0 THE[1]
20.000 20.125 61 0 1 SEVEN[1]
20.125 20.375 63 2 0 SEVEN[2]
20.375 20.750 61 0 1 SEAS[1]
20.750 21.125 64 3 1 DON'T[1]
21.125 21.500 64 3 1 CRY[1]
21.500 21.625 61 0 1 BABY[1]
21.625 21.750 63 2 0 BABY[2]
22.750 23.125 64 3 1 DON'T[1]
23.125 23.500 64 3 1 SIGH[1]
23.500 23.625 61 0 1 BABY[1]
23.625 23.750 56 7 0 BABY[2]
24.750 24.875 64 3 1 BYE[1]
24.875 25.125 64 3 1 BYE[1]
25.125 25.500 64 3 1 BYE[1]
25.500 25.625 61 0 1 BABY[1]
25.625 25.750 63 2 0 BABY[2]
25.875 26.000 61 0 1 DO[1]
26.000 26.250 64 3 1 DAH[1]
26.250 26.375 61 0 1 DO[1]
26.375 26.750 70 9 1 DAY[1]
26.875 27.000 73 0 0 WHEN[1]
27.000 27.125 68 7 0 I[1]
27.125 27.500 66 5 1 COME[1]
27.500 27.625 66 5 1 BACK[1]
27.625 27.750 56 7 1 WE'LL[1]
27.750 27.875 56 7 1 LIVE[1]
27.875 28.000 56 7 0 A[1]
28.000 28.125 60 11 1 LIFE[1]
28.125 28.375 63 2 0 OF[1]
28.375 28.750 61 0 1 EASE[1]
29.125 29.500 58 9 1 SEEMS[1]
29.500 29.750 58 9 1 KINDA[1]
29.750 30.000 58 9 0 KINDA[2]
30.000 30.125 58 9 1 TOUGH[1]
30.125 30.750 63 2 1 NOW[1]
31.125 31.250 61 0 0 TO[1]
31.250 31.375 63 2 1 SAY[1]
31.375 31.500 65 4 2 GOODBYE[1]
31.500 31.750 68 7 1 GOODBYE[2]
31.750 31.875 65 4 0 THIS[1]
31.875 32.500 63 2 1 WAY[1]
33.125 33.250 63 2 0 BUT[1]
33.250 33.375 65 4 1 PAPA'S[1]
33.375 33.500 67 6 2 PAPA'S[2]
33.500 33.625 72 11 1 GOTTA[1]
33.625 33.750 72 11 0 GOTTA[2]
33.750 33.875 72 11 1 BE[1]
33.875 34.000 72 11 1 ROUGH[1]
34.125 34.500 77 4 1 NOW[1]
34.750 34.875 77 4 0 SO[1]
34.875 35.000 77 4 0 THAT[1]
35.000 35.125 82 9 0 HE[1]
35.125 35.250 82 9 0 CAN[1]
35.250 35.500 80 7 1 BE[1]
35.500 35.625 82 9 1 SWEET[1]
35.625 35.750 82 9 0 TO[1]
35.750 35.875 75 2 0 YOU[1]
35.875 36.000 75 2 0 ANOTHER[1]
36.000 36.125 77 4 1 ANOTHER[2]
36.125 36.375 75 2 0 ANOTHER[3]
36.375 36.750 72 11 1 DAY[1]
36.750 36.875 76 3 1 BYE[1]
36.875 37.125 76 3 1 BYE[1]
37.125 37.500 76 3 1 BYE[1]
37.500 37.625 73 0 1 BABY[1]
37.625 37.750 75 2 0 BABY[2]
38.750 39.125 76 3 1 DON'T[1]
39.125 39.500 76 3 1 CRY[1]
39.500 39.625 73 0 1 BABY[1]
39.625 39.750 68 7 0 BABY[2]
40.750 40.875 76 3 1 SHOO[1]
40.875 41.125 76 3 1 SHOO[1]
41.125 41.500 76 3 1 SHOO[1]
41.500 41.625 73 0 1 BABY[1]
41.625 41.750 75 2 0 BABY[2]
41.875 42.000 73 0 1 DO[1]
42.000 42.250 76 3 1 DAH[1]
42.250 42.375 73 0 1 DO[1]
42.375 42.750 82 9 1 DAY[1]
42.875 43.000 85 0 0 YOUR[1]
43.000 43.125 80 7 1 PAPA'S[1]
43.125 43.500 78 5 2 PAPA'S[2]
43.500 43.750 78 5 0 OFF[1]
43.750 43.875 68 7 0 TO[1]
43.875 44.000 68 7 0 THE[1]
44.000 44.125 73 0 1 SEVEN[1]
44.125 44.375 75 2 0 SEVEN[2]
44.375 44.750 73 0 1 SEAS[1]
44.750 45.250 76 3 1 SH[1]
45.250 45.500 76 3 1 SHOO[1]
45.500 45.625 73 0 1 BABY[1]
45.625 45.750 75 2 0 BABY[2]
46.750 47.250 76 3 1 SH[1]
47.250 47.500 76 3 1 SHOO[1]
47.500 47.625 73 0 1 BABY[1]
47.625 47.750 68 7 0 BABY[2]
48.750 49.250 76 3 1 SH[1]
49.250 49.500 76 3 1 SHOO[1]
49.500 49.625 73 0 1 BABY[1]
49.625 49.750 75 2 0 BABY[2]
50.250 50.500 76 3 1 SHOO[1]
50.500 50.750 75 2 1 SHOO[1]
51.000 51.500 85 0 1 QUIET(1)[1]
51.625 51.750 82 9 0 I[1]
51.750 51.875 82 9 1 WANT[1]
51.875 52.000 82 9 0 A[1]
52.000 52.125 80 7 1 LITTLE[1]
52.125 52.250 68 7 0 LITTLE[2]
52.250 52.375 78 5 1 BIT[1]
52.375 52.500 68 7 1 O'[1]
52.500 52.625 77 4 1 QUIET[1]
52.625 52.750 73 0 0 QUIET[2]
52.750 52.875 70 9 0 IN[1]
52.875 53.000 68 7 0 THE[1]
53.000 53.375 73 0 1 HOUSE[1]
53.375 53.625 70 9 1 PLEASE[1]
53.625 53.750 80 7 0 HE[1]
53.750 53.875 80 7 1 WANTS[1]
53.875 54.000 80 7 0 A[1]
54.000 54.125 80 7 1 LITTLE[1]
54.125 54.250 79 6 0 LITTLE[2]
54.250 54.375 78 5 1 BIT[1]
54.375 54.500 77 4 1 O'[1]
54.500 54.625 75 2 1 QUIET[1]
54.625 54.750 77 4 0 QUIET[2]
54.750 54.875 78 5 0 IN[1]
54.875 55.000 79 6 0 THE[1]
55.000 55.125 80 7 1 HOUSE[1]
55.125 55.250 84 11 1 PLEASE[1]
55.250 55.375 79 6 1 PAPA'S[1]
55.375 55.500 80 7 2 PAPA'S[2]
55.500 55.625 81 8 0 ON[1]
55.625 55.750 82 9 0 HIS[1]
55.750 55.875 83 10 1 WAY[1]
55.875 56.000 84 11 0 TO[1]
56.000 56.125 85 0 1 CROSS[1]
56.125 56.250 80 7 0 THE[1]
56.250 56.375 82 9 1 SEVEN[1]
56.375 56.500 88 3 0 SEVEN[2]
56.500 56.625 89 4 1 SEAS[1]
56.625 56.750 92 7 0 SO[1]
56.750 56.875 94 9 1 DON'T[1]
56.875 57.000 92 7 0 YOU[1]
57.000 57.125 88 3 1 CRY[1]
57.125 57.250 94 9 1 OH[1]
57.250 57.375 100 3 1 DON'T[1]
57.375 57.500 106 9 0 YOU[1]
57.500 57.625 112 3 1 SIGH[1]
57.625 57.750 109 0 2 GOODBYE[1]
57.750 57.875 106 9 1 GOODBYE[2]
57.875 58.000 104 7 1 NOW[1]
58.000 58.250 112 3 1 SHOO[1]
58.250 58.500 112 3 1 SHOO[1]
58.500 58.625 109 0 1 BABY[1]
58.625 58.750 111 2 0 BABY[2]
59.000 60.000 106 9 1 SHOO[1]
60.000 60.250 124 3 1 SHOO[1]
60.250 60.375 124 3 1 SHOO[1]
60.375 60.500 126 5 0 MY[1]
60.500 60.625 121 0 1 BABY[1]
60.625 60.750 116 7 0 BABY[2]
61.250 62.000 133 0 1 SHOO[1]
62.000 62.250 124 3 2 GOODBYE[1]
62.250 62.500 124 3 1 GOODBYE[2]
62.500 62.625 121 0 1 BABY[1]
62.625 62.750 123 2 0 BABY[2]
62.750 62.875 121 0 1 DON'T[1]
62.875 63.000 118 9 0 YOU[1]
63.000 63.125 136 3 1 CRY[1]
63.125 63.375 133 0 0 NO[1]
63.375 63.750 135 2 0 MORE[1]
63.875 64.000 133 0 0 YOUR[1]
64.000 64.250 128 7 1 BIG[1]
64.250 64.500 126 5 1 TALL[1]
64.500 64.625 125 4 1 PAPA'S[1]
64.625 64.750 121 0 2 PAPA'S[2]
64.750 64.833 118 9 0 OFF[1]
64.833 64.917 116 7 0 TO[1]
64.917 65.000 116 7 0 THE[1]
65.000 65.125 116 7 1 SEVEN[1]
65.125 65.375 125 4 0 SEVEN[2]
65.375 66.125 121 0 1 SEAS[1]
66.125 66.500 130 9 1 SEEMS[1]
66.500 66.750 130 9 1 KINDA[1]
66.750 67.000 130 9 0 KINDA[2]
67.000 67.125 130 9 1 TOUGH[1]
67.125 68.000 133 0 1 NOW[1]
68.125 68.250 133 0 0 TO[1]
68.250 68.375 130 9 1 SAY[1]
68.375 68.500 129 8 2 GOODBYE[1]
68.500 68.750 128 7 1 GOODBYE[2]
68.750 69.000 126 5 0 THIS[1]
69.000 69.125 130 9 1 WAY[1]
70.125 70.250 123 2 0 BUT[1]
70.250 70.375 125 4 1 PAPA'S[1]
70.375 70.500 127 6 2 PAPA'S[2]
70.500 70.625 132 11 1 GOTTA[1]
70.625 70.750 132 11 0 GOTTA[2]
70.750 70.875 132 11 1 BE[1]
70.875 71.000 132 11 1 ROUGH[1]
71.125 71.500 137 4 1 NOW[1]
71.750 71.875 137 4 0 SO[1]
71.875 72.000 137 4 0 THAT[1]
72.000 72.125 142 9 0 HE[1]
72.125 72.250 142 9 0 CAN[1]
72.250 72.500 140 7 1 BE[1]
72.500 72.625 142 9 1 SWEET[1]
72.625 72.750 142 9 0 TO[1]
72.750 72.875 135 2 0 YOU[1]
72.875 73.000 135 2 0 ANOTHER[1]
73.000 73.125 137 4 1 ANOTHER[2]
73.125 73.375 135 2 0 ANOTHER[3]
73.375 73.750 132 11 1 DAY[1]
73.750 74.500 136 3 1 SH[1]
74.500 74.625 133 0 1 BABY[1]
74.625 74.750 135 2 0 BABY[2]
75.750 76.500 136 3 1 SH[1]
76.500 76.625 133 0 1 BABY[1]
76.625 76.750 128 7 0 BABY[2]
77.750 77.875 136 3 1 SHOO[1]
77.875 78.125 136 3 1 SHOO[1]
78.125 78.500 136 3 1 SHOO[1]
78.500 78.625 133 0 1 BABY[1]
78.625 78.750 135 2 0 BABY[2]
78.750 78.875 133 0 2 GOODBYE[1]
78.875 79.000 136 3 1 GOODBYE[2]
79.250 79.375 133 0 2 GOODBYE[1]
79.375 79.750 142 9 1 GOODBYE[2]
79.875 80.000 145 0 0 YOUR[1]
80.000 80.125 140 7 1 PAPA'S[1]
80.125 80.500 138 5 2 PAPA'S[2]
80.500 80.625 136 3 0 OFF[1]
80.750 80.875 128 7 0 TO[1]
80.875 81.000 128 7 0 THE[1]
81.000 81.125 132 11 1 SEVEN[1]
81.125 81.375 135 2 0 SEVEN[2]
81.375 81.750 133 0 1 SEAS[1]
81.875 82.000 128 7 0 THE[1]
82.000 82.125 132 11 1 SEVEN[1]
82.125 82.375 135 2 0 SEVEN[2]
82.375 82.750 133 0 1 SEAS[1]
82.875 83.000 133 0 0 YOUR[1]
83.000 83.250 140 7 1 BIG[1]
83.250 83.500 140 7 1 TALL[1]
83.500 83.625 141 8 1 PAPA'S[1]
83.625 83.750 141 8 2 PAPA'S[2]
83.750 83.875 141 8 0 OFF[1]
83.875 83.938 141 8 0 TO[1]
83.938 84.000 141 8 0 THE[1]
84.000 84.125 142 9 1 SEVEN[1]
84.125 84.375 144 11 0 SEVEN[2]
84.375 86.000 145 0 1 SEAS[1]
