12.1250 12.2500 67 7 1 YOU'D[1]
12.2500 12.3750 67 7 1 THINK[1]
12.3750 12.5000 67 7 0 THAT[1]
12.5000 12.6250 67 7 1 PEOPLE[1]
12.6250 12.7500 67 7 0 PEOPLE[2]
12.7500 12.8750 67 7 0 WOULD[1]
12.8750 13.0000 67 7 1 HAVE[1]
13.0000 13.1250 67 7 1 HAD[1]
13.1250 13.2500 67 7 0 ENOUGH[1]
13.2500 13.3750 67 7 1 ENOUGH[2]
13.3750 13.5000 67 7 0 OF[1]
13.5000 13.6250 67 7 1 SILLY[1]
13.6250 13.8750 67 7 0 SILLY[2]
13.8750 14.1250 64 4 1 LOVE[1]
14.1250 14.5000 60 0 1 SONGS[1]
16.1250 16.2500 67 7 0 I[1]
16.2500 16.3750 67 7 1 LOOK[1]
16.3750 16.5000 67 7 0 AROUND[1]
16.5000 16.6250 67 7 1 AROUND[2]
16.6250 16.7500 67 7 0 ME[1]
16.7500 16.8750 67 7 0 AND[1]
16.8750 17.1250 67 7 0 I[1]
17.1250 17.6250 67 7 1 SEE[1]
17.6250 17.6875 65 5 0 IT[1]
17.6875 17.7500 64 4 1 ISN'T[1]
17.7500 18.0000 62 2 0 ISN'T[2]
18.0000 18.2500 60 0 0 SO[1]
20.1250 20.2500 67 7 0 SOME[1]
20.2500 20.3750 67 7 1 PEOPLE[1]
20.3750 20.5000 67 7 0 PEOPLE[2]
20.5000 20.6250 67 7 1 WANT[1]
20.6250 20.7500 67 7 0 TO[1]
20.7500 20.8750 67 7 1 FILL[1]
20.8750 21.0000 67 7 0 THE[1]
21.0000 21.5000 67 7 1 WORLD[1]
21.6250 21.7500 65 5 0 WITH[1]
21.8750 21.9375 64 4 1 SILLY[1]
21.9375 22.0000 65 5 0 SILLY[2]
22.0000 22.2500 64 4 1 LOVE[1]
22.2500 23.0000 60 0 1 SONGS[1]
23.6250 23.7500 57 9 0 AND[1]
23.7500 23.8750 60 0 1 WHAT'S[1]
24.0000 24.2500 62 2 1 WRONG[1]
24.2500 24.3750 64 4 0 WITH[1]
24.3750 25.2500 62 2 0 THAT[1]
25.8750 26.0000 55 7 1 I'D[1]
26.0000 26.2500 60 0 0 LIKE[1]
26.2500 26.3750 62 2 0 TO[1]
26.3750 27.0000 60 0 1 KNOW[1]
27.8750 28.0000 57 9 0 'CAUSE[1]
28.0000 28.2500 59 11 1 HERE[1]
28.2500 28.3750 60 0 0 I[1]
28.3750 29.2500 59 11 1 GO[1]
29.7500 29.8750 55 7 0 AGAIN[1]
29.8750 31.5000 67 7 1 AGAIN[2]
32.0000 33.0000 55 7 0 I[1]
33.0000 34.0000 62 2 1 LOVE[1]
34.0000 35.0000 64 4 0 YOU[1]
36.0000 37.0000 55 7 0 I[1]
37.0000 38.0000 62 2 1 LOVE[1]
38.0000 39.0000 64 4 0 YOU[1]
40.0000 41.0000 55 7 0 I[1]
41.0000 42.0000 62 2 1 LOVE[1]
42.0000 43.0000 64 4 0 YOU[1]
44.0000 45.0000 55 7 0 I[1]
45.0000 46.0000 62 2 1 LOVE[1]
46.0000 47.0000 60 0 0 YOU[1]
48.0000 48.6250 60 0 0 I[1]
48.7500 48.8750 64 4 1 CAN'T[1]
48.8750 49.0000 65 5 0 EXPLAIN[1]
49.0000 49.6250 67 7 1 EXPLAIN[2]
49.6250 49.7500 65 5 0 THE[1]
49.7500 49.8750 64 4 1 FEELING'S[1]
49.8750 50.0000 62 2 0 FEELING'S[2]
50.0000 50.1250 60 0 1 PLAIN[1]
50.1250 50.2500 57 9 0 TO[1]
50.2500 50.3750 57 9 0 ME[1]
51.0000 51.1250 60 0 1 CAN'T[1]
51.1250 51.2500 62 2 0 YOU[1]
51.2500 51.3750 60 0 1 SEE[1]
52.0000 52.6250 60 0 1 AH[1]
52.6250 52.7500 62 2 0 SHE[1]
52.7500 52.8750 64 4 1 GAVE[1]
52.8750 53.0000 65 5 0 ME[1]
53.0000 53.6250 67 7 0 MORE[1]
53.6250 53.7500 65 5 0 SHE[1]
53.7500 53.8750 64 4 1 GAVE[1]
53.8750 54.0000 62 2 0 IT[1]
54.0000 54.1250 60 0 0 ALL[1]
54.1250 54.2500 57 9 0 TO[1]
54.2500 54.3750 57 9 0 ME[1]
54.8750 55.0000 55 7 1 NOW[1]
55.0000 55.1250 60 0 1 CAN'T[1]
55.1250 55.2500 62 2 0 YOU[1]
55.2500 55.3750 60 0 1 SEE[1]
55.7500 55.8750 60 0 1 WHAT'S[1]
56.0000 56.2500 62 2 1 WRONG[1]
56.2500 56.3750 64 4 0 WITH[1]
56.3750 57.2500 62 2 0 THAT[1]
57.8750 58.0000 55 7 0 I[1]
58.0000 58.2500 60 0 1 NEED[1]
58.2500 58.3750 62 2 0 TO[1]
58.3750 59.0000 60 0 1 KNOW[1]
59.8750 60.0000 57 9 0 'CAUSE[1]
60.0000 60.2500 59 11 1 HERE[1]
60.2500 60.3750 60 0 0 I[1]
60.3750 61.2500 59 11 1 GO[1]
61.7500 61.8750 55 7 0 AGAIN[1]
61.8750 63.5000 67 7 1 AGAIN[2]
64.0000 65.0000 55 7 0 I[1]
65.0000 66.0000 62 2 1 LOVE[1]
66.0000 67.0000 64 4 0 YOU[1]
68.0000 69.0000 55 7 0 I[1]
69.0000 70.0000 62 2 1 LOVE[1]
70.0000 71.0000 64 4 0 YOU[1]
72.1250 72.2500 67 7 1 LOVE[1]
72.2500 72.3750 67 7 1 DOESN'T[1]
72.3750 72.5000 64 4 0 DOESN'T[2]
72.5000 72.6250 67 7 1 COME[1]
72.6250 72.7500 67 7 0 IN[1]
72.7500 72.8750 64 4 0 A[1]
72.8750 72.9375 67 7 1 MINUTE[1]
72.9375 73.0000 69 9 0 MINUTE[2]
74.1250 74.2500 57 9 0 SOMETIMES[1]
74.2500 74.3750 62 2 1 SOMETIMES[2]
74.3750 74.5000 60 0 0 IT[1]
74.5000 74.5625 62 2 1 DOESN'T[1]
74.5625 74.6875 60 0 0 DOESN'T[2]
74.6875 74.7500 62 2 1 COME[1]
74.7500 74.8125 60 0 0 AT[1]
74.8125 75.2500 64 4 0 ALL[1]
76.1250 76.2500 67 7 0 I[1]
76.2500 76.3750 67 7 1 ONLY[1]
76.3750 76.5000 67 7 0 ONLY[2]
76.5000 76.6250 67 7 1 KNOW[1]
76.6250 76.7500 67 7 0 THAT[1]
76.7500 76.8333 67 7 0 WHEN[1]
76.8333 76.9167 64 4 1 I'M[1]
76.9167 77.0000 67 7 0 IN[1]
77.0000 77.2500 69 9 0 IT[1]
78.1250 78.2500 65 5 0 IT[1]
78.2500 78.3750 65 5 1 ISN'T[1]
78.3750 78.5000 65 5 0 ISN'T[2]
78.5000 78.6250 64 4 1 SILLY[1]
78.6250 78.7500 62 2 0 SILLY[2]
79.1250 79.2500 65 5 1 LOVE[1]
79.2500 79.3750 65 5 1 ISN'T[1]
79.3750 79.5000 65 5 0 ISN'T[2]
79.5000 79.6250 64 4 1 SILLY[1]
79.6250 79.7500 62 2 0 SILLY[2]
80.1250 80.2500 65 5 1 LOVE[1]
80.2500 80.3750 65 5 1 ISN'T[1]
80.3750 80.5000 64 4 0 ISN'T[2]
80.5000 80.6250 62 2 1 SILLY[1]
80.6250 80.7500 64 4 0 SILLY[2]
80.7500 80.8750 65 5 0 AT[1]
80.8750 82.5000 69 9 0 ALL[1]
99.3750 100.1250 64 4 1 HOW[1]
100.1250 100.2500 62 2 0 CAN[1]
100.2500 100.3750 60 0 0 I[1]
100.3750 101.0000 59 11 1 TELL[1]
101.1250 101.2500 57 9 0 YOU[1]
101.2500 101.3750 55 7 0 ABOUT[1]
101.3750 102.0000 53 5 1 ABOUT[2]
102.1250 102.5000 52 4 0 MY[1]
102.5000 102.7500 48 0 1 LOVED[1]
102.7500 103.0000 50 2 0 ONE[1]
103.2500 104.1250 64 4 1 HOW[1]
104.1250 104.2500 62 2 0 CAN[1]
104.2500 104.3750 60 0 0 I[1]
104.3750 105.0000 59 11 1 TELL[1]
105.1250 105.2500 57 9 0 YOU[1]
105.2500 105.3750 55 7 0 ABOUT[1]
105.3750 106.0000 53 5 1 ABOUT[2]
106.1250 106.5000 52 4 0 MY[1]
106.5000 106.7500 48 0 1 LOVED[1]
106.7500 107.0000 50 2 0 ONE[1]
107.2500 108.1250 64 4 1 HOW[1]
108.1250 108.2500 62 2 0 CAN[1]
108.2500 108.3750 60 0 0 I[1]
108.3750 109.0000 59 11 1 TELL[1]
109.1250 109.2500 57 9 0 YOU[1]
109.2500 109.3750 55 7 0 ABOUT[1]
109.3750 110.0000 53 5 1 ABOUT[2]
110.1250 110.5000 52 4 0 MY[1]
110.5000 110.7500 48 0 1 LOVED[1]
110.7500 111.0000 50 2 0 ONE[1]
111.2500 112.1250 64 4 1 HOW[1]
112.1250 112.2500 62 2 0 CAN[1]
112.2500 112.3750 60 0 0 I[1]
112.3750 113.0000 59 11 1 TELL[1]
113.1250 113.2500 57 9 0 YOU[1]
113.2500 113.3750 55 7 0 ABOUT[1]
113.3750 114.0000 53 5 1 ABOUT[2]
114.1250 114.5000 52 4 0 MY[1]
114.5000 114.7500 48 0 1 LOVED[1]
114.7500 131.0000 50 2 0 ONE[1]
131.0000 132.0000 55 7 0 I[1]
132.0000 133.0000 62 2 1 LOVE[1]
133.0000 134.0000 64 4 0 YOU[1]
135.0000 136.0000 55 7 0 I[1]
136.0000 137.0000 62 2 1 LOVE[1]
137.0000 138.0000 64 4 0 YOU[1]
139.0000 140.0000 55 7 0 I[1]
140.0000 141.0000 62 2 1 LOVE[1]
141.0000 142.0000 64 4 0 YOU[1]
143.0000 144.0000 55 7 0 I[1]
144.0000 145.0000 62 2 1 LOVE[1]
145.0000 145.2500 60 0 0 YOU[1]
147.0000 148.0000 55 7 0 I[1]
148.0000 149.0000 62 2 1 LOVE[1]
149.0000 150.0000 64 4 0 YOU[1]
151.0000 152.0000 55 7 0 I[1]
152.0000 153.0000 62 2 1 LOVE[1]
153.0000 154.0000 64 4 0 YOU[1]
155.0000 156.0000 55 7 0 I[1]
156.0000 157.0000 62 2 1 LOVE[1]
157.0000 158.0000 64 4 0 YOU[1]
159.0000 160.0000 55 7 0 I[1]
160.0000 161.0000 62 2 1 LOVE[1]
161.0000 162.0000 64 4 0 YOU[1]
167.1250 167.2500 67 7 1 YOU'D[1]
167.2500 167.3750 67 7 1 THINK[1]
167.3750 167.5000 67 7 0 THAT[1]
167.5000 167.6250 67 7 1 PEOPLE[1]
167.6250 167.7500 67 7 0 PEOPLE[2]
167.7500 167.8750 67 7 0 WOULD[1]
167.8750 168.0000 67 7 1 HAVE[1]
168.0000 168.1250 67 7 1 HAD[1]
168.1250 168.2500 67 7 0 ENOUGH[1]
168.2500 168.3750 67 7 1 ENOUGH[2]
168.3750 168.5000 67 7 0 OF[1]
168.5000 168.6250 67 7 1 SILLY[1]
168.6250 168.8750 67 7 0 SILLY[2]
168.8750 169.1250 64 4 1 LOVE[1]
169.1250 169.5000 60 0 1 SONGS[1]
171.1250 171.2500 67 7 0 I[1]
171.2500 171.3750 67 7 1 LOOK[1]
171.3750 171.5000 67 7 0 AROUND[1]
171.5000 171.6250 67 7 1 AROUND[2]
171.6250 171.7500 67 7 0 ME[1]
171.7500 171.8750 67 7 0 AND[1]
171.8750 172.1250 67 7 0 I[1]
172.1250 172.6250 67 7 1 SEE[1]
172.6250 172.6875 65 5 0 IT[1]
172.6875 172.7500 64 4 1 ISN'T[1]
172.7500 173.0000 62 2 0 ISN'T[2]
173.0000 173.1250 60 0 0 SO[1]
173.7500 173.8750 62 2 0 I[1]
173.8750 174.0000 57 9 1 KNOW[1]
175.1250 175.2500 67 7 0 SOME[1]
175.2500 175.3750 67 7 1 PEOPLE[1]
175.3750 175.5000 67 7 0 PEOPLE[2]
175.5000 175.6250 67 7 1 WANT[1]
175.6250 175.7500 67 7 0 TO[1]
175.7500 175.8750 67 7 1 FILL[1]
175.8750 176.0000 67 7 0 THE[1]
176.0000 176.5000 67 7 1 WORLD[1]
176.6250 176.7500 65 5 0 WITH[1]
176.8750 176.9375 64 4 1 SILLY[1]
176.9375 177.0000 65 5 0 SILLY[2]
177.0000 177.1875 64 4 1 LOVE[1]
177.1875 177.2500 60 0 1 SONGS[1]
178.7500 179.0000 60 0 1 WHAT'S[1]
179.0000 179.2500 62 2 1 WRONG[1]
179.2500 179.3750 64 4 0 WITH[1]
179.3750 180.0000 62 2 0 THAT[1]
