42.750 43.000 51 7 1 OH[1]
43.000 43.500 51 7 1 FILL[1]
43.625 43.750 53 9 0 THE[1]
43.750 43.875 51 7 1 STEINS[1]
43.875 44.000 50 6 0 TO[1]
44.000 44.250 51 7 1 DEAR[1]
44.250 44.500 56 0 1 OLD[1]
44.500 45.000 60 4 1 MAINE[1]
45.000 45.125 63 7 1 SHOUT[1]
45.250 45.375 56 0 0 TILL[1]
45.375 45.500 56 0 0 THE[1]
45.500 45.750 58 2 1 RAFTERS[1]
45.750 46.000 56 0 0 RAFTERS[2]
46.000 46.500 55 11 1 RING[1]
47.000 47.500 53 9 1 STAND[1]
47.625 47.750 52 8 0 AND[1]
47.750 47.875 53 9 1 DRINK[1]
47.875 48.000 55 11 0 A[1]
48.000 48.250 53 9 1 TOAST[1]
48.250 48.375 49 5 0 ONCE[1]
48.375 48.500 48 4 0 AGAIN[1]
48.500 48.750 46 2 1 AGAIN[2]
48.875 49.000 51 7 1 LET[1]
49.000 49.125 51 7 1 EVERY(1)[1]
49.125 49.250 53 9 0 EVERY(1)[2]
49.250 49.375 55 11 1 LOYAL[1]
49.375 49.500 56 0 0 LOYAL[2]
49.500 49.750 58 2 1 MAINE[1]
49.750 50.000 59 3 1 MAN[1]
50.000 50.500 60 4 1 SING[1]
50.750 51.000 51 7 0 THEN[1]
51.000 51.125 51 7 1 DRINK[1]
51.625 51.750 50 6 0 TO[1]
51.750 51.875 51 7 0 ALL[1]
51.875 52.000 53 9 0 THE[1]
52.000 52.250 51 7 1 HAPPY[1]
52.250 52.500 56 0 0 HAPPY[2]
52.500 52.750 60 4 1 HOURS(1)[1]
53.000 53.125 63 7 1 DRINK[1]
53.250 53.375 56 0 0 TO[1]
53.375 53.500 56 0 0 THE[1]
53.500 53.750 58 2 1 CARELESS[1]
53.750 54.000 56 0 0 CARELESS[2]
54.000 54.500 55 11 1 DAYS[1]
55.000 55.125 53 9 1 DRINK[1]
55.375 55.500 53 9 0 TO[1]
55.500 55.625 52 8 1 MAINE[1]
55.625 55.750 53 9 1 OUR(1)[1]
55.750 55.875 55 11 1 ALMA[1]
55.875 56.000 56 0 0 ALMA[2]
56.000 56.500 60 4 1 MATER[1]
56.500 56.875 51 7 0 MATER[2]
56.875 57.000 51 7 0 THE[1]
57.000 57.125 53 9 1 COLLEGE[1]
57.125 57.250 51 7 0 COLLEGE[2]
57.250 57.375 50 6 0 OF[1]
57.375 57.500 51 7 1 OUR(1)[1]
57.500 57.750 60 4 1 HEARTS[1]
57.750 58.000 58 2 1 ALWAYS[1]
58.000 58.500 56 0 2 ALWAYS[2]
58.833 58.917 60 4 0 TO[1]
58.917 59.000 60 4 0 THE[1]
59.000 59.250 60 4 1 TREES[1]
59.333 59.417 60 4 0 TO[1]
59.417 59.500 60 4 0 THE[1]
59.500 59.750 60 4 1 SKY[1]
59.833 59.917 60 4 0 TO[1]
59.917 60.000 60 4 0 THE[1]
60.000 60.083 60 4 1 SPRING[1]
60.083 60.167 61 5 0 AND[1]
60.167 60.250 60 4 0 ITS[1]
60.250 60.333 58 2 1 GLORIOUS[1]
60.333 60.417 56 0 0 GLORIOUS[2]
60.417 60.500 55 11 0 GLORIOUS[3]
60.500 60.667 56 0 1 HAPPINESS[1]
60.667 60.750 55 11 0 HAPPINESS[2]
60.750 60.833 53 9 0 HAPPINESS[3]
60.833 60.917 58 2 0 TO[1]
60.917 61.000 58 2 0 THE[1]
61.000 61.083 58 2 1 YOUTH[1]
61.333 61.417 58 2 0 TO[1]
61.417 61.500 58 2 0 THE[1]
61.500 61.750 58 2 1 FIRE(1)[1]
61.833 61.917 58 2 0 TO[1]
61.917 62.000 58 2 0 THE[1]
62.000 62.083 58 2 1 LIGHT[1]
62.083 62.167 60 4 0 THAT[1]
62.167 62.250 58 2 1 IS[1]
62.250 62.333 56 0 1 MOVING[1]
62.333 62.417 55 11 0 MOVING[2]
62.417 62.500 53 9 0 AND[1]
62.500 62.667 55 11 1 CALLING[1]
62.667 62.750 53 9 0 CALLING[2]
62.750 62.833 51 7 0 US[1]
62.833 62.917 60 4 0 TO[1]
62.917 63.000 60 4 0 THE[1]
63.000 63.250 60 4 1 GODS[1]
63.333 63.417 60 4 0 TO[1]
63.417 63.500 60 4 0 THE[1]
63.500 63.750 60 4 1 FATE[1]
63.833 63.917 60 4 0 TO[1]
63.917 64.000 60 4 0 THE[1]
64.000 64.083 60 4 1 RULERS[1]
64.083 64.167 61 5 0 RULERS[2]
64.167 64.250 60 4 0 OF[1]
64.250 64.333 58 2 1 MEN[1]
64.333 64.417 56 0 0 AND[1]
64.417 64.500 55 11 0 THEIR[1]
64.500 64.667 56 0 1 DESTINIES[1]
64.667 64.750 55 11 0 DESTINIES[2]
64.750 64.833 53 9 0 DESTINIES[3]
64.833 64.917 58 2 0 TO[1]
64.917 65.000 58 2 0 THE[1]
65.000 65.083 58 2 1 LIPS[1]
65.333 65.417 58 2 0 TO[1]
65.417 65.500 58 2 0 THE[1]
65.500 65.750 58 2 1 EYES[1]
65.833 65.917 58 2 0 TO[1]
65.917 66.000 58 2 0 THE[1]
66.000 66.083 58 2 1 GIRLS[1]
66.083 66.167 60 4 0 WHO[1]
66.167 66.250 58 2 0 WILL[1]
66.250 66.333 56 0 1 LOVE[1]
66.333 66.417 55 11 0 US[1]
66.417 66.500 53 9 1 SOMEDAY[1]
66.500 66.750 51 7 2 SOMEDAY[2]
66.750 67.000 63 7 1 OH[1]
67.000 67.500 51 7 1 FILL[1]
67.625 67.750 53 9 0 THE[1]
67.750 67.875 51 7 1 STEINS[1]
67.875 68.000 50 6 0 TO[1]
68.000 68.250 51 7 1 DEAR[1]
68.250 68.500 56 0 1 OLD[1]
68.500 69.000 60 4 1 MAINE[1]
69.000 69.125 63 7 1 SHOUT[1]
69.250 69.375 56 0 0 TILL[1]
69.375 69.500 56 0 0 THE[1]
69.500 69.750 58 2 1 RAFTERS[1]
69.750 70.000 56 0 0 RAFTERS[2]
70.000 70.500 55 11 1 RING[1]
71.000 71.500 53 9 1 STAND[1]
71.625 71.750 52 8 0 AND[1]
71.750 71.875 53 9 1 DRINK[1]
71.875 72.000 55 11 0 A[1]
72.000 72.250 53 9 1 TOAST[1]
72.250 72.375 49 5 0 ONCE[1]
72.375 72.500 48 4 0 AGAIN[1]
72.500 72.750 46 2 1 AGAIN[2]
72.875 73.000 51 7 1 LET[1]
73.000 73.125 51 7 1 EVERY(1)[1]
73.125 73.250 53 9 0 EVERY(1)[2]
73.250 73.375 55 11 1 LOYAL[1]
73.375 73.500 56 0 0 LOYAL[2]
73.500 73.750 58 2 1 MAINE[1]
73.750 74.000 59 3 1 MAN[1]
74.000 74.500 60 4 1 SING[1]
74.750 75.000 51 7 0 THEN[1]
75.000 75.125 51 7 1 DRINK[1]
75.625 75.750 50 6 0 TO[1]
75.750 75.875 51 7 0 ALL[1]
75.875 76.000 53 9 0 THE[1]
76.000 76.250 51 7 1 HAPPY[1]
76.250 76.500 56 0 0 HAPPY[2]
76.500 76.750 60 4 1 HOURS(1)[1]
77.000 77.125 63 7 1 DRINK[1]
77.250 77.375 56 0 0 TO[1]
77.375 77.500 56 0 0 THE[1]
77.500 77.750 58 2 1 CARELESS[1]
77.750 78.000 56 0 0 CARELESS[2]
78.000 78.500 55 11 1 DAYS[1]
79.000 79.125 53 9 1 DRINK[1]
79.375 79.500 53 9 0 TO[1]
79.500 79.625 52 8 1 MAINE[1]
79.625 79.750 53 9 1 OUR(1)[1]
79.750 79.875 55 11 1 ALMA[1]
79.875 80.000 56 0 0 ALMA[2]
80.000 80.500 60 4 1 MATER[1]
80.500 80.875 51 7 0 MATER[2]
80.875 81.000 51 7 0 THE[1]
81.000 81.125 51 7 1 COLLEGE[1]
81.125 81.250 51 7 0 COLLEGE[2]
81.250 81.375 50 6 0 OF[1]
81.375 81.500 51 7 1 OUR(1)[1]
81.500 81.750 60 4 1 HEARTS[1]
81.750 82.000 58 2 1 ALWAYS[1]
82.000 82.500 56 0 2 ALWAYS[2]
82.833 82.917 60 4 0 TO[1]
82.917 83.000 60 4 0 THE[1]
83.000 83.250 60 4 1 TREES[1]
83.333 83.417 60 4 0 TO[1]
83.417 83.500 60 4 0 THE[1]
83.500 83.750 60 4 1 SKY[1]
83.833 83.917 60 4 0 TO[1]
83.917 84.000 60 4 0 THE[1]
84.000 84.083 60 4 1 SPRING[1]
84.083 84.167 61 5 0 AND[1]
84.167 84.250 60 4 0 ITS[1]
84.250 84.333 58 2 1 GLORIOUS[1]
84.333 84.417 56 0 0 GLORIOUS[2]
84.417 84.500 55 11 0 GLORIOUS[3]
84.500 84.667 56 0 1 HAPPINESS[1]
84.667 84.750 55 11 0 HAPPINESS[2]
84.750 84.833 53 9 0 HAPPINESS[3]
84.833 84.917 58 2 0 TO[1]
84.917 85.000 58 2 0 THE[1]
85.000 85.083 58 2 1 YOUTH[1]
85.333 85.417 58 2 0 TO[1]
85.417 85.500 58 2 0 THE[1]
85.500 85.750 58 2 1 FIRE(1)[1]
85.833 85.917 58 2 0 TO[1]
85.917 86.000 58 2 0 THE[1]
86.000 86.083 58 2 1 LIGHT[1]
86.083 86.167 60 4 0 THAT[1]
86.167 86.250 58 2 1 IS[1]
86.250 86.333 56 0 1 MOVING[1]
86.333 86.417 55 11 0 MOVING[2]
86.417 86.500 53 9 0 AND[1]
86.500 86.667 55 11 1 CALLING[1]
86.667 86.750 53 9 0 CALLING[2]
86.750 86.833 51 7 0 US[1]
86.833 86.917 60 4 0 TO[1]
86.917 87.000 60 4 0 THE[1]
87.000 87.250 60 4 1 GODS[1]
87.333 87.417 60 4 0 TO[1]
87.417 87.500 60 4 0 THE[1]
87.500 87.750 60 4 1 FATE[1]
87.833 87.917 60 4 0 TO[1]
87.917 88.000 60 4 0 THE[1]
88.000 88.083 60 4 1 RULERS[1]
88.083 88.167 61 5 0 RULERS[2]
88.167 88.250 60 4 0 OF[1]
88.250 88.333 58 2 1 MEN[1]
88.333 88.417 56 0 0 AND[1]
88.417 88.500 55 11 0 THEIR[1]
88.500 88.667 56 0 1 DESTINIES[1]
88.667 88.750 55 11 0 DESTINIES[2]
88.750 88.833 53 9 0 DESTINIES[3]
88.833 88.917 58 2 0 TO[1]
88.917 89.000 58 2 0 THE[1]
89.000 89.083 58 2 1 LIPS[1]
89.333 89.417 58 2 0 TO[1]
89.417 89.500 58 2 0 THE[1]
89.500 89.750 58 2 1 EYES[1]
89.833 89.917 58 2 0 TO[1]
89.917 90.000 58 2 0 THE[1]
90.000 90.083 58 2 1 GIRLS[1]
90.083 90.167 60 4 0 WHO[1]
90.167 90.250 58 2 0 WILL[1]
90.250 90.333 56 0 1 LOVE[1]
90.333 90.417 55 11 0 US[1]
90.417 90.500 53 9 1 SOMEDAY[1]
90.500 90.750 51 7 2 SOMEDAY[2]
90.750 91.000 63 7 1 OH[1]
91.000 91.500 51 7 1 FILL[1]
91.625 91.750 53 9 0 THE[1]
91.750 91.875 51 7 1 STEINS[1]
91.875 92.000 50 6 0 TO[1]
92.000 92.250 51 7 1 DEAR[1]
92.250 92.500 56 0 1 OLD[1]
92.500 93.000 60 4 1 MAINE[1]
93.000 93.125 63 7 1 SHOUT[1]
93.250 93.375 56 0 0 TILL[1]
93.375 93.500 56 0 0 THE[1]
93.500 93.750 58 2 1 RAFTERS[1]
93.750 94.000 56 0 0 RAFTERS[2]
94.000 94.500 55 11 1 RING[1]
95.000 95.500 53 9 1 STAND[1]
95.625 95.750 52 8 0 AND[1]
95.750 95.875 53 9 1 DRINK[1]
95.875 96.000 55 11 0 A[1]
96.000 96.250 53 9 1 TOAST[1]
96.250 96.375 49 5 0 ONCE[1]
96.375 96.500 48 4 0 AGAIN[1]
96.500 96.750 46 2 1 AGAIN[2]
96.875 97.000 51 7 1 LET[1]
97.000 97.125 51 7 1 EVERY(1)[1]
97.125 97.250 53 9 0 EVERY(1)[2]
97.250 97.375 55 11 1 LOYAL[1]
97.375 97.500 56 0 0 LOYAL[2]
97.500 97.750 58 2 1 MAINE[1]
97.750 98.000 59 3 1 MAN[1]
98.000 98.500 60 4 1 SING[1]
98.750 99.000 51 7 0 THEN[1]
99.000 99.125 51 7 1 DRINK[1]
99.625 99.750 50 6 0 TO[1]
99.750 99.875 51 7 0 ALL[1]
99.875 100.000 53 9 0 THE[1]
100.000 100.250 51 7 1 HAPPY[1]
100.250 100.500 56 0 0 HAPPY[2]
100.500 100.750 60 4 1 HOURS(1)[1]
101.000 101.125 63 7 1 DRINK[1]
101.250 101.375 56 0 0 TO[1]
101.375 101.500 56 0 0 THE[1]
101.500 101.750 58 2 1 CARELESS[1]
101.750 102.000 56 0 0 CARELESS[2]
102.000 102.500 55 11 1 DAYS[1]
103.000 103.125 53 9 1 DRINK[1]
103.375 103.500 53 9 0 TO[1]
103.500 103.625 52 8 1 MAINE[1]
103.625 103.750 53 9 1 OUR(1)[1]
103.750 103.875 55 11 1 ALMA[1]
103.875 104.000 56 0 0 ALMA[2]
104.000 104.500 60 4 1 MATER[1]
104.500 104.875 51 7 0 MATER[2]
104.875 105.000 51 7 0 THE[1]
105.000 105.125 51 7 1 COLLEGE[1]
105.125 105.250 51 7 0 COLLEGE[2]
105.250 105.375 50 6 0 OF[1]
105.375 105.500 51 7 1 OUR(1)[1]
105.500 105.750 60 4 1 HEARTS[1]
105.750 106.000 58 2 1 ALWAYS[1]
106.000 106.500 56 0 2 ALWAYS[2]
