4.6250 4.7500 55 0 1 WELL[1]
4.7500 4.8750 60 5 1 THERE'S[1]
4.8750 5.0000 60 5 0 A[1]
5.0000 5.1250 62 7 1 CRAZY[1]
5.1250 5.2500 62 7 0 CRAZY[2]
5.2500 5.3750 60 5 1 LITTLE[1]
5.3750 5.5000 59 4 0 LITTLE[2]
5.5000 5.6250 60 5 1 SHACK[1]
5.8750 6.0000 59 4 0 BEYOND[1]
6.0000 6.1250 60 5 1 BEYOND[2]
6.2500 6.3750 59 4 0 THE[1]
6.3750 6.6250 60 5 1 TRACKS[1]
8.8750 9.0000 50 7 0 AND[1]
9.0000 9.1250 62 7 1 EVERYBODY[1]
9.1250 9.2500 62 7 0 EVERYBODY[2]
9.2500 9.3750 60 5 2 EVERYBODY[3]
9.3750 9.5000 59 4 0 EVERYBODY[4]
9.5000 9.6250 60 5 1 CALLS[1]
9.7500 9.8750 59 4 0 IT[1]
9.8750 10.0000 57 2 0 THE[1]
10.2500 10.3750 59 4 1 SUGAR[1]
10.3750 10.6250 59 4 0 SUGAR[2]
10.6250 10.7500 55 0 1 SHACK[1]
12.6250 12.8750 60 5 1 WELL[1]
12.8750 13.0000 59 4 0 ITS[1]
13.0000 13.1250 62 7 1 JUST[1]
13.1250 13.2500 60 5 0 A[1]
13.2500 13.3750 62 7 1 COFFEEHOUSE[1]
13.3750 13.5000 60 5 0 COFFEEHOUSE[2]
13.5000 13.6250 62 7 2 COFFEEHOUSE[3]
13.6250 13.7500 60 5 0 AND[1]
13.7500 14.0000 59 4 0 ITS[1]
14.1250 14.2500 60 5 1 MADE[1]
14.2500 14.3750 59 4 0 OUT[1]
14.3750 14.5000 60 5 0 OF[1]
14.5000 14.7500 57 2 1 WOOD[1]
14.8750 15.0000 48 5 2 ESPRESSO[1]
15.0000 15.1250 62 7 1 ESPRESSO[2]
15.1250 15.3750 62 7 0 ESPRESSO[3]
15.3750 15.6250 62 7 1 COFFEE[1]
15.6250 15.7500 64 9 0 COFFEE[2]
15.7500 16.0000 62 7 1 TASTES[1]
16.2500 16.3750 62 7 1 MIGHTY[1]
16.3750 16.5000 55 0 0 MIGHTY[2]
16.5000 16.7500 59 4 1 GOOD[1]
17.1250 17.2500 62 7 1 THAT'S[1]
17.2500 17.3750 62 7 1 NOT[1]
17.3750 17.5000 60 5 0 THE[1]
17.5000 17.6250 62 7 1 REASON[1]
17.6250 17.7500 59 4 0 REASON[2]
17.7500 17.8750 60 5 1 WHY[1]
17.8750 18.0000 59 4 1 I'VE[1]
18.0000 18.1250 60 5 1 GOT[1]
18.1250 18.2500 59 4 0 TO[1]
18.2500 18.3750 60 5 1 GET[1]
18.3750 18.6250 57 2 1 BACK[1]
18.6250 18.7500 62 7 1 BACK[1]
18.7500 18.8750 62 7 0 TO[1]
18.8750 19.0000 62 7 0 THAT[1]
19.2500 19.3750 62 7 1 SUGAR[1]
19.3750 19.5000 62 7 0 SUGAR[2]
19.5000 19.6250 62 7 1 SHACK[1]
20.2500 20.3750 62 7 1 WHOA[1]
20.3750 20.6250 60 5 1 BABY[1]
20.6250 20.7500 62 7 0 BABY[2]
20.7500 20.8750 59 4 0 TO[1]
20.8750 21.0000 59 4 0 THAT[1]
21.2500 21.3750 57 2 1 SUGAR[1]
21.3750 21.5000 54 11 0 SUGAR[2]
21.5000 21.7500 55 0 1 SHACK[1]
22.6250 22.7500 48 5 1 WELL[1]
22.7500 22.8750 59 4 1 THERE'S[1]
22.8750 23.0000 60 5 0 THIS[1]
23.0000 23.2500 62 7 1 CUTE[1]
23.2500 23.3750 60 5 1 LITTLE[1]
23.3750 23.5000 59 4 0 LITTLE[2]
23.5000 23.6250 60 5 1 GIRLIE[1]
23.6250 23.7500 59 4 0 GIRLIE[2]
23.7500 23.8750 60 5 1 SHE'S[1]
23.8750 24.1250 59 4 0 A[1]
24.1250 24.2500 59 4 0 A[1]
24.2500 24.3750 60 5 1 WORKING[1]
24.3750 24.5000 59 4 0 WORKING[2]
24.5000 24.6250 60 5 1 THERE[1]
26.8750 27.0000 50 7 0 A[1]
27.0000 27.1250 62 7 1 BLACK[1]
27.2500 27.3750 60 5 1 LEOTARD[1]
27.3750 27.5000 59 4 0 LEOTARD[2]
27.5000 27.6250 60 5 2 LEOTARD[3]
27.7500 27.8750 60 5 0 AND[1]
27.8750 28.1250 57 2 0 HER[1]
28.1250 28.2500 59 4 1 FEET[1]
28.2500 28.3750 59 4 1 ARE[1]
28.5000 28.7500 55 0 1 BARE[1]
30.6250 30.7500 59 4 1 I'M[1]
30.7500 30.8750 60 5 1 GONNA[1]
30.8750 31.0000 59 4 0 GONNA[2]
31.0000 31.1250 62 7 1 DRINK[1]
31.1250 31.2500 59 4 0 A[1]
31.2500 31.3125 62 7 1 LOT[1]
31.3125 31.3750 59 4 0 OF[1]
31.3750 31.6250 62 7 1 COFFEE[1]
31.6250 32.0000 59 4 0 COFFEE[2]
32.0000 32.1250 60 5 1 SPEND[1]
32.1250 32.2500 59 4 0 A[1]
32.2500 32.3125 60 5 1 LITTLE[1]
32.3125 32.3750 60 5 0 LITTLE[2]
32.3750 32.5000 57 2 1 CASH[1]
33.0000 33.1250 62 7 1 MAKE[1]
33.1250 33.2500 62 7 0 THAT[1]
33.2500 33.3750 62 7 1 GIRL[1]
33.3750 33.6250 62 7 1 LOVE[1]
33.6250 33.7500 64 9 0 ME[1]
33.7500 33.8750 62 7 0 WHEN[1]
33.8750 34.0000 59 4 0 I[1]
34.1250 34.1875 59 4 1 PUT[1]
34.1875 34.3750 57 2 0 ON[1]
34.3750 34.5000 55 0 0 SOME[1]
34.5000 34.5625 59 4 1 TRASH[1]
35.0000 35.1250 62 7 0 YOU[1]
35.1250 35.2500 60 5 0 CAN[1]
35.2500 35.3750 62 7 2 UNDERSTAND[1]
35.3750 35.5000 60 5 0 UNDERSTAND[2]
35.5000 35.6250 62 7 1 UNDERSTAND[3]
35.6250 35.8750 60 5 1 WHY[1]
35.8750 36.0000 59 4 1 I'VE[1]
36.0000 36.1250 60 5 1 GOT[1]
36.1250 36.2500 59 4 0 TO[1]
36.2500 36.3750 60 5 1 GET[1]
36.3750 36.6250 57 2 1 BACK[1]
36.6250 36.7500 62 7 1 BACK[1]
36.7500 36.8750 62 7 0 TO[1]
36.8750 37.0000 62 7 0 THAT[1]
37.2500 37.3750 62 7 1 SUGAR[1]
37.3750 37.5000 62 7 0 SUGAR[2]
37.5000 37.6250 62 7 1 SHACK[1]
38.2500 38.3750 62 7 1 WHOA[1]
38.3750 38.6250 60 5 1 BABY[1]
38.6250 38.7500 62 7 0 BABY[2]
38.7500 38.8750 59 4 0 TO[1]
38.8750 39.0000 59 4 0 THAT[1]
39.2500 39.3750 57 2 1 SUGAR[1]
39.3750 39.5000 54 11 0 SUGAR[2]
39.5000 39.7500 55 0 1 SHACK[1]
40.2500 40.3750 62 7 1 YEAH[1]
40.3750 40.6250 59 4 1 HONEY[1]
40.6250 40.7500 57 2 0 HONEY[2]
40.7500 40.8750 59 4 0 TO[1]
40.8750 41.2500 59 4 0 THAT[1]
41.2500 41.3750 57 2 1 SUGAR[1]
41.3750 41.5000 54 11 0 SUGAR[2]
41.5000 41.6250 55 0 1 SHACK[1]
42.2500 42.3750 62 7 1 WHOA[1]
42.3750 42.5000 60 5 1 YES[1]
42.6875 42.7500 59 4 0 TO[1]
42.7500 42.8750 59 4 0 THAT[1]
43.2500 43.3750 57 2 1 SUGAR[1]
43.3750 43.5000 54 11 0 SUGAR[2]
43.5000 43.6250 55 0 1 SHACK[1]
44.6250 44.7500 59 4 0 AND[1]
44.7500 44.8750 59 4 1 NOW[1]
44.8750 45.0000 60 5 0 THAT[1]
45.0000 45.1250 62 7 1 SUGAR[1]
45.1250 45.2500 62 7 0 SUGAR[2]
45.2500 45.3750 60 5 1 SHACK[1]
45.5000 45.6250 60 5 1 QUEEN[1]
45.7500 45.8750 60 5 1 IS[1]
45.8750 46.0000 59 4 0 A[1]
46.0000 46.1250 60 5 1 MARRIED[1]
46.1250 46.2500 59 4 0 MARRIED[2]
46.2500 46.3750 59 4 0 TO[1]
46.3750 46.6250 60 5 0 ME[1]
46.6250 46.7500 62 7 1 YEAH[1]
46.7500 46.8750 62 7 1 YEAH[1]
48.6250 48.7500 59 4 0 WE[1]
48.7500 48.8750 60 5 1 JUST[1]
49.1250 49.1875 62 7 1 SIT[1]
49.1875 49.2500 62 7 0 AROUND[1]
49.2500 49.3750 60 5 1 AROUND[2]
49.3750 49.5000 59 4 0 AND[1]
49.5000 49.6250 60 5 1 DREAM[1]
49.6250 49.7500 59 4 0 OF[1]
49.7500 49.8750 60 5 0 THOSE[1]
50.1250 50.2500 59 4 1 OLD[1]
50.2500 50.3750 59 4 1 MEMORIES[1]
50.3750 50.5000 59 4 0 MEMORIES[2]
50.6250 50.7500 55 0 0 MEMORIES[3]
52.6250 52.8750 60 5 1 AH[1]
52.8750 53.0000 59 4 0 BUT[1]
53.0000 53.1250 62 7 0 ONE[1]
53.1250 53.2500 59 4 0 OF[1]
53.2500 53.3750 62 7 0 THESE[1]
53.3750 53.6250 62 7 1 DAYS[1]
53.6250 53.7500 64 9 1 I'M[1]
53.7500 53.8750 62 7 1 GONNA[1]
53.8750 54.2500 59 4 0 GONNA[2]
54.2500 54.3125 57 2 1 LAY[1]
54.3125 54.5000 57 2 0 DOWN[1]
54.5000 54.7500 59 4 1 TRACKS[1]
55.0000 55.1250 62 7 0 IN[1]
55.1250 55.2500 59 4 0 THE[1]
55.2500 55.3750 62 7 0 DIRECTION[1]
55.3750 55.6250 62 7 1 DIRECTION[2]
55.6250 55.7500 64 9 0 DIRECTION[3]
55.7500 55.8750 62 7 0 OF[1]
55.8750 56.0000 59 4 0 THAT[1]
56.2500 56.3750 60 5 1 SUGAR[1]
56.3750 56.5000 52 9 0 SUGAR[2]
56.5000 56.7500 54 11 1 SHACK[1]
57.1250 57.2500 62 7 1 JUST[1]
57.2500 57.3750 62 7 0 ME[1]
57.3750 57.5000 60 5 0 AND[1]
57.5000 57.6250 62 7 0 HER[1]
57.6250 57.8750 60 5 1 YES[1]
57.8750 58.0000 60 5 1 WERE[1]
58.0000 58.1250 60 5 1 GONNA[1]
58.1250 58.2500 59 4 0 GONNA[2]
58.2500 58.3750 60 5 1 GO[1]
58.3750 58.6250 57 2 1 BACK[1]
58.6250 58.7500 62 7 0 A[1]
58.7500 58.8750 62 7 0 TO[1]
58.8750 59.0000 62 7 0 THAT[1]
59.2500 59.3750 62 7 1 SUGAR[1]
59.3750 59.5000 62 7 0 SUGAR[2]
59.5000 59.6250 62 7 1 SHACK[1]
60.1250 60.2500 67 0 1 WHOA[1]
60.5000 60.6250 65 10 1 OH[1]
60.7500 60.8750 62 7 0 TO[1]
60.8750 61.0000 58 3 0 THAT[1]
61.2500 61.3750 57 2 1 SUGAR[1]
61.3750 61.5000 54 11 0 SUGAR[2]
61.5000 61.7500 55 0 1 SHACK[1]
62.2500 62.3750 67 0 1 YEAH[1]
62.3750 62.6250 64 9 1 HONEY[1]
62.6250 62.7500 62 7 0 HONEY[2]
62.7500 62.8750 59 4 0 TO[1]
62.8750 63.2500 59 4 1 OUR(1)[1]
63.2500 63.3750 57 2 1 SUGAR[1]
63.3750 63.5000 54 11 0 SUGAR[2]
63.5000 63.6250 55 0 1 SHACK[1]
64.2500 64.3750 62 7 1 YEAH[1]
64.3750 64.6250 60 5 1 YEAH[1]
64.6250 64.7500 59 4 1 YEAH[1]
64.7500 65.0000 59 4 0 I[1]
