4.000 4.125 59 9 1 SUGAR[1]
4.125 4.250 57 7 0 SUGAR[2]
5.375 5.750 55 5 1 AH[1]
5.750 5.875 59 9 1 HONEY[1]
5.875 6.000 59 9 0 HONEY[2]
6.000 6.125 59 9 1 HONEY[1]
6.125 6.250 57 7 0 HONEY[2]
7.500 7.625 55 5 0 YOU[1]
7.625 7.750 57 7 1 ARE[1]
7.750 8.000 59 9 0 MY[1]
8.000 8.125 57 7 1 CANDY[1]
8.250 8.375 50 0 0 CANDY[2]
8.375 9.000 62 0 1 GIRL[1]
9.250 9.375 52 2 0 AND[1]
9.375 9.500 52 2 0 YOU[1]
9.500 9.625 52 2 1 GOT[1]
9.625 9.750 52 2 0 ME[1]
10.000 10.125 52 2 1 WANTING[1]
10.125 10.375 50 0 0 WANTING[2]
10.375 11.000 57 7 0 YOU[1]
12.000 12.125 59 9 1 HONEY[1]
12.125 12.250 57 7 0 HONEY[2]
13.375 13.750 55 5 1 AH[1]
13.750 13.875 59 9 1 SUGAR[1]
13.875 14.000 59 9 0 SUGAR[2]
14.000 14.125 59 9 1 SUGAR[1]
14.125 14.250 57 7 0 SUGAR[2]
15.500 15.625 55 5 0 YOU[1]
15.625 15.750 57 7 1 ARE[1]
15.750 16.000 59 9 0 MY[1]
16.000 16.125 57 7 1 CANDY[1]
16.250 16.375 50 0 0 CANDY[2]
16.375 17.000 62 0 1 GIRL[1]
17.250 17.375 52 2 0 AND[1]
17.375 17.500 52 2 1 YOU'VE[1]
17.500 17.625 52 2 1 GOT[1]
17.625 17.750 52 2 0 ME[1]
18.000 18.125 52 2 1 WANTING[1]
18.125 18.375 50 0 0 WANTING[2]
18.375 19.000 50 0 0 YOU[1]
20.000 20.125 54 4 0 I[1]
20.125 20.250 54 4 1 JUST[1]
20.250 20.375 54 4 1 CAN'T[1]
20.375 20.500 54 4 0 BELIEVE[1]
20.500 20.750 54 4 1 BELIEVE[2]
20.750 20.875 54 4 0 THE[1]
20.875 21.125 55 5 1 LOVELINESS[1]
21.125 21.250 55 5 0 LOVELINESS[2]
21.250 21.375 55 5 2 LOVELINESS[3]
21.375 21.500 57 7 0 OF[1]
21.500 21.625 54 4 1 LOVING[1]
21.625 21.750 52 2 0 LOVING[2]
21.750 22.000 50 0 0 YOU[1]
24.000 24.125 55 5 0 I[1]
24.125 24.250 54 4 1 JUST[1]
24.250 24.375 54 4 1 CAN'T[1]
24.375 24.500 54 4 0 BELIEVE[1]
24.500 24.750 54 4 1 BELIEVE[2]
24.750 24.875 54 4 0 THE[1]
24.875 25.125 55 5 0 ONE[1]
25.125 25.250 55 5 0 TO[1]
25.250 25.375 55 5 1 LOVE[1]
25.375 25.500 57 7 0 THIS[1]
25.500 25.625 54 4 1 FEELING[1]
25.625 25.750 52 2 0 FEELING[2]
25.750 26.000 50 0 0 TO[1]
27.625 28.000 59 9 1 AH[1]
28.000 28.125 59 9 1 SUGAR[1]
28.125 28.250 57 7 0 SUGAR[2]
29.375 29.750 55 5 1 AH[1]
29.750 29.875 59 9 1 HONEY[1]
29.875 30.000 59 9 0 HONEY[2]
30.000 30.125 59 9 1 HONEY[1]
30.125 30.250 57 7 0 HONEY[2]
31.500 31.625 55 5 0 YOU[1]
31.625 31.750 57 7 1 ARE[1]
31.750 32.000 59 9 0 MY[1]
32.000 32.125 57 7 1 CANDY[1]
32.250 32.375 50 0 0 CANDY[2]
32.375 33.000 62 0 1 GIRL[1]
33.250 33.375 55 5 0 AND[1]
33.375 33.500 55 5 1 YOU'VE[1]
33.500 33.625 55 5 1 GOT[1]
33.625 33.750 55 5 0 ME[1]
34.000 34.125 52 2 1 WANTING[1]
34.125 34.375 50 0 0 WANTING[2]
34.375 35.000 57 7 0 YOU[1]
35.750 36.000 62 0 1 AH[1]
36.000 36.125 62 0 1 HONEY[1]
36.125 36.250 57 7 0 HONEY[2]
37.375 37.750 55 5 1 AH[1]
37.750 37.875 59 9 1 SUGAR[1]
37.875 38.000 59 9 0 SUGAR[2]
38.000 38.125 59 9 1 SUGAR[1]
38.125 38.250 57 7 0 SUGAR[2]
39.500 39.625 55 5 0 YOU[1]
39.625 39.750 57 7 1 ARE[1]
39.750 40.000 59 9 0 MY[1]
40.000 40.125 57 7 1 CANDY[1]
40.250 40.375 50 0 0 CANDY[2]
40.375 41.000 62 0 1 GIRL[1]
41.250 41.375 52 2 0 AND[1]
41.375 41.500 52 2 1 YOU'VE[1]
41.500 41.625 52 2 1 GOT[1]
41.625 41.750 53 3 0 ME[1]
42.000 42.125 52 2 1 WANTING[1]
42.125 42.375 50 0 0 WANTING[2]
42.375 43.000 50 0 0 YOU[1]
44.000 44.125 54 4 0 WHEN[1]
44.125 44.250 54 4 0 I[1]
44.250 44.375 54 4 1 KISSED[1]
44.375 44.500 54 4 0 YOU[1]
44.500 44.750 54 4 1 GIRL[1]
44.750 44.875 54 4 0 I[1]
44.875 45.125 55 5 1 KNEW[1]
45.125 45.250 55 5 1 HOW[1]
45.250 45.375 55 5 1 SWEET[1]
45.375 45.500 57 7 0 A[1]
45.500 45.625 53 3 1 KISS[1]
45.625 45.750 52 2 0 COULD[1]
45.750 46.000 50 0 1 BE[1]
48.000 48.125 54 4 0 LIKE[1]
48.125 48.250 54 4 0 THE[1]
48.250 48.375 54 4 1 SUMMER[1]
48.375 48.500 54 4 0 SUMMER[2]
48.500 48.750 54 4 1 SUNSHINE[1]
48.750 48.875 54 4 2 SUNSHINE[2]
48.875 49.125 55 5 1 POUR[1]
49.125 49.250 55 5 0 YOUR[1]
49.250 49.375 55 5 1 SWEETNESS[1]
49.375 49.500 57 7 0 SWEETNESS[2]
49.500 49.625 54 4 1 OVER[1]
49.625 49.750 52 2 0 OVER[2]
49.750 50.000 50 0 0 ME[1]
51.125 51.250 65 3 1 OH[1]
52.000 52.125 65 3 1 POUR[1]
52.125 52.250 65 3 1 LITTLE[1]
52.250 52.375 65 3 0 LITTLE[2]
52.375 52.500 65 3 1 SUGAR[1]
52.500 52.625 64 2 0 SUGAR[2]
52.625 52.750 62 0 0 ON[1]
52.750 52.875 59 9 0 IT[1]
52.875 53.125 62 0 1 HONEY[1]
53.125 53.500 59 9 0 HONEY[2]
54.000 54.125 65 3 1 POUR[1]
54.125 54.250 65 3 1 LITTLE[1]
54.250 54.375 65 3 0 LITTLE[2]
54.375 54.500 65 3 1 SUGAR[1]
54.500 54.625 64 2 0 SUGAR[2]
54.625 54.750 62 0 0 ON[1]
54.750 54.875 59 9 0 IT[1]
54.875 55.125 62 0 1 BABY[1]
55.125 55.500 59 9 0 BABY[2]
56.000 56.250 54 4 1 I'LL[1]
56.250 56.375 57 7 1 MAKE[1]
56.375 56.438 57 7 0 YOUR[1]
56.438 56.625 59 9 1 LIFE[1]
56.625 56.750 62 0 0 SO[1]
56.750 57.000 66 4 1 SWEET[1]
57.125 57.375 59 9 1 YEAH[1]
57.375 57.625 62 0 1 YEAH[1]
57.625 58.000 65 3 1 YEAH[1]
58.000 58.125 65 3 1 POUR[1]
58.125 58.250 65 3 1 LITTLE[1]
58.250 58.375 65 3 0 LITTLE[2]
58.375 58.500 65 3 1 SUGAR[1]
58.500 58.625 64 2 0 SUGAR[2]
58.625 58.750 62 0 0 ON[1]
58.750 58.875 59 9 0 IT[1]
59.125 59.375 69 7 1 OH[1]
59.375 59.500 65 3 1 YEAH[1]
60.000 60.125 65 3 1 POUR[1]
60.125 60.250 65 3 1 LITTLE[1]
60.250 60.375 65 3 0 LITTLE[2]
60.375 60.500 65 3 1 SUGAR[1]
60.500 60.625 64 2 0 SUGAR[2]
60.625 60.750 62 0 0 ON[1]
60.750 60.875 59 9 0 IT[1]
60.875 61.125 62 0 1 HONEY[1]
61.125 61.500 55 5 0 HONEY[2]
62.000 62.125 65 3 1 POUR[1]
62.125 62.250 65 3 1 LITTLE[1]
62.250 62.375 65 3 0 LITTLE[2]
62.375 62.500 65 3 1 SUGAR[1]
62.500 62.625 64 2 0 SUGAR[2]
62.625 62.750 62 0 0 ON[1]
62.750 62.875 59 9 0 IT[1]
62.875 63.125 62 0 1 BABY[1]
63.125 63.500 59 9 0 BABY[2]
64.000 64.125 54 4 1 I'M[1]
64.125 64.188 54 4 1 GONNA[1]
64.188 64.250 54 4 0 GONNA[2]
64.250 64.375 57 7 1 MAKE[1]
64.375 64.438 57 7 0 YOUR[1]
64.438 64.625 59 9 1 LIFE[1]
64.625 64.750 62 0 0 SO[1]
64.750 65.000 66 4 1 SWEET[1]
65.125 65.375 59 9 1 YEAH[1]
65.375 65.625 62 0 1 YEAH[1]
65.625 66.000 65 3 1 YEAH[1]
66.000 66.125 65 3 1 POUR[1]
66.125 66.250 65 3 1 LITTLE[1]
66.250 66.375 65 3 0 LITTLE[2]
66.375 66.500 65 3 1 SUGAR[1]
66.500 66.625 64 2 0 SUGAR[2]
66.625 66.750 62 0 0 ON[1]
66.750 66.875 59 9 0 IT[1]
66.875 67.125 62 0 1 HONEY[1]
67.125 67.250 62 0 0 HONEY[2]
67.625 68.000 62 0 1 AH[1]
68.000 68.125 62 0 1 SUGAR[1]
68.125 68.250 59 9 0 SUGAR[2]
69.625 69.750 55 5 1 AH[1]
69.750 69.875 59 9 1 HONEY[1]
69.875 70.000 59 9 0 HONEY[2]
70.000 70.125 59 9 1 HONEY[1]
70.125 70.250 57 7 0 HONEY[2]
71.625 71.750 55 5 0 YOU[1]
71.750 71.875 57 7 1 ARE[1]
71.875 72.000 59 9 0 MY[1]
72.000 72.125 57 7 1 CANDY[1]
72.250 72.375 50 0 0 CANDY[2]
72.375 73.000 62 0 1 GIRL[1]
73.250 73.375 64 2 0 AND[1]
73.375 73.500 64 2 1 YOU'VE[1]
73.500 73.625 64 2 1 GOT[1]
73.625 73.750 64 2 0 ME[1]
73.875 74.000 64 2 1 WANTING[1]
74.125 74.375 62 0 0 WANTING[2]
74.375 74.562 62 0 0 YOU[1]
75.125 75.250 65 3 1 OH[1]
76.000 76.125 59 9 1 HONEY[1]
76.125 76.250 57 7 0 HONEY[2]
77.375 77.750 55 5 1 AH[1]
77.750 77.875 59 9 1 SUGAR[1]
77.875 78.000 59 9 0 SUGAR[2]
78.000 78.125 59 9 1 SUGAR[1]
78.125 78.250 57 7 0 SUGAR[2]
79.500 79.625 55 5 0 YOU[1]
79.625 79.750 57 7 1 ARE[1]
79.750 80.000 59 9 0 MY[1]
80.000 80.125 57 7 1 CANDY[1]
80.250 80.375 50 0 0 CANDY[2]
80.375 81.000 62 0 1 GIRL[1]
