6.125 6.250 64 0 1 I'VE[1]
6.250 6.312 66 2 1 BEEN[1]
6.312 6.375 64 0 0 AWAY[1]
6.375 6.625 67 3 1 AWAY[2]
6.625 6.750 66 2 1 FROM[1]
6.750 6.812 64 0 1 YOU[1]
6.812 6.875 67 3 0 A[1]
6.875 7.125 71 7 1 LONG[1]
7.125 7.500 71 7 1 TIME[1]
8.125 8.250 76 0 1 I[1]
8.250 8.312 78 2 1 NEVER[1]
8.312 8.438 76 0 0 NEVER[2]
8.438 8.625 79 3 1 THOUGHT[1]
8.625 8.750 78 2 1 I'D[1]
8.750 8.875 76 0 1 MISSED[1]
8.875 9.000 79 3 1 YOU[1]
9.000 9.500 83 7 1 SO[1]
10.125 10.250 85 9 1 SOMEHOW[1]
10.250 10.375 85 9 2 SOMEHOW[2]
10.375 10.500 81 5 1 I[1]
10.500 10.750 83 7 1 FEEL[1]
11.000 11.250 85 9 1 YOUR[1]
11.250 11.312 85 9 1 LOVE[1]
11.312 11.500 81 5 1 WAS[1]
11.500 11.750 83 7 1 REAL[1]
12.125 12.250 88 0 1 NEAR[1]
12.250 12.500 83 7 1 YOU[1]
12.625 12.750 83 7 1 I[1]
12.750 12.875 81 5 1 LONG[1]
12.875 12.938 79 3 1 TO[1]
12.938 13.250 78 2 1 BE[1]
14.125 14.188 76 0 0 THE[1]
14.188 14.375 78 2 1 BIRDS[1]
14.375 14.500 76 0 1 ARE[1]
14.500 14.562 79 3 1 SINGING[1]
14.562 14.750 78 2 0 SINGING[2]
14.750 14.812 76 0 1 IT[1]
14.812 14.938 79 3 1 IS[1]
14.938 15.125 83 7 1 SONG[1]
15.125 15.375 83 7 1 TIME[1]
16.125 16.188 88 0 0 THE[1]
16.188 16.375 90 2 1 STRUMMING[1]
16.375 16.500 88 0 0 STRUMMING[2]
16.500 16.562 91 3 1 SOFT[1]
16.562 16.750 90 2 0 AND[1]
16.750 16.875 88 0 1 LOW[1]
16.875 17.000 91 3 1 I[1]
17.000 17.500 95 7 1 KNOW[1]
18.125 18.250 97 9 1 THAT[1]
18.250 18.375 97 9 1 YOU[1]
18.375 18.500 93 5 1 YEARN[1]
18.500 18.750 95 7 1 FOR[1]
19.000 19.250 97 9 1 ME[1]
19.250 19.375 97 9 1 TOO[1]
19.375 19.500 93 5 1 SWANEE[1]
19.500 19.750 95 7 1 SWANEE[2]
20.000 20.188 100 0 1 YOU'RE[1]
20.188 20.500 95 7 1 CALLING[1]
20.625 20.750 93 5 0 CALLING[2]
20.750 20.875 91 3 1 ME[1]
20.875 21.062 90 2 1 SWANEE[1]
21.062 21.500 88 0 1 SWANEE[2]
22.000 22.438 92 4 1 HOW[1]
22.438 22.750 92 4 1 I[1]
22.938 23.125 92 4 1 LOVE[1]
23.125 23.250 90 2 1 YA[1]
23.250 23.312 90 2 1 HOW[1]
23.312 23.375 88 0 1 I[1]
23.500 23.625 92 4 1 LOVE[1]
23.625 23.750 90 2 1 YA[1]
23.750 23.812 90 2 1 MY[1]
23.812 23.875 88 0 1 DEAR[1]
24.125 24.500 90 2 1 OL'[1]
24.500 24.750 88 0 1 SWANEE[1]
24.750 25.000 85 9 1 SWANEE[2]
25.000 25.125 83 7 1 I'D[1]
25.125 25.500 88 0 1 GIVE[1]
25.625 25.750 90 2 0 THE[1]
25.750 25.875 92 4 1 WORLD[1]
25.875 26.000 93 5 1 TO[1]
26.000 26.250 95 7 1 BE[1]
26.500 26.938 96 8 0 AMONG[1]
26.938 27.500 97 9 1 AMONG[2]
27.625 27.750 93 5 0 THE[1]
27.750 27.875 95 7 1 FOLKS[1]
27.875 28.000 96 8 0 IN[1]
28.000 28.250 97 9 1 D-I-X-I-E-VEN[1]
28.500 29.000 99 11 1 D-I-X-I-E-VEN[2]
29.000 29.125 100 0 1 D-I-X-I-E-VEN[3]
29.125 29.250 99 11 1 D-I-X-I-E-VEN[4]
29.250 29.375 97 9 1 D-I-X-I-E-VEN[5]
29.375 29.438 95 7 0 D-I-X-I-E-VEN[6]
29.438 29.625 97 9 1 KNOW[1]
29.625 29.750 95 7 1 MY[1]
29.750 29.875 94 6 1 MAMMY'S[1]
29.875 30.000 93 5 0 MAMMY'S[2]
30.000 30.375 92 4 1 WAITING[1]
30.375 30.750 92 4 0 WAITING[2]
31.000 31.125 92 4 1 FOR[1]
31.125 31.250 90 2 1 ME[1]
31.250 31.375 90 2 1 PRAYING[1]
31.375 31.500 88 0 0 PRAYING[2]
31.500 31.625 92 4 1 FOR[1]
31.625 31.750 90 2 1 ME[1]
31.750 31.875 90 2 1 DOWN[1]
31.875 32.000 88 0 1 BY[1]
32.125 32.500 90 2 0 THE[1]
32.500 32.750 88 0 1 SWANEE[1]
32.750 33.000 85 9 1 SWANEE[2]
33.000 33.125 83 7 0 THE[1]
33.125 33.500 88 0 1 FOLKS[1]
33.625 33.750 90 2 1 UP[1]
33.750 33.875 92 4 1 NORTH[1]
33.875 34.000 93 5 1 WILL[1]
34.000 34.250 95 7 1 SEE[1]
34.500 35.000 96 8 1 ME[1]
35.000 35.125 99 11 1 NO[1]
35.125 35.250 97 9 1 MORE[1]
35.250 35.312 96 8 1 WHEN[1]
35.312 35.750 97 9 1 I[1]
35.875 35.938 98 10 1 GO[1]
35.938 36.125 99 11 1 TO[1]
36.125 36.250 97 9 1 THAT[1]
36.250 36.312 95 7 1 SWANEE[1]
36.312 36.500 93 5 1 SWANEE[2]
36.500 36.625 92 4 1 SHORE[1]
36.625 36.875 90 2 1 SWANEE[1]
36.875 37.500 88 0 1 SWANEE[2]
38.125 38.250 90 2 1 SWANEE[1]
38.250 38.750 90 2 1 SWANEE[2]
39.125 39.250 92 4 1 I[1]
39.250 39.812 92 4 1 AM[1]
39.812 40.125 95 7 1 COMING[1]
40.125 40.250 85 9 0 COMING[2]
40.250 40.375 83 7 1 BACK[1]
40.375 40.500 89 1 1 TO[1]
40.500 40.750 95 7 1 SWANEE[1]
40.750 41.000 93 5 1 SWANEE[2]
41.000 41.125 93 5 1 MAMMY[1]
41.125 41.750 92 4 0 MAMMY[2]
42.000 42.125 83 7 1 MAMMY[1]
42.125 42.750 90 2 0 MAMMY[2]
43.000 43.125 88 0 1 I[1]
43.125 43.750 92 4 1 LOVE[1]
43.875 44.250 95 7 0 THE[1]
44.250 44.375 92 4 1 OLD[1]
44.375 44.438 88 0 1 FOLKS[1]
44.438 44.750 92 4 1 AT[1]
44.750 44.875 90 2 1 HOME[1]
44.875 45.000 87 11 1 SWANEE[1]
45.000 45.500 88 0 1 SWANEE[2]
54.250 54.500 92 4 1 HOW[1]
54.500 54.750 92 4 1 I[1]
54.875 55.125 92 4 1 LOVE[1]
55.125 55.250 90 2 1 YA[1]
55.250 55.312 90 2 1 HOW[1]
55.312 55.438 88 0 1 I[1]
55.438 55.625 92 4 1 LOVE[1]
55.625 55.750 90 2 1 YA[1]
55.750 55.812 90 2 1 MY[1]
55.812 56.000 88 0 1 DEAR[1]
56.000 56.500 90 2 1 OL'[1]
56.500 56.750 88 0 1 SWANEE[1]
56.750 57.000 85 9 1 SWANEE[2]
57.000 57.125 83 7 1 I'D[1]
57.125 57.500 88 0 1 GIVE[1]
57.625 57.750 90 2 0 THE[1]
57.750 57.812 92 4 1 WORLD[1]
57.812 57.938 93 5 1 TO[1]
57.938 58.250 95 7 1 BE[1]
58.500 58.875 96 8 0 AMONG[1]
58.875 59.500 97 9 1 AMONG[2]
59.625 59.750 93 5 0 THE[1]
59.750 59.875 95 7 1 FOLKS[1]
59.875 60.000 96 8 0 IN[1]
60.000 60.250 97 9 1 D-I-X-I-E-VEN[1]
60.500 61.000 99 11 1 D-I-X-I-E-VEN[2]
61.000 61.125 100 0 1 D-I-X-I-E-VEN[3]
61.125 61.250 99 11 1 D-I-X-I-E-VEN[4]
61.250 61.375 97 9 1 D-I-X-I-E-VEN[5]
61.375 61.438 95 7 0 D-I-X-I-E-VEN[6]
61.438 61.625 97 9 1 KNOW[1]
61.625 61.750 95 7 1 MY[1]
61.750 61.875 94 6 1 MAMMY'S[1]
61.875 62.000 93 5 0 MAMMY'S[2]
62.000 62.500 92 4 1 WAITING[1]
62.500 62.750 92 4 0 WAITING[2]
63.000 63.125 92 4 1 FOR[1]
63.125 63.250 90 2 1 ME[1]
63.250 63.375 90 2 1 PRAYING[1]
63.375 63.500 88 0 0 PRAYING[2]
63.500 63.625 92 4 1 FOR[1]
63.625 63.750 90 2 1 ME[1]
63.750 63.875 90 2 1 DOWN[1]
63.875 64.000 88 0 1 BY[1]
64.125 64.500 90 2 0 THE[1]
64.500 64.750 88 0 1 SWANEE[1]
64.750 65.000 85 9 1 SWANEE[2]
65.000 65.125 83 7 0 THE[1]
65.125 65.500 88 0 1 FOLKS[1]
65.625 65.750 90 2 1 UP[1]
65.750 65.875 92 4 1 NORTH[1]
65.875 66.000 93 5 1 WILL[1]
66.000 66.250 95 7 1 SEE[1]
66.500 67.000 96 8 1 ME[1]
67.000 67.125 99 11 1 NO[1]
67.125 67.250 97 9 1 MORE[1]
67.250 67.375 96 8 1 WHEN[1]
67.375 67.750 97 9 1 I[1]
67.875 67.938 98 10 1 GO[1]
67.938 68.125 99 11 1 TO[1]
68.125 68.250 97 9 1 THAT[1]
68.250 68.312 95 7 1 SWANEE[1]
68.312 68.500 93 5 1 SWANEE[2]
68.500 68.625 92 4 1 SHORE[1]
