1.750 1.875 52 7 1 SWEET[1]
1.875 2.000 52 7 0 LEILANI[1]
2.000 2.062 52 7 1 LEILANI[2]
2.062 2.750 64 7 0 LEILANI[3]
2.750 2.833 52 7 1 HEAVENLY[1]
2.833 2.917 52 7 0 HEAVENLY[2]
2.917 3.000 53 8 0 HEAVENLY[3]
3.000 3.125 54 9 1 FLOWER[1]
3.125 3.500 66 9 0 FLOWER[2]
4.000 4.188 64 7 1 NATURE[1]
4.188 4.250 64 7 0 NATURE[2]
4.250 4.438 64 7 1 FASHIONED[1]
4.438 4.500 64 7 0 FASHIONED[2]
4.500 4.688 64 7 1 ROSES[1]
4.688 4.750 63 6 0 ROSES[2]
4.750 4.875 62 5 1 KISSED[1]
4.875 5.000 64 7 0 WITH[1]
5.000 5.250 61 4 1 DEW[1]
6.188 6.250 63 6 0 AND[1]
6.250 6.438 64 7 0 THEN[1]
6.438 6.500 64 7 0 SHE[1]
6.500 6.688 64 7 1 PLACED[1]
6.688 6.875 63 6 0 THEM[1]
6.875 6.938 62 5 0 IN[1]
6.938 7.000 64 7 0 A[1]
7.000 7.188 62 5 1 BOWER[1]
7.188 7.500 61 4 0 BOWER[2]
8.250 8.375 64 7 0 IT[1]
8.375 8.438 63 6 1 WAS[1]
8.438 8.500 64 7 0 THE[1]
8.500 8.875 62 5 1 START[1]
8.875 9.000 64 7 0 OF[1]
9.000 9.500 61 4 0 YOU[1]
9.750 9.875 52 7 1 SWEET[1]
9.875 10.000 52 7 0 LEILANI[1]
10.000 10.062 52 7 1 LEILANI[2]
10.062 10.750 64 7 0 LEILANI[3]
10.750 10.833 52 7 1 HEAVENLY[1]
10.833 10.917 52 7 0 HEAVENLY[2]
10.917 11.000 53 8 0 HEAVENLY[3]
11.000 11.125 54 9 1 FLOWER[1]
11.125 11.500 66 9 0 FLOWER[2]
12.125 12.250 63 6 0 I[1]
12.250 12.438 64 7 1 DREAMED[1]
12.438 12.500 64 7 0 OF[1]
12.500 12.688 64 7 1 PARADISE[1]
12.688 12.750 63 6 0 PARADISE[2]
12.750 12.938 62 5 2 PARADISE[3]
12.938 13.000 64 7 0 FOR[1]
13.000 13.500 61 4 1 TWO[1]
14.219 14.250 64 7 0 YOU[1]
14.250 14.375 64 7 1 ARE[1]
14.375 14.500 64 7 0 MY[1]
14.500 14.688 64 7 1 PARADISE[1]
14.688 14.750 63 6 0 PARADISE[2]
14.750 14.938 62 5 2 PARADISE[3]
14.938 15.000 64 7 0 COMPLETED[1]
15.000 15.125 62 5 1 COMPLETED[2]
15.125 15.500 61 4 0 COMPLETED[3]
16.188 16.250 64 7 0 YOU[1]
16.250 16.438 63 6 1 ARE[1]
16.438 16.500 64 7 0 MY[1]
16.500 16.875 62 5 1 DREAM[1]
16.875 17.000 56 11 1 COME[1]
17.000 18.000 57 0 1 TRUE[1]
18.750 18.875 46 7 1 SWEET[1]
18.875 19.000 46 7 0 LEILANI[1]
19.000 19.062 46 7 1 LEILANI[2]
19.062 19.750 58 7 0 LEILANI[3]
19.750 19.833 46 7 1 HEAVENLY[1]
19.833 19.917 46 7 0 HEAVENLY[2]
19.917 20.000 47 8 0 HEAVENLY[3]
20.000 20.125 48 9 1 FLOWER[1]
20.125 20.500 60 9 0 FLOWER[2]
21.125 21.188 58 7 1 TROPIC[1]
21.188 21.250 58 7 0 TROPIC[2]
21.250 21.375 58 7 1 SKIES[1]
21.375 21.500 58 7 1 ARE[1]
21.500 21.562 58 7 1 JEALOUS[1]
21.562 21.750 57 6 0 JEALOUS[2]
21.750 21.875 56 5 0 AS[1]
21.875 22.125 58 7 0 THEY[1]
22.125 22.500 55 4 1 SHINE[1]
23.167 23.333 58 7 0 I[1]
23.333 23.417 58 7 1 THINK[1]
23.417 23.667 58 7 1 THEY'RE[1]
23.667 23.708 58 7 1 JEALOUS[1]
23.708 23.750 57 6 0 JEALOUS[2]
23.750 23.792 56 5 0 OF[1]
23.792 24.000 58 7 0 YOUR[1]
24.000 24.125 56 5 1 BLUE[1]
24.125 24.500 55 4 1 EYES[1]
25.250 25.312 58 7 1 JEALOUS[1]
25.312 25.438 57 6 0 JEALOUS[2]
25.438 25.500 58 7 0 BECAUSE[1]
25.500 25.875 56 5 1 BECAUSE[2]
25.875 26.125 58 7 1 YOU'RE[1]
26.125 26.188 58 7 0 MINE[1]
26.750 26.875 46 7 1 SWEET[1]
26.875 27.000 46 7 0 LEILANI[1]
27.000 27.062 46 7 1 LEILANI[2]
27.062 27.750 58 7 0 LEILANI[3]
27.750 27.833 46 7 1 HEAVENLY[1]
27.833 27.917 51 0 0 HEAVENLY[2]
27.917 28.000 50 11 0 HEAVENLY[3]
28.000 28.125 48 9 1 FLOWER[1]
28.125 28.500 60 9 0 FLOWER[2]
29.125 29.250 58 7 0 I[1]
29.250 29.375 58 7 1 DREAMED[1]
29.375 29.625 58 7 0 OF[1]
29.625 29.688 58 7 1 PARADISE[1]
29.688 29.750 57 6 0 PARADISE[2]
29.750 29.938 56 5 2 PARADISE[3]
29.938 30.125 58 7 0 FOR[1]
30.125 30.188 58 7 1 TWO[1]
31.188 31.250 58 7 0 YOU[1]
31.250 31.375 58 7 1 ARE[1]
31.375 31.625 58 7 0 MY[1]
31.625 31.688 58 7 1 PARADISE[1]
31.688 31.750 57 6 0 PARADISE[2]
31.750 31.938 56 5 2 PARADISE[3]
31.938 32.125 58 7 0 COMPLETED[1]
32.125 32.188 56 5 1 COMPLETED[2]
32.188 32.500 55 4 0 COMPLETED[3]
33.167 33.250 58 7 0 YOU[1]
33.250 33.417 57 6 1 ARE[1]
33.417 33.500 58 7 0 MY[1]
33.500 33.917 56 5 1 DREAM[1]
33.917 34.000 50 11 1 COME[1]
34.000 34.500 51 0 1 TRUE[1]
39.188 39.250 58 7 0 YOU[1]
39.250 39.375 58 7 1 ARE[1]
39.375 39.625 58 7 0 MY[1]
39.625 39.688 58 7 1 PARADISE[1]
39.688 39.750 57 6 0 PARADISE[2]
39.750 39.938 56 5 2 PARADISE[3]
39.938 40.125 58 7 0 COMPLETED[1]
40.125 40.188 56 5 1 COMPLETED[2]
40.188 40.500 55 4 0 COMPLETED[3]
41.167 41.250 58 7 0 YOU[1]
41.250 41.417 57 6 1 ARE[1]
41.417 41.500 58 7 0 MY[1]
41.500 41.917 60 9 1 DREAM[1]
41.917 42.000 50 11 1 COME[1]
42.000 43.000 51 0 1 TRUE[1]
