4.750 4.938 52 4 0 IN[1]
4.938 5.000 53 5 0 THE[1]
5.000 5.125 55 7 1 EVENING[1]
5.125 5.250 55 7 0 EVENING[2]
5.250 5.375 54 6 0 WHEN[1]
5.375 5.500 55 7 0 I[1]
5.500 5.625 57 9 1 SIT[1]
5.625 5.750 60 0 0 ALONE[1]
5.750 5.938 60 0 1 ALONE[2]
5.938 6.000 62 2 0 A[1]
6.000 6.250 64 4 1 DREAMING[1]
6.250 6.500 60 0 0 DREAMING[2]
6.625 6.750 64 4 0 OF[1]
6.750 6.938 65 5 1 DAYS[1]
6.938 7.000 64 4 1 GONE[1]
7.000 7.250 64 4 0 BY[1]
7.250 7.625 62 2 1 LOVE[1]
7.625 7.750 61 1 0 TO[1]
7.750 7.875 62 2 0 ME[1]
7.875 8.000 64 4 0 SO[1]
8.000 8.500 55 7 1 DEAR[1]
8.750 8.938 52 4 1 THERE'S[1]
8.938 9.000 53 5 0 A[1]
9.000 9.125 55 7 1 PICTURE[1]
9.125 9.250 55 7 0 PICTURE[2]
9.250 9.375 54 6 0 THAT[1]
9.375 9.500 55 7 0 IN[1]
9.500 9.688 57 9 1 FANCY[1]
9.688 9.750 60 0 0 FANCY[2]
9.750 9.938 60 0 1 OFT[1]
9.938 10.000 62 2 0 APPEARING[1]
10.000 10.250 64 4 1 APPEARING[2]
10.250 10.500 60 0 0 APPEARING[3]
10.625 10.750 64 4 1 BRINGS[1]
10.750 10.938 65 5 1 BACK[1]
10.938 11.000 64 4 0 THE[1]
11.000 11.250 64 4 1 TIME[1]
11.250 11.625 62 2 1 LOVE[1]
11.625 11.750 61 1 0 WHEN[1]
11.750 11.875 62 2 0 YOU[1]
11.875 12.000 64 4 1 WERE[1]
12.000 12.500 60 0 0 NEAR[1]
12.750 12.938 60 0 0 IT[1]
12.938 13.000 62 2 1 IS[1]
13.000 13.125 64 4 0 THEN[1]
13.125 13.250 64 4 0 I[1]
13.250 13.375 64 4 1 WONDER[1]
13.375 13.500 64 4 0 WONDER[2]
13.500 13.688 65 5 0 WHERE[1]
13.688 13.750 65 5 0 YOU[1]
13.750 13.875 60 0 1 ARE[1]
13.875 14.000 62 2 0 MY[1]
14.000 14.250 64 4 1 DARLING[1]
14.250 14.750 60 0 0 DARLING[2]
14.875 15.000 64 4 0 AND[1]
15.000 15.125 64 4 0 IF[1]
15.125 15.250 62 2 0 YOUR[1]
15.250 15.438 60 0 1 HEART[1]
15.438 15.500 59 11 0 TO[1]
15.500 15.625 57 9 0 ME[1]
15.625 15.750 59 11 1 IS[1]
15.750 15.938 60 0 1 STILL[1]
15.938 16.000 57 9 0 THE[1]
16.000 16.500 62 2 1 SAME[1]
16.750 16.938 52 4 0 FOR[1]
16.938 17.000 53 5 0 THE[1]
17.000 17.125 55 7 1 SIGHING[1]
17.125 17.250 55 7 0 SIGHING[2]
17.250 17.375 54 6 1 WIND[1]
17.375 17.500 55 7 0 AND[1]
17.500 17.625 57 9 1 NIGHTINGALE[1]
17.625 17.750 60 0 0 NIGHTINGALE[2]
17.750 17.938 60 0 0 NIGHTINGALE[3]
17.938 18.000 62 2 0 A[1]
18.000 18.250 64 4 1 SINGING[1]
18.250 18.500 60 0 0 SINGING[2]
18.625 18.750 64 4 1 ARE[1]
18.750 18.938 65 5 1 BREATHING[1]
18.938 19.000 64 4 0 BREATHING[2]
19.000 19.250 64 4 1 ONLY[1]
19.250 19.625 62 2 0 ONLY[2]
19.625 19.750 61 1 0 YOUR[1]
19.750 19.938 62 2 1 OWN[1]
19.938 20.000 64 4 1 SWEET[1]
20.000 20.500 60 0 1 NAME[1]
20.625 20.750 64 4 1 SWEET[1]
20.750 20.938 62 2 1 ADELINE[1]
20.938 21.000 55 7 0 ADELINE[2]
21.000 21.500 60 0 2 ADELINE[3]
21.625 21.750 60 0 0 MY[1]
21.750 21.938 59 11 1 ADELINE[1]
21.938 22.000 56 8 0 ADELINE[2]
22.000 22.500 57 9 2 ADELINE[3]
22.625 22.750 60 0 0 AT[1]
22.750 22.875 60 0 1 NIGHT[1]
22.875 23.000 57 9 1 DEAR[1]
23.000 23.500 59 11 1 HEART[1]
23.625 23.750 57 9 0 FOR[1]
23.750 23.875 57 9 0 YOU[1]
23.875 24.000 54 6 0 I[1]
24.000 24.500 55 7 1 PINE[1]
24.625 24.750 64 4 0 IN[1]
24.750 24.938 62 2 0 ALL[1]
24.938 25.000 55 7 0 MY[1]
25.000 25.500 60 0 1 DREAMS[1]
25.625 25.750 60 0 0 YOUR[1]
25.750 25.875 59 11 1 FAIR[1]
25.875 26.000 56 8 1 FACE[1]
26.000 26.500 57 9 1 BEAMS[1]
26.750 26.938 59 11 1 YOU'RE[1]
26.938 27.000 57 9 0 THE[1]
27.000 27.125 55 7 1 FLOWER[1]
27.125 27.250 60 0 0 FLOWER[2]
27.250 27.438 65 5 0 OF[1]
27.438 27.500 64 4 0 MY[1]
27.500 27.625 62 2 1 HEART[1]
27.688 27.750 57 9 1 SWEET[1]
27.750 27.938 59 11 1 ADELINE[1]
27.938 28.000 55 7 0 ADELINE[2]
28.000 28.500 60 0 2 ADELINE[3]
28.625 28.750 64 4 1 SWEET[1]
28.750 28.938 62 2 1 ADELINE[1]
28.938 29.000 55 7 0 ADELINE[2]
29.000 29.500 60 0 2 ADELINE[3]
29.625 29.750 60 0 0 MY[1]
29.750 29.938 59 11 1 ADELINE[1]
29.938 30.000 56 8 0 ADELINE[2]
30.000 30.500 57 9 2 ADELINE[3]
30.625 30.750 60 0 0 AT[1]
30.750 30.875 60 0 1 NIGHT[1]
30.875 31.000 57 9 1 DEAR[1]
31.000 31.500 59 11 1 HEART[1]
31.625 31.750 57 9 0 FOR[1]
31.750 31.875 57 9 0 YOU[1]
31.875 32.000 54 6 0 I[1]
32.000 32.500 55 7 1 PINE[1]
32.625 32.750 64 4 0 IN[1]
32.750 32.938 62 2 0 ALL[1]
32.938 33.000 55 7 0 MY[1]
33.000 33.500 60 0 1 DREAMS[1]
33.625 33.750 60 0 0 YOUR[1]
33.750 33.875 59 11 1 FAIR[1]
33.875 34.000 56 8 1 FACE[1]
34.000 34.500 57 9 1 BEAMS[1]
34.750 34.938 59 11 1 YOU'RE[1]
34.938 35.000 57 9 0 THE[1]
35.000 35.125 55 7 1 FLOWER[1]
35.125 35.250 60 0 0 FLOWER[2]
35.250 35.438 65 5 0 OF[1]
35.438 35.500 64 4 0 MY[1]
35.500 35.625 62 2 1 HEART[1]
35.688 35.750 57 9 1 SWEET[1]
35.750 35.938 59 11 1 ADELINE[1]
35.938 36.000 55 7 0 ADELINE[2]
36.000 36.750 60 0 2 ADELINE[3]
