3.8750 4.0000 60 9 0 AND[1]
4.0000 4.1250 58 7 0 I[1]
4.3750 4.4375 55 4 1 NEVER[1]
4.4375 4.5000 56 5 0 NEVER[2]
4.5000 4.5625 58 7 1 THOUGHT[1]
4.5625 4.6875 65 2 1 I'D[1]
4.6875 4.8750 63 0 1 FEEL[1]
4.8750 4.9375 67 4 0 THIS[1]
4.9375 5.0000 68 5 1 WAY[1]
5.3750 5.4375 65 2 0 AND[1]
5.4375 5.5000 67 4 0 AS[1]
5.5000 5.6250 68 5 1 FAR[1]
5.6250 5.6875 67 4 0 AS[1]
5.6875 5.8125 67 4 1 I'M[1]
5.8125 5.9375 65 2 0 CONCERNED[1]
5.9375 6.1250 65 2 1 CONCERNED[2]
6.2500 6.3750 70 7 1 GLAD[1]
6.3750 6.4375 68 5 0 I[1]
6.4375 6.6250 67 4 1 GOT[1]
6.6250 6.6875 67 4 0 THE[1]
6.6875 6.8750 67 4 1 CHANCE[1]
6.8750 6.9375 63 0 0 TO[1]
6.9375 7.0000 67 4 1 SAY[1]
7.3750 7.4375 63 0 0 THAT[1]
7.4375 7.5000 62 11 0 I[1]
7.5000 7.6250 60 9 1 DO[1]
7.6250 7.6875 62 11 0 BELIEVE[1]
7.6875 7.8750 63 0 1 BELIEVE[2]
7.8750 7.9375 65 2 0 I[1]
7.9375 8.1250 63 0 1 LOVE[1]
8.1250 8.5000 62 11 0 YOU[1]
8.7500 9.0000 60 9 0 AND[1]
9.0000 9.1250 58 7 0 IF[1]
9.3750 9.4375 55 4 0 I[1]
9.4375 9.5000 56 5 0 SHOULD[1]
9.5000 9.5625 58 7 1 EVER[1]
9.5625 9.6875 65 2 0 EVER[2]
9.6875 9.8750 63 0 1 GO[1]
9.8750 9.9375 67 4 0 AWAY[1]
9.9375 10.0000 68 5 1 AWAY[2]
10.3750 10.4375 65 2 1 WELL[1]
10.4375 10.5000 67 4 0 THEN[1]
10.5000 10.6250 68 5 1 CLOSE[1]
10.6250 10.6875 67 4 0 YOUR[1]
10.6875 10.8750 67 4 1 EYES[1]
10.8750 10.9375 65 2 0 AND[1]
10.9375 11.1250 65 2 1 TRY[1]
11.2500 11.3750 70 7 1 FEEL[1]
11.3750 11.4375 68 5 0 THE[1]
11.4375 11.6250 67 4 1 WAY[1]
11.6250 11.6875 65 2 0 WE[1]
11.6875 11.8750 65 2 1 DO[1]
11.8750 11.9375 63 0 0 TODAY[1]
11.9375 12.0000 67 4 1 TODAY[2]
12.3750 12.4375 63 0 0 AND[1]
12.4375 12.5000 62 11 0 THEN[1]
12.5000 12.6250 60 9 0 IF[1]
12.6250 12.6875 62 11 0 YOU[1]
12.6875 12.8750 63 0 0 CAN[1]
12.8750 12.9375 65 2 0 REMEMBER[1]
12.9375 13.0625 63 0 1 REMEMBER[2]
13.0625 13.5000 62 11 0 REMEMBER[3]
14.1250 14.1875 62 11 1 KEEP[1]
14.1875 14.2500 63 0 1 SMILING[1]
14.3125 14.5000 58 7 0 SMILING[2]
14.6250 14.6875 62 11 1 KEEP[1]
14.6875 14.7500 63 0 1 SHINING[1]
14.8125 15.0000 58 7 0 SHINING[2]
15.0000 15.1250 60 9 1 KNOWING[1]
15.1250 15.1875 56 5 0 KNOWING[2]
15.1875 15.3125 60 9 0 YOU[1]
15.3125 15.4375 63 0 0 CAN[1]
15.4375 15.5625 68 5 1 ALWAYS[1]
15.5625 15.6875 67 4 2 ALWAYS[2]
15.6875 15.8125 63 0 1 COUNT[1]
15.8125 15.9375 60 9 0 ON[1]
15.9375 16.0000 60 9 0 ME[1]
16.3750 16.4375 65 2 0 FOR[1]
16.4375 16.7500 63 0 1 SURE[1]
17.0000 17.1250 63 0 1 THAT'S[1]
17.1250 17.1875 65 2 0 WHAT[1]
17.1875 17.3125 67 4 1 FRIENDS[1]
17.3125 17.4375 68 5 1 ARE[1]
17.4375 17.7500 65 2 0 FOR[1]
18.1250 18.1875 62 11 0 FOR[1]
18.1875 18.3125 63 0 1 GOOD[1]
18.3125 18.5000 58 7 1 TIMES[1]
18.6250 18.6875 63 0 0 AND[1]
18.6875 18.8125 65 2 1 BAD[1]
18.8125 19.0000 67 4 1 TIMES[1]
19.0000 19.1250 70 7 1 I'LL[1]
19.1250 19.1875 70 7 1 BE[1]
19.1875 19.3125 70 7 0 ON[1]
19.3125 19.4375 70 7 0 YOUR[1]
19.4375 19.5000 70 7 1 SIDE[1]
19.6250 19.6875 70 7 0 FOREVER[1]
19.6875 19.8125 67 4 1 FOREVER[2]
19.8125 19.9375 68 5 0 FOREVER[3]
19.9375 20.0000 67 4 0 MORE[1]
21.0000 21.0625 67 4 1 THAT'S[1]
21.1250 21.1875 65 2 0 WHAT[1]
21.1875 21.3125 67 4 1 FRIENDS[1]
21.3125 21.4375 68 5 1 ARE[1]
21.4375 22.0000 58 7 0 FOR[1]
24.3750 24.4375 65 2 1 WELL[1]
24.4375 24.5000 67 4 0 YOU[1]
24.5000 24.6250 68 5 1 CAME[1]
24.6250 24.6875 67 4 0 IN[1]
24.6875 24.8125 67 4 1 LOVING[1]
24.8125 24.9375 65 2 0 LOVING[2]
24.9375 25.1250 65 2 0 ME[1]
25.1875 25.2500 58 7 0 AND[1]
25.2500 25.3750 70 7 1 NOW[1]
25.3750 25.4375 68 5 1 THERE'S[1]
25.4375 25.5625 67 4 0 SO[1]
25.5625 25.6875 65 2 0 MUCH[1]
25.6875 25.8125 65 2 0 MORE[1]
25.8125 25.9375 63 0 0 I[1]
25.9375 26.0000 67 4 1 SEE[1]
26.3750 26.4375 63 0 0 AND[1]
26.4375 26.5000 62 11 0 SO[1]
26.5000 26.6250 60 9 0 BY[1]
26.6250 26.6875 62 11 0 THE[1]
26.6875 26.8125 63 0 1 WAY[1]
26.8125 26.9375 65 2 0 I[1]
26.9375 27.1250 63 0 1 THANK[1]
27.1250 27.3750 62 11 0 YOU[1]
27.3750 27.7500 62 11 1 OH[1]
27.7500 28.0000 60 9 0 AND[1]
28.0000 28.1250 58 7 0 THEN[1]
28.3750 28.4375 55 4 0 FOR[1]
28.4375 28.5000 56 5 0 THE[1]
28.5000 28.6250 58 7 1 TIMES[1]
28.6250 28.6875 65 2 0 WHEN[1]
28.6875 28.8125 63 0 1 WE'RE[1]
28.8125 28.9375 67 4 0 APART[1]
28.9375 29.0000 67 4 1 APART[2]
29.3125 29.4375 65 2 1 WELL[1]
29.4375 29.5000 67 4 0 THEN[1]
29.5000 29.6250 68 5 1 CLOSE[1]
29.6250 29.6875 67 4 0 YOUR[1]
29.6875 29.8125 67 4 1 EYES[1]
29.8125 29.9375 65 2 0 AND[1]
29.9375 30.1250 65 2 1 KNOW[1]
30.1250 30.1875 58 7 0 THE[1]
30.1875 30.3125 70 7 1 WORDS[1]
30.3750 30.4375 67 4 1 ARE[1]
30.4375 30.5625 67 4 1 COMING[1]
30.5625 30.6875 65 2 0 COMING[2]
30.6875 30.8125 65 2 0 FROM[1]
30.8125 30.9375 63 0 0 MY[1]
30.9375 31.2500 67 4 1 HEART[1]
31.3125 31.4375 63 0 0 AND[1]
31.4375 31.5000 62 11 0 THEN[1]
31.5000 31.5625 60 9 0 IF[1]
31.5625 31.6875 62 11 0 YOU[1]
31.6875 31.8125 63 0 0 CAN[1]
31.8125 31.9375 65 2 0 REMEMBER[1]
31.9375 32.0625 63 0 1 REMEMBER[2]
32.0625 32.5000 65 2 0 REMEMBER[3]
33.1250 33.1875 62 11 1 KEEP[1]
33.1875 33.2500 63 0 1 SMILING[1]
33.3125 33.5000 58 7 0 SMILING[2]
33.6250 33.6875 62 11 1 KEEP[1]
33.6875 33.7500 63 0 1 SHINING[1]
33.8125 34.0000 58 7 0 SHINING[2]
34.0000 34.1250 60 9 1 KNOWING[1]
34.1250 34.1875 56 5 0 KNOWING[2]
34.1875 34.3125 60 9 0 YOU[1]
34.3125 34.4375 63 0 0 CAN[1]
34.4375 34.5625 68 5 1 ALWAYS[1]
34.5625 34.6875 67 4 2 ALWAYS[2]
34.6875 34.8125 63 0 1 COUNT[1]
34.8125 34.9375 60 9 0 ON[1]
34.9375 35.2500 58 7 0 ME[1]
35.3750 35.4375 65 2 0 FOR[1]
35.4375 35.7500 63 0 1 SURE[1]
36.0000 36.1250 63 0 1 THAT'S[1]
36.1250 36.1875 65 2 0 WHAT[1]
36.1875 36.3125 67 4 1 FRIENDS[1]
36.3125 36.4375 68 5 1 ARE[1]
36.4375 37.0000 65 2 0 FOR[1]
37.1250 37.1875 62 11 0 IN[1]
37.1875 37.3125 63 0 1 GOOD[1]
37.3125 37.5000 58 7 1 TIMES[1]
37.6250 37.6875 63 0 0 AND[1]
37.6875 37.8125 65 2 1 BAD[1]
37.8125 38.0000 67 4 1 TIMES[1]
38.0000 38.1250 70 7 1 I'LL[1]
38.1250 38.1875 70 7 1 BE[1]
38.1875 38.3125 70 7 0 ON[1]
38.3125 38.4375 70 7 0 YOUR[1]
38.4375 38.5000 70 7 1 SIDE[1]
38.6250 38.6875 70 7 0 FOREVER[1]
38.6875 38.8125 67 4 1 FOREVER[2]
38.8125 38.9375 68 5 0 FOREVER[3]
38.9375 39.0000 67 4 0 MORE[1]
40.0000 40.0625 67 4 1 THAT'S[1]
40.1250 40.1875 65 2 0 WHAT[1]
40.1875 40.3125 67 4 1 FRIENDS[1]
40.3125 40.4375 68 5 1 ARE[1]
40.4375 42.0000 70 7 0 FOR[1]
42.1250 42.1875 70 7 1 KEEP[1]
42.1875 42.2500 70 7 1 SMILING[1]
42.3125 42.5000 67 4 0 SMILING[2]
42.6250 42.6875 70 7 1 KEEP[1]
42.6875 42.7500 70 7 1 SHINING[1]
42.8125 43.0000 67 4 0 SHINING[2]
43.0000 43.1250 60 9 1 KNOWING[1]
43.1250 43.1875 56 5 0 KNOWING[2]
43.1875 43.3125 60 9 0 YOU[1]
43.3125 43.4375 63 0 0 CAN[1]
43.4375 43.5625 68 5 1 ALWAYS[1]
43.5625 43.6875 67 4 2 ALWAYS[2]
43.6875 43.8125 70 7 1 COUNT[1]
43.8125 43.9375 70 7 0 ON[1]
43.9375 44.0000 66 3 0 ME[1]
44.3750 44.4375 63 0 0 FOR[1]
44.4375 44.5000 63 0 1 SURE[1]
45.0000 45.1250 63 0 1 THAT'S[1]
45.1250 45.1875 65 2 0 WHAT[1]
45.1875 45.3125 67 4 1 FRIENDS[1]
45.3125 45.4375 68 5 1 ARE[1]
45.4375 46.0000 65 2 0 FOR[1]
46.1250 46.1875 63 0 0 FOR[1]
46.1875 46.2500 63 0 1 GOOD[1]
46.3125 46.5000 58 7 1 TIMES[1]
46.6250 46.6875 63 0 0 AND[1]
46.6875 46.7500 63 0 1 BAD[1]
46.8125 47.0000 67 4 1 TIMES[1]
47.0000 47.1250 70 7 1 I'LL[1]
47.1250 47.1875 70 7 1 BE[1]
47.1875 47.2500 70 7 0 ON[1]
47.3750 47.4375 67 4 0 YOUR[1]
47.4375 47.5000 72 9 1 SIDE[1]
47.6875 47.7500 67 4 0 FOREVER[1]
47.7500 48.0625 70 7 1 FOREVER[2]
48.0625 48.1250 68 5 0 FOREVER[3]
48.1250 48.2500 67 4 0 MORE[1]
49.0000 49.0625 67 4 1 THAT'S[1]
49.1250 49.1875 65 2 0 WHAT[1]
49.1875 49.3125 67 4 1 FRIENDS[1]
49.3125 49.4375 68 5 1 ARE[1]
49.4375 51.0000 70 7 0 FOR[1]
51.0625 51.1875 67 4 1 KEEP[1]
51.1875 51.3125 67 4 1 SMILING[1]
51.3750 51.5000 63 0 0 SMILING[2]
51.5625 51.6875 67 4 1 KEEP[1]
51.6875 51.8125 67 4 1 SHINING[1]
51.8750 52.0000 63 0 0 SHINING[2]
52.0000 52.1250 60 9 1 KNOWING[1]
52.1250 52.1875 56 5 0 KNOWING[2]
52.1875 52.3125 60 9 0 YOU[1]
52.3125 52.4375 63 0 0 CAN[1]
52.4375 52.5625 68 5 1 ALWAYS[1]
52.5625 52.6875 67 4 2 ALWAYS[2]
52.6875 52.8125 63 0 1 COUNT[1]
52.8125 52.9375 65 2 0 ON[1]
52.9375 53.2500 58 7 0 ME[1]
53.3125 53.4375 67 4 0 FOR[1]
53.4375 53.7500 63 0 1 SURE[1]
53.7500 53.8125 67 4 1 CAUSE[1]
53.8125 53.8750 65 2 0 I[1]
53.8750 53.9375 63 0 1 TELL[1]
53.9375 54.0000 60 9 0 YOU[1]
54.0000 54.1250 67 4 1 THAT'S[1]
54.1250 54.1875 65 2 0 WHAT[1]
54.1875 54.3125 67 4 1 FRIENDS[1]
54.3125 54.4375 68 5 1 ARE[1]
54.4375 55.0000 65 2 0 FOR[1]
55.0625 55.2500 67 4 1 WHOA[1]
55.2500 55.3125 65 2 1 GOOD[1]
55.3125 55.5000 63 0 1 TIMES[1]
55.5625 55.6250 67 4 0 AND[1]
55.6250 55.6875 65 2 0 THE[1]
55.6875 55.8125 65 2 1 BAD[1]
55.8125 56.0000 63 0 1 TIMES[1]
56.0000 56.1250 70 7 1 I'LL[1]
56.1250 56.1875 70 7 1 BE[1]
56.1875 56.3125 70 7 0 ON[1]
56.3125 56.4375 70 7 0 YOUR[1]
56.4375 56.6250 72 9 1 SIDE[1]
56.6250 56.6875 70 7 0 FOREVER[1]
56.6875 56.8125 67 4 1 FOREVER[2]
56.8125 56.9375 68 5 0 FOREVER[3]
56.9375 57.5000 65 2 0 MORE[1]
58.0000 58.0625 67 4 1 THAT'S[1]
58.1250 58.1875 65 2 0 WHAT[1]
58.1875 58.3125 67 4 1 FRIENDS[1]
58.3125 58.4375 68 5 1 ARE[1]
58.4375 59.0000 58 7 0 FOR[1]
