8.0000 8.5000 63 4 1 WELL[1]
8.5000 8.7500 61 2 1 WELL[1]
8.7500 9.0000 59 0 1 OLD[1]
9.0000 9.2500 63 4 1 TIMER[1]
9.2500 9.7500 61 2 0 TIMER[2]
9.7500 10.0000 59 0 1 SAY[1]
10.0000 10.2500 63 4 1 YOU'RE[1]
10.2500 10.3750 61 2 1 LOOKING[1]
10.3750 10.6250 59 0 0 LOOKING[2]
10.6250 11.5000 61 2 1 GOOD[1]
11.8750 12.2500 64 5 0 WHAT[1]
12.2500 12.5000 64 5 1 BRINGS[1]
12.5000 12.6250 64 5 0 YOU[1]
12.6250 13.5000 56 9 0 DOWN[1]
13.5000 13.7500 59 0 0 TO[1]
13.7500 13.8750 58 11 0 THE[1]
13.8750 14.2500 61 2 1 OLD[1]
14.2500 14.5000 59 0 1 NEIGHBORHOOD[1]
14.5000 14.6250 56 9 0 NEIGHBORHOOD[2]
14.6250 15.0000 54 7 2 NEIGHBORHOOD[3]
15.7500 16.0000 54 7 1 JUST[1]
16.0000 16.1250 51 4 1 LOOKING[1]
16.1250 16.5000 51 4 0 LOOKING[2]
16.5000 16.7500 52 5 0 FOR[1]
16.7500 16.8750 54 7 0 THE[1]
16.8750 17.2500 57 10 1 BEST[1]
17.2500 17.7500 56 9 1 PALS[1]
17.7500 17.8750 51 4 0 THAT[1]
17.8750 18.2500 54 7 0 I[1]
18.2500 18.6250 52 5 1 EVER[1]
18.6250 19.0000 51 4 0 EVER[2]
19.0000 19.5000 52 5 1 HAD[1]
19.8750 20.5000 53 6 0 I[1]
20.5000 20.7500 54 7 1 NEVER[1]
20.7500 21.0000 55 8 0 NEVER[2]
21.0000 21.5000 56 9 1 THOUGHT[1]
21.5000 21.6250 58 11 0 THAT[1]
21.6250 22.0000 59 0 1 I'D[1]
22.0000 22.2500 63 4 1 WANT[1]
22.2500 22.5000 61 2 0 THEM[1]
22.5000 22.7500 60 1 0 SO[1]
22.7500 23.5000 61 2 1 BAD[1]
24.0000 25.0000 51 4 1 GEE[1]
25.0000 25.2500 50 3 0 BUT[1]
25.2500 25.5000 51 4 1 I'D[1]
25.5000 25.7500 54 7 1 GIVE[1]
25.7500 26.0000 58 11 0 THE[1]
26.0000 26.5000 61 2 1 WORLD[1]
26.5000 27.0000 59 0 0 TO[1]
27.0000 27.7500 61 2 1 SEE[1]
27.7500 28.0000 59 0 0 THAT[1]
28.0000 29.0000 63 4 1 OLD[1]
29.0000 29.5000 63 4 1 GANG[1]
29.5000 30.0000 61 2 0 OF[1]
30.0000 31.0000 56 9 0 MINE[1]
32.0000 33.0000 52 5 0 I[1]
33.0000 33.2500 51 4 1 CAN'T[1]
33.2500 33.5000 52 5 0 FORGET[1]
33.5000 33.7500 54 7 1 FORGET[2]
33.7500 34.0000 58 11 0 THAT[1]
34.0000 34.5000 63 4 1 OLD[1]
34.5000 35.0000 61 2 0 QUARTET[1]
35.0000 35.2500 63 4 1 QUARTET[2]
35.7500 36.0000 61 2 0 THAT[1]
36.0000 36.7500 59 0 1 SANG[1]
36.7500 37.0000 51 4 1 SWEET[1]
37.0000 37.7500 58 11 1 ADELINE[1]
37.7500 38.0000 56 9 0 ADELINE[2]
38.0000 39.0000 54 7 2 ADELINE[3]
39.7500 40.0000 54 7 2 GOODBYE[1]
40.0000 40.7500 59 0 1 GOODBYE[2]
40.7500 41.0000 61 2 0 FOREVER[1]
41.0000 41.2500 63 4 1 FOREVER[2]
41.2500 41.7500 61 2 0 FOREVER[3]
41.7500 42.0000 59 0 1 OLD[1]
42.0000 42.2500 56 9 1 FELLOWS[1]
42.2500 42.5000 57 10 0 FELLOWS[2]
42.5000 42.7500 58 11 0 AND[1]
42.7500 43.7500 59 0 1 GALS[1]
43.7500 44.0000 59 0 2 GOODBYE[1]
44.0000 44.7500 61 2 1 GOODBYE[2]
44.7500 45.0000 63 4 0 FOREVER[1]
45.0000 45.1250 65 6 1 FOREVER[2]
45.1250 45.7500 63 4 0 FOREVER[3]
45.7500 46.0000 59 0 1 OLD[1]
46.0000 46.2500 58 11 1 SWEETHEARTS[1]
46.2500 46.5000 59 0 2 SWEETHEARTS[2]
46.5000 46.7500 60 1 0 AND[1]
46.7500 47.2500 61 2 1 PALS[1]
47.2500 47.5000 58 11 1 GOD[1]
47.5000 47.7500 56 9 1 BLESS[1]
47.7500 48.0000 54 7 0 THEM[1]
48.0000 49.0000 51 4 1 GEE[1]
49.0000 49.2500 50 3 0 BUT[1]
49.2500 49.5000 51 4 1 I'D[1]
49.5000 49.7500 54 7 1 GIVE[1]
49.7500 50.0000 58 11 0 THE[1]
50.0000 50.5000 61 2 1 WORLD[1]
50.5000 51.0000 59 0 0 TO[1]
51.0000 51.7500 61 2 1 SEE[1]
51.7500 52.0000 59 0 0 THAT[1]
52.0000 53.0000 63 4 1 OLD[1]
53.0000 53.5000 63 4 1 GANG[1]
53.5000 54.0000 63 4 0 OF[1]
54.0000 55.0000 59 0 0 MINE[1]
56.0000 57.0000 51 4 1 GEE[1]
57.0000 57.2500 50 3 0 BUT[1]
57.2500 57.5000 51 4 1 I'D[1]
57.5000 57.7500 54 7 1 GIVE[1]
57.7500 58.0000 58 11 0 THE[1]
58.0000 58.5000 61 2 1 WORLD[1]
58.5000 59.0000 59 0 0 TO[1]
59.0000 59.7500 61 2 1 SEE[1]
59.7500 60.0000 59 0 0 THAT[1]
60.0000 61.0000 63 4 1 OLD[1]
61.0000 61.5000 63 4 1 GANG[1]
61.5000 62.0000 61 2 0 OF[1]
62.0000 63.5000 56 9 0 MINE[1]
64.0000 65.0000 52 5 0 I[1]
65.0000 65.2500 51 4 1 CAN'T[1]
65.2500 65.5000 52 5 0 FORGET[1]
65.5000 65.7500 54 7 1 FORGET[2]
65.7500 66.0000 58 11 0 THAT[1]
66.0000 66.5000 63 4 1 OLD[1]
66.5000 67.0000 61 2 0 QUARTET[1]
67.0000 67.2500 63 4 1 QUARTET[2]
67.7500 68.0000 61 2 0 THAT[1]
68.0000 68.7500 59 0 1 SANG[1]
68.7500 69.0000 51 4 1 SWEET[1]
69.0000 69.7500 58 11 1 ADELINE[1]
69.7500 70.0000 56 9 0 ADELINE[2]
70.0000 71.0000 54 7 2 ADELINE[3]
71.7500 72.0000 54 7 2 GOODBYE[1]
72.0000 72.7500 59 0 1 GOODBYE[2]
72.7500 73.0000 61 2 0 FOREVER[1]
73.0000 73.2500 63 4 1 FOREVER[2]
73.2500 73.7500 61 2 0 FOREVER[3]
73.7500 74.0000 59 0 1 OLD[1]
74.0000 74.2500 56 9 1 FELLOWS[1]
74.2500 74.5000 57 10 0 FELLOWS[2]
74.5000 74.7500 58 11 0 AND[1]
74.7500 75.7500 59 0 1 GALS[1]
75.7500 76.0000 59 0 2 GOODBYE[1]
76.0000 76.7500 61 2 1 GOODBYE[2]
76.7500 77.0000 63 4 0 FOREVER[1]
77.0000 77.2500 65 6 1 FOREVER[2]
77.2500 77.7500 63 4 0 FOREVER[3]
77.7500 78.0000 59 0 1 OLD[1]
78.0000 78.2500 58 11 1 SWEETHEARTS[1]
78.2500 78.5000 59 0 2 SWEETHEARTS[2]
78.5000 78.7500 60 1 0 AND[1]
78.7500 79.2500 61 2 1 PALS[1]
79.2500 79.5000 58 11 1 GOD[1]
79.5000 79.7500 56 9 1 BLESS[1]
79.7500 80.0000 54 7 0 THEM[1]
80.0000 81.0000 51 4 1 GEE[1]
81.0000 81.2500 50 3 0 BUT[1]
81.2500 81.5000 51 4 1 I'D[1]
81.5000 81.7500 54 7 1 GIVE[1]
81.7500 82.0000 58 11 0 THE[1]
82.0000 82.5000 61 2 1 WORLD[1]
82.5000 83.0000 59 0 0 TO[1]
83.0000 83.7500 61 2 1 SEE[1]
83.7500 84.0000 59 0 0 THAT[1]
84.0000 85.0000 63 4 1 OLD[1]
85.0000 85.5000 63 4 1 GANG[1]
85.5000 86.0000 63 4 0 OF[1]
86.0000 87.0000 59 0 0 MINE[1]
