15.500 15.667 58 3 1 THAT'S[1]
15.667 15.833 60 5 0 THE[1]
15.833 16.000 62 7 1 WAY[1]
16.000 16.500 62 7 1 LOVE[1]
16.500 16.750 60 5 1 GOES[1]
19.500 19.667 58 3 1 THAT'S[1]
19.667 19.833 60 5 0 THE[1]
19.833 20.000 62 7 1 WAY[1]
20.000 20.500 62 7 1 LOVE[1]
20.500 20.750 60 5 1 GOES[1]
24.062 24.188 62 7 1 COME[1]
24.188 24.312 62 7 0 WITH[1]
24.312 24.438 60 5 0 ME[1]
24.438 24.562 60 5 1 DON'T[1]
24.562 24.688 58 3 0 YOU[1]
24.688 24.875 58 3 1 WORRY[1]
24.875 24.938 60 5 0 WORRY[2]
25.062 25.188 62 7 1 I'M[1]
25.188 25.312 62 7 1 GONNA[1]
25.312 25.438 60 5 0 GONNA[2]
25.438 25.562 60 5 1 MAKE[1]
25.562 25.688 58 3 0 YOU[1]
25.688 25.875 58 3 1 CRAZY[1]
25.875 25.938 60 5 0 CRAZY[2]
26.062 26.188 62 7 1 I'LL[1]
26.188 26.312 62 7 1 GIVE[1]
26.312 26.438 60 5 0 YOU[1]
26.438 26.562 60 5 0 THE[1]
26.562 26.688 58 3 1 TIME[1]
26.688 26.875 58 3 0 OF[1]
26.875 27.000 60 5 0 YOUR[1]
27.062 27.188 55 0 1 LIFE[1]
28.062 28.188 62 7 1 I'M[1]
28.188 28.312 62 7 1 GONNA[1]
28.312 28.438 60 5 0 GONNA[2]
28.438 28.562 60 5 1 TAKE[1]
28.562 28.688 58 3 0 YOU[1]
28.688 28.875 58 3 1 PLACES[1]
28.875 28.938 60 5 0 PLACES[2]
29.062 29.188 62 7 1 YOU'VE[1]
29.188 29.312 62 7 1 NEVER[1]
29.312 29.438 60 5 0 NEVER[2]
29.438 29.562 60 5 1 BEEN[1]
29.562 29.688 58 3 0 BEFORE[1]
29.688 29.875 58 3 1 BEFORE[2]
29.875 29.938 60 5 0 AND[1]
30.062 30.188 62 7 1 YOU'LL[1]
30.188 30.312 62 7 1 BE[1]
30.312 30.438 60 5 0 SO[1]
30.438 30.562 60 5 1 HAPPY[1]
30.562 30.688 58 3 0 HAPPY[2]
30.688 30.812 58 3 0 THAT[1]
30.812 30.938 60 5 0 YOU[1]
30.938 31.000 63 8 1 CAME[1]
31.938 32.812 65 10 1 OH[1]
32.812 32.938 62 7 1 I'M[1]
32.938 33.000 65 10 1 GONNA[1]
33.000 33.125 62 7 0 GONNA[2]
33.125 33.250 65 10 1 TAKE[1]
33.250 33.812 67 0 0 YOU[1]
33.812 33.875 62 7 1 THERE[1]
35.500 35.667 58 3 1 THAT'S[1]
35.667 35.833 60 5 0 THE[1]
35.833 36.000 62 7 1 WAY[1]
36.000 36.500 62 7 1 LOVE[1]
36.500 36.750 60 5 1 GOES[1]
39.500 39.667 58 3 1 THAT'S[1]
39.667 39.833 60 5 0 THE[1]
39.833 40.000 62 7 1 WAY[1]
40.000 40.500 62 7 1 LOVE[1]
40.500 40.750 60 5 1 GOES[1]
44.062 44.188 62 7 1 DON'T[1]
44.188 44.312 62 7 1 MIND[1]
44.312 44.438 60 5 0 IF[1]
44.438 44.562 60 5 0 I[1]
44.562 44.688 58 3 1 LIGHT[1]
44.688 44.875 58 3 1 CANDLES[1]
44.875 44.938 60 5 0 CANDLES[2]
45.062 45.188 62 7 0 I[1]
45.188 45.312 62 7 0 LIKE[1]
45.312 45.438 60 5 0 TO[1]
45.438 45.562 60 5 1 WATCH[1]
45.562 45.688 58 3 0 US[1]
45.688 45.875 58 3 1 PLAYIN'[1]
45.875 45.938 60 5 0 PLAYIN'[2]
46.062 46.188 62 7 1 BABY[1]
46.188 46.312 62 7 0 BABY[2]
46.312 46.438 60 5 1 I'VE[1]
46.438 46.562 60 5 1 GOT[1]
46.562 46.688 58 3 0 ON[1]
46.688 46.875 58 3 0 WHAT[1]
46.875 47.125 60 5 0 YOU[1]
47.125 47.188 55 0 0 LIKE[1]
48.062 48.188 62 7 1 COME[1]
48.188 48.312 62 7 1 CLOSER[1]
48.312 48.438 60 5 0 CLOSER[2]
48.438 48.562 60 5 1 BABY[1]
48.562 48.688 58 3 0 BABY[2]
48.688 48.875 58 3 1 CLOSER[1]
48.875 48.938 60 5 0 CLOSER[2]
49.062 49.188 62 7 1 REACH[1]
49.188 49.312 62 7 0 OUT[1]
49.312 49.438 60 5 0 AND[1]
49.438 49.562 60 5 1 FEEL[1]
49.562 49.688 58 3 0 MY[1]
49.688 49.875 58 3 1 BODY[1]
49.875 49.938 60 5 0 BODY[2]
50.062 50.188 62 7 1 I'M[1]
50.188 50.312 62 7 1 GONNA[1]
50.312 50.438 60 5 0 GONNA[2]
50.438 50.562 60 5 1 GIVE[1]
50.562 50.688 58 3 0 YOU[1]
50.688 50.812 58 3 0 ALL[1]
50.812 50.938 53 10 0 MY[1]
50.938 51.000 63 8 1 LOVE[1]
52.062 52.188 65 10 1 OH[1]
52.188 52.312 67 0 1 SUGAR[1]
52.312 52.438 65 10 0 SUGAR[2]
52.438 52.562 61 6 1 DON'T[1]
52.562 52.688 60 5 0 YOU[1]
52.688 52.812 60 5 1 HURRY[1]
52.812 53.000 60 5 0 HURRY[2]
53.062 53.188 62 7 1 YOU'VE[1]
53.188 53.312 62 7 1 GOT[1]
53.312 53.438 60 5 0 ME[1]
53.438 53.562 60 5 1 HERE[1]
53.562 53.688 58 3 0 ALL[1]
53.688 53.875 58 3 1 NIGHT[1]
54.062 54.188 62 7 1 JUST[1]
54.188 54.312 62 7 1 CLOSE[1]
54.312 54.438 60 5 0 YOUR[1]
54.438 54.562 60 5 1 EYES[1]
54.562 54.688 58 3 0 AND[1]
54.688 54.875 58 3 1 HOLD[1]
54.875 55.125 60 5 0 ON[1]
55.125 55.188 55 0 1 TIGHT[1]
56.062 56.188 62 7 1 OH[1]
56.188 56.312 62 7 1 BABY[1]
56.312 56.438 60 5 0 BABY[2]
56.438 56.562 60 5 1 DON'T[1]
56.562 56.688 58 3 1 STOP[1]
56.688 56.875 58 3 1 DON'T[1]
56.875 56.938 60 5 1 STOP[1]
57.062 57.188 62 7 1 GO[1]
57.188 57.312 62 7 1 DEEPER[1]
57.312 57.438 60 5 0 DEEPER[2]
57.438 57.562 60 5 1 BABY[1]
57.562 57.688 58 3 0 BABY[2]
57.688 57.875 58 3 1 DEEPER[1]
57.875 57.938 60 5 0 DEEPER[2]
58.062 58.188 62 7 0 YOU[1]
58.188 58.312 62 7 1 FEEL[1]
58.312 58.438 60 5 0 SO[1]
58.438 58.562 60 5 1 GOOD[1]
58.562 58.688 58 3 1 I'M[1]
58.688 58.812 58 3 1 GONNA[1]
58.812 58.938 53 10 0 GONNA[2]
58.938 59.000 63 8 1 CRY[1]
59.938 60.875 65 10 1 OH[1]
60.875 61.000 62 7 1 I'M[1]
61.000 61.062 65 10 1 GONNA[1]
61.062 61.125 62 7 0 GONNA[2]
61.125 61.250 65 10 1 TAKE[1]
61.250 61.875 67 0 0 YOU[1]
61.875 61.938 62 7 1 THERE[1]
63.500 63.667 58 3 1 THAT'S[1]
63.667 63.833 60 5 0 THE[1]
63.833 64.000 62 7 1 WAY[1]
64.000 64.500 62 7 1 LOVE[1]
64.500 64.750 60 5 1 GOES[1]
67.500 67.667 58 3 1 THAT'S[1]
67.667 67.833 60 5 0 THE[1]
67.833 68.000 62 7 1 WAY[1]
68.000 68.500 62 7 1 LOVE[1]
68.500 68.750 60 5 1 GOES[1]
71.500 71.667 58 3 1 THAT'S[1]
71.667 71.833 60 5 0 THE[1]
71.833 72.000 62 7 1 WAY[1]
72.000 72.500 62 7 1 LOVE[1]
72.500 72.750 60 5 1 GOES[1]
92.500 92.667 58 3 1 THAT'S[1]
92.667 92.833 60 5 0 THE[1]
92.833 93.000 62 7 1 WAY[1]
93.000 93.500 62 7 1 LOVE[1]
93.500 93.750 60 5 1 GOES[1]
96.500 96.667 58 3 1 THAT'S[1]
96.667 96.833 60 5 0 THE[1]
96.833 97.000 62 7 1 WAY[1]
97.000 97.500 62 7 1 LOVE[1]
97.500 97.750 60 5 1 GOES[1]
