3.7500 4.0000 56 7 0 A[1]
4.0000 4.2500 53 4 1 PREACHER[1]
4.2500 4.5000 53 4 0 PREACHER[2]
4.5000 4.7500 53 4 1 WENT[1]
4.7500 4.8750 53 4 0 OUT[1]
4.8750 5.0000 53 4 0 A[1]
5.0000 5.2500 56 7 1 HUNTIN'[1]
5.2500 5.5000 53 4 0 HUNTIN'[2]
5.7500 6.0000 49 0 1 'TWAS[1]
6.0000 6.2500 51 2 0 ON[1]
6.2500 6.5000 53 4 0 ONE[1]
6.5000 6.6250 51 2 1 SUNDAY[1]
6.7500 6.8750 46 9 2 SUNDAY[2]
6.8750 7.5000 49 0 1 MORN'[1]
7.7500 8.0000 56 7 0 OF[1]
8.0000 8.1250 53 4 1 COURSE[1]
8.1250 8.2500 53 4 0 IT[1]
8.2500 8.3750 53 4 1 WAS[1]
8.3750 8.5000 53 4 0 AGAINST[1]
8.5000 8.7500 53 4 1 AGAINST[2]
8.7500 8.8750 53 4 0 HIS[1]
8.8750 9.0000 53 4 0 RELIGION[1]
9.0000 9.2500 56 7 1 RELIGION[2]
9.2500 9.5000 53 4 0 RELIGION[3]
9.7500 9.8750 49 0 0 BUT[1]
9.8750 10.0000 51 2 0 HE[1]
10.0000 10.2500 53 4 1 TOOK[1]
10.2500 10.5000 54 5 0 HIS[1]
10.5000 10.8750 53 4 1 GUN[1]
10.8750 11.0000 49 0 0 ALONG[1]
11.0000 11.5000 51 2 1 ALONG[2]
11.8750 12.0000 56 7 0 HE[1]
12.0000 12.2500 53 4 1 SHOT[1]
12.2500 12.5000 53 4 0 HIMSELF[1]
12.5000 12.7500 53 4 1 HIMSELF[2]
12.8750 13.0000 53 4 0 A[1]
13.0000 13.1250 56 7 1 VERY[1]
13.1250 13.2500 56 7 0 VERY[2]
13.2500 13.5000 56 7 1 FINE[1]
13.5000 13.7500 53 4 1 QUAIL[1]
13.7500 13.8750 49 0 0 AND[1]
13.8750 14.2500 51 2 0 ONE[1]
14.2500 14.5000 53 4 1 BIG[1]
14.5000 14.6250 51 2 1 MEASLY(1)[1]
14.6250 14.7500 49 0 0 MEASLY(1)[2]
14.7500 15.0000 46 9 0 MEASLY(1)[3]
15.0000 15.5000 49 0 1 HARE[1]
15.7500 15.8750 49 0 0 AND[1]
15.8750 16.2500 51 2 0 ON[1]
16.2500 16.5000 49 0 0 HIS[1]
16.5000 16.7500 51 2 1 WAY[1]
16.7500 17.0000 49 0 0 RETURNING[1]
17.0000 17.2500 51 2 1 RETURNING[2]
17.2500 17.5000 49 0 0 RETURNING[3]
17.5000 17.6250 51 2 1 HOME[1]
17.6250 17.7500 49 0 0 HE[1]
17.7500 17.8750 51 2 1 MET[1]
17.8750 18.0000 49 0 0 A[1]
18.0000 18.1250 56 7 1 GREAT[1]
18.2500 18.3750 53 4 1 BIG[1]
18.5000 18.6250 53 4 1 GRIZZLY(1)[1]
18.6250 18.7500 49 0 0 GRIZZLY(1)[2]
18.7500 18.8750 51 2 0 GRIZZLY(1)[3]
19.0000 19.2500 49 0 1 BEAR[1]
19.8750 20.0000 51 2 0 THE[1]
20.0000 20.2500 53 4 1 BEAR[1]
20.2500 20.5000 53 4 1 WALKED[1]
20.5000 20.7500 53 4 0 OUT[1]
20.7500 20.8750 53 4 0 IN[1]
20.8750 21.0000 53 4 0 THE[1]
21.0000 21.1250 53 4 1 MIDDLE[1]
21.1250 21.2500 53 4 0 MIDDLE[2]
21.2500 21.3750 53 4 0 OF[1]
21.3750 21.5000 53 4 0 THE[1]
21.5000 21.7500 53 4 1 ROAD[1]
21.7500 21.8750 53 4 0 AND[1]
21.8750 22.0000 53 4 0 HE[1]
22.0000 22.2500 53 4 1 WALKED[1]
22.2500 22.3750 53 4 0 TO[1]
22.3750 22.5000 53 4 0 THE[1]
22.5000 22.7500 53 4 1 COON[1]
22.7500 23.0000 53 4 0 YOU[1]
23.0000 23.2500 53 4 1 SEE[1]
23.8750 24.0000 53 4 0 THAT[1]
24.0000 24.2500 51 2 1 COON[1]
24.2500 24.5000 53 4 1 GOT[1]
24.5000 24.6250 55 6 0 SO[1]
24.6250 25.0000 53 4 0 EXCITED[1]
25.0000 25.2500 53 4 1 EXCITED[2]
25.2500 25.5000 51 2 0 EXCITED[3]
25.5000 25.8750 51 2 0 THAT[1]
25.8750 26.0000 51 2 0 HE[1]
26.0000 26.2500 53 4 1 CLIMBED[1]
26.2500 26.3750 53 4 0 A[1]
26.3750 26.5000 53 4 0 PERSIMMON[1]
26.5000 26.6250 55 6 1 PERSIMMON[2]
26.6250 27.0000 51 2 0 PERSIMMON[3]
27.0000 27.5000 56 7 1 TREE[1]
27.8750 28.0000 54 5 0 THE[1]
28.0000 28.2500 53 4 1 BEAR[1]
28.2500 28.5000 53 4 1 SAT[1]
28.5000 28.8750 53 4 0 DOWN[1]
28.8750 29.0000 53 4 0 UPON[1]
29.0000 29.2500 56 7 1 UPON[2]
29.2500 29.5000 56 7 0 THE[1]
29.5000 29.7500 53 4 1 GROUND[1]
29.7500 29.8750 49 0 0 AND[1]
29.8750 30.0000 49 0 0 THE[1]
30.0000 30.2500 51 2 1 COON[1]
30.2500 30.5000 53 4 1 CLIMBED[1]
30.5000 30.7500 51 2 0 OUT[1]
30.7500 30.8750 49 0 0 ON[1]
30.8750 31.0000 46 9 0 A[1]
31.0000 31.2500 49 0 1 LIMB[1]
31.8750 32.0000 51 2 0 HE[1]
32.0000 32.2500 51 2 1 CAST[1]
32.2500 32.5000 49 0 0 HIS[1]
32.5000 32.7500 51 2 1 EYES[1]
32.7500 32.8750 49 0 0 TO[1]
32.8750 33.0000 49 0 0 THE[1]
33.0000 33.2500 51 2 1 LORD[1]
33.2500 33.3750 49 0 0 IN[1]
33.3750 33.5000 49 0 0 THE[1]
33.5000 33.7500 51 2 1 SKIES[1]
33.7500 33.8750 49 0 0 AND[1]
33.8750 34.0000 49 0 0 THESE[1]
34.0000 34.2500 56 7 1 WORDS[1]
34.2500 34.5000 53 4 0 HE[1]
34.5000 34.6250 53 4 1 SAID[1]
34.7500 35.0000 51 2 0 TO[1]
35.0000 35.2500 49 0 0 HIM[1]
36.0000 37.0000 61 0 1 OH[1]
37.0000 37.2500 61 0 1 LORD[1]
37.2500 37.3750 58 9 1 DIDN'T[1]
37.3750 37.5000 58 9 0 DIDN'T[2]
37.5000 37.6250 61 0 0 YOU[1]
37.6250 37.7500 58 9 0 DELIVER[1]
37.7500 37.8750 61 0 1 DELIVER[2]
37.8750 38.0000 58 9 0 DELIVER[3]
38.0000 38.1250 56 7 1 DANIEL[1]
38.1250 38.2500 58 9 0 DANIEL[2]
38.2500 38.3750 56 7 0 FROM[1]
38.3750 38.5000 54 5 0 THE[1]
38.5000 38.6250 53 4 1 LION'S[1]
38.7500 39.0000 51 2 0 LION'S[2]
39.0000 39.2500 49 0 1 DEN[1]
39.7500 40.0000 56 7 1 ALSO[1]
40.0000 40.6250 61 0 0 ALSO[2]
40.6250 40.7500 58 9 0 DELIVER[1]
40.7500 40.8750 61 0 1 DELIVER[2]
40.8750 41.0000 58 9 0 DELIVER[3]
41.0000 41.2500 61 0 1 JONAH[1]
41.2500 41.5000 58 9 0 JONAH[2]
41.7500 41.8750 58 9 0 FROM[1]
41.8750 42.0000 58 9 0 THE[1]
42.0000 42.1250 58 9 1 BELLY[1]
42.1250 42.2500 58 9 0 BELLY[2]
42.2500 42.3750 58 9 0 OF[1]
42.3750 42.5000 58 9 0 THE[1]
42.5000 42.7500 60 11 1 WHALE[1]
42.7500 43.0000 61 0 0 AND[1]
43.0000 43.2500 60 11 0 THEN[1]
43.7500 44.0000 56 7 1 THREE[1]
44.0000 44.2500 61 0 1 HEBREW[1]
44.2500 44.5000 61 0 0 HEBREW[2]
44.5000 44.6250 61 0 1 CHILDREN[1]
44.6250 44.7500 61 0 0 CHILDREN[2]
44.7500 44.8750 58 9 0 FROM[1]
44.8750 45.0000 56 7 0 THE[1]
45.0000 45.1250 61 0 1 FIERY[1]
45.1250 45.2500 61 0 0 FIERY[2]
45.2500 45.5000 61 0 0 FIERY[3]
45.5000 45.6250 56 7 1 FURNACE[1]
45.6250 45.7500 56 7 0 FURNACE[2]
45.7500 45.8750 49 0 0 SO[1]
45.8750 46.0000 49 0 0 THE[1]
46.0000 46.2500 51 2 1 GOOD[1]
46.2500 46.5000 53 4 1 BOOKS[1]
46.5000 46.6250 51 2 1 DO[1]
46.7500 47.0000 46 9 0 DECLARE[1]
47.0000 47.2500 49 0 1 DECLARE[2]
47.7500 48.0000 49 0 1 NOW[1]
48.0000 48.5000 51 2 1 LORD[1]
48.7500 48.8750 53 4 0 IF[1]
48.8750 49.0000 49 0 0 YOU[1]
49.0000 49.2500 51 2 1 CAN'T[1]
49.2500 49.5000 53 4 1 HELP[1]
49.5000 49.6250 60 11 0 ME[1]
49.6250 49.7500 56 7 0 FOR[1]
49.7500 49.8750 58 9 1 GOODNESS[1]
49.8750 50.0000 56 7 0 GOODNESS[2]
50.0000 50.2500 60 11 1 SAKE[1]
50.2500 50.3750 52 3 1 DON'T[1]
50.3750 50.5000 52 3 0 YOU[1]
50.5000 50.7500 58 9 1 HELP[1]
50.7500 51.0000 60 11 0 THAT[1]
51.0000 51.1250 60 11 1 BEAR[1]
52.0000 53.0000 61 0 1 OH[1]
53.0000 53.2500 61 0 1 LORD[1]
53.2500 53.3750 58 9 1 DIDN'T[1]
53.3750 53.5000 58 9 0 DIDN'T[2]
53.5000 53.6250 61 0 0 YOU[1]
53.6250 53.7500 58 9 0 DELIVER[1]
53.7500 53.8750 61 0 1 DELIVER[2]
53.8750 54.0000 58 9 0 DELIVER[3]
54.0000 54.1250 56 7 1 DANIEL[1]
54.1250 54.2500 58 9 0 DANIEL[2]
54.2500 54.3750 56 7 0 FROM[1]
54.3750 54.5000 54 5 0 THE[1]
54.5000 54.6250 53 4 1 LION'S[1]
54.7500 55.0000 51 2 0 LION'S[2]
55.0000 55.2500 49 0 1 DEN[1]
55.7500 56.0000 56 7 1 ALSO[1]
56.0000 56.6250 61 0 0 ALSO[2]
56.6250 56.7500 58 9 0 DELIVER[1]
56.7500 56.8750 61 0 1 DELIVER[2]
56.8750 57.0000 58 9 0 DELIVER[3]
57.0000 57.2500 61 0 1 JONAH[1]
57.2500 57.5000 58 9 0 JONAH[2]
57.7500 57.8750 58 9 0 FROM[1]
57.8750 58.0000 58 9 0 THE[1]
58.0000 58.1250 58 9 1 BELLY[1]
58.1250 58.2500 58 9 0 BELLY[2]
58.2500 58.3750 58 9 0 OF[1]
58.3750 58.5000 58 9 0 THE[1]
58.5000 58.7500 60 11 1 WHALE[1]
58.7500 59.0000 61 0 0 AND[1]
59.0000 59.2500 60 11 0 THEN[1]
59.7500 60.0000 56 7 1 THREE[1]
60.0000 60.2500 61 0 1 HEBREW[1]
60.2500 60.5000 61 0 0 HEBREW[2]
60.5000 60.6250 61 0 1 CHILDREN[1]
60.6250 60.7500 61 0 0 CHILDREN[2]
60.7500 60.8750 58 9 0 FROM[1]
60.8750 61.0000 56 7 0 THE[1]
61.0000 61.1250 61 0 1 FIERY[1]
61.1250 61.2500 61 0 0 FIERY[2]
61.2500 61.5000 61 0 0 FIERY[3]
61.5000 61.6250 56 7 1 FURNACE[1]
61.6250 61.7500 56 7 0 FURNACE[2]
61.7500 61.8750 49 0 0 SO[1]
61.8750 62.0000 49 0 0 THE[1]
62.0000 62.2500 51 2 1 GOOD[1]
62.2500 62.5000 53 4 1 BOOKS[1]
62.5000 62.6250 51 2 1 DO[1]
62.7500 63.0000 46 9 0 DECLARE[1]
63.0000 63.2500 49 0 1 DECLARE[2]
63.7500 64.0000 49 0 1 NOW[1]
64.0000 64.5000 51 2 1 LORD[1]
64.7500 64.8750 53 4 0 IF[1]
64.8750 65.0000 49 0 0 YOU[1]
65.0000 65.2500 51 2 1 CAN'T[1]
65.2500 65.5000 49 0 1 HELP[1]
65.5000 65.6250 58 9 0 ME[1]
65.6250 65.7500 53 4 0 FOR[1]
65.7500 65.8750 56 7 1 GOODNESS[1]
65.8750 66.0000 53 4 0 GOODNESS[2]
66.0000 66.2500 60 11 1 SAKE[1]
66.2500 66.3750 60 11 1 DON'T[1]
66.3750 66.5000 56 7 0 YOU[1]
66.5000 66.7500 59 10 1 HELP[1]
66.7500 67.0000 60 11 0 THAT[1]
67.0000 67.1250 60 11 1 BEAR[1]
