26.000 26.125 59 4 0 I[1]
26.250 26.312 59 4 0 I[1]
26.312 26.375 58 3 1 GOT[1]
26.375 26.438 59 4 0 A[1]
26.438 26.625 66 11 1 NEW[1]
26.625 26.750 67 0 1 LIFE[1]
26.875 27.000 67 0 1 YOU'D[1]
27.000 27.125 67 0 1 HARDLY[1]
27.125 27.250 67 0 0 HARDLY[2]
27.250 27.312 69 2 1 RECOGNIZE[1]
27.312 27.438 67 0 0 RECOGNIZE[2]
27.438 27.562 66 11 2 RECOGNIZE[3]
27.562 27.688 57 2 0 ME[1]
27.688 27.812 62 7 1 I'M[1]
27.812 27.938 60 5 0 SO[1]
27.938 28.000 60 5 1 GLAD[1]
28.188 28.250 59 4 1 HOW[1]
28.312 28.375 58 3 0 CAN[1]
28.375 28.500 59 4 0 A[1]
28.500 28.750 66 11 1 PERSON[1]
28.750 28.875 67 0 0 PERSON[2]
29.000 29.125 71 4 0 LIKE[1]
29.250 29.500 69 2 0 ME[1]
29.500 29.625 72 5 1 CARE[1]
29.625 29.750 72 5 0 FOR[1]
29.875 30.000 71 4 0 YOU[1]
30.000 30.125 59 4 0 I[1]
30.250 30.312 59 4 1 WHY[1]
30.312 30.375 58 3 1 DO[1]
30.375 30.438 59 4 0 I[1]
30.438 30.625 66 11 1 BOTHER[1]
30.625 30.750 67 0 0 BOTHER[2]
30.875 31.000 67 0 0 WHEN[1]
31.000 31.250 67 0 1 YOU'RE[1]
31.250 31.375 64 9 1 NOT[1]
31.375 31.500 60 5 0 THE[1]
31.500 31.750 59 4 0 ONE[1]
31.750 31.938 60 5 0 FOR[1]
31.938 32.000 62 7 0 ME[1]
33.375 33.438 71 4 1 IS[1]
33.438 33.500 71 4 0 ENOUGH[1]
33.500 33.625 69 2 1 ENOUGH[2]
33.625 33.750 62 7 0 ENOUGH[1]
33.750 33.875 67 0 1 ENOUGH[2]
34.000 34.250 71 4 0 I[1]
34.250 34.375 67 0 1 SAW[1]
34.375 34.438 69 2 0 THE[1]
34.438 34.625 67 0 1 SIGN[1]
34.812 34.875 62 7 0 AND[1]
34.875 35.000 62 7 0 IT[1]
35.000 35.125 64 9 1 OPENED[1]
35.125 35.250 67 0 0 OPENED[2]
35.250 35.375 67 0 0 UP[1]
35.375 35.438 69 2 0 MY[1]
35.438 35.500 70 3 1 EYES[1]
35.625 35.750 69 2 0 I[1]
35.750 35.875 67 0 1 SAW[1]
35.875 35.938 69 2 0 THE[1]
35.938 36.125 67 0 1 SIGN[1]
36.188 36.312 71 4 1 LIFE[1]
36.312 36.375 69 2 1 IS[1]
36.375 36.500 67 0 0 DEMANDING[1]
36.500 36.625 69 2 1 DEMANDING[2]
36.750 37.000 67 0 0 DEMANDING[3]
37.000 37.062 67 0 0 WITHOUT[1]
37.062 37.188 67 0 1 WITHOUT[2]
37.188 37.375 67 0 2 UNDERSTANDING[1]
37.375 37.500 71 4 0 UNDERSTANDING[2]
37.500 37.625 71 4 1 UNDERSTANDING[3]
37.750 38.000 69 2 0 UNDERSTANDING[4]
38.000 38.250 71 4 0 I[1]
38.250 38.375 67 0 1 SAW[1]
38.375 38.438 69 2 0 THE[1]
38.438 38.500 67 0 1 SIGN[1]
38.812 38.875 62 7 0 AND[1]
38.875 39.000 62 7 0 IT[1]
39.000 39.125 64 9 1 OPENED[1]
39.125 39.250 67 0 0 OPENED[2]
39.250 39.375 67 0 0 UP[1]
39.375 39.438 69 2 0 MY[1]
39.438 39.500 70 3 1 EYES[1]
39.625 39.750 69 2 0 I[1]
39.750 39.875 67 0 1 SAW[1]
39.875 39.938 69 2 0 THE[1]
39.938 40.125 67 0 1 SIGN[1]
40.188 40.312 67 0 0 NO[1]
40.312 40.375 67 0 1 ONE'S[1]
40.375 40.438 67 0 1 GONNA[1]
40.438 40.500 67 0 0 GONNA[2]
40.500 40.625 67 0 1 DRAG[1]
40.625 40.688 69 2 0 YOU[1]
40.688 40.750 71 4 0 UP[1]
40.875 40.938 67 0 0 TO[1]
40.938 41.000 67 0 1 GET[1]
41.000 41.062 67 0 1 INTO[1]
41.062 41.125 67 0 0 INTO[2]
41.125 41.188 67 0 0 THE[1]
41.188 41.375 67 0 1 LIGHT[1]
41.375 41.500 69 2 0 WHERE[1]
41.500 41.625 71 4 0 YOU[1]
41.750 41.875 66 11 0 BELONG[1]
41.875 42.000 69 2 1 BELONG[2]
42.375 42.500 62 7 0 BUT[1]
42.500 42.625 58 3 0 WHERE[1]
42.625 42.750 58 3 1 DO[1]
42.750 42.875 55 0 0 YOU[1]
42.875 42.938 52 9 0 BELONG[1]
42.938 43.125 57 2 1 BELONG[2]
51.000 51.125 59 4 0 I[1]
51.250 51.312 59 4 1 UNDER[1]
51.312 51.375 58 3 0 UNDER[2]
51.375 51.438 59 4 0 THE[1]
51.438 51.625 66 11 1 PALE[1]
51.625 51.750 67 0 1 MOON[1]
51.875 51.938 67 0 0 FOR[1]
51.938 52.000 67 0 0 SO[1]
52.000 52.062 67 0 1 MANY[1]
52.062 52.188 67 0 0 MANY[2]
52.188 52.312 69 2 1 YEARS[1]
52.312 52.438 67 0 0 I[1]
52.438 52.562 66 11 1 WONDERED[1]
52.562 52.688 57 2 0 WONDERED[2]
52.688 52.750 60 5 0 WHO[1]
52.812 52.938 60 5 0 YOU[1]
52.938 53.000 60 5 1 ARE[1]
53.188 53.312 59 4 1 HOW[1]
53.312 53.375 58 3 0 COULD[1]
53.375 53.500 59 4 0 A[1]
53.500 53.750 66 11 1 PERSON[1]
53.750 53.875 67 0 0 PERSON[2]
54.000 54.125 70 3 0 LIKE[1]
54.250 54.500 69 2 0 YOU[1]
54.500 54.625 72 5 1 BRING[1]
54.625 54.875 71 4 0 ME[1]
54.875 55.000 71 4 1 JOY[1]
55.250 55.312 71 4 1 UNDER[1]
55.312 55.375 70 3 0 UNDER[2]
55.375 55.438 71 4 0 THE[1]
55.438 55.625 78 11 1 PALE[1]
55.625 55.750 79 0 1 MOON[1]
55.875 56.000 79 0 0 WHERE[1]
56.000 56.250 79 0 0 I[1]
56.250 56.375 76 9 1 SEE[1]
56.375 56.500 72 5 0 A[1]
56.500 56.688 71 4 1 LOT[1]
56.688 56.875 72 5 0 OF[1]
56.875 57.250 74 7 1 STARS[1]
60.375 60.438 83 4 1 IS[1]
60.438 60.500 83 4 0 ENOUGH[1]
60.500 60.625 81 2 1 ENOUGH[2]
60.625 60.750 74 7 0 ENOUGH[1]
60.750 60.875 79 0 1 ENOUGH[2]
61.000 61.250 83 4 0 I[1]
61.250 61.375 79 0 1 SAW[1]
61.375 61.438 81 2 0 THE[1]
61.438 61.750 79 0 1 SIGN[1]
61.812 61.875 74 7 0 AND[1]
61.875 62.000 74 7 0 IT[1]
62.000 62.125 76 9 1 OPENED[1]
62.125 62.250 79 0 0 OPENED[2]
62.250 62.375 79 0 0 UP[1]
62.375 62.438 81 2 0 MY[1]
62.438 62.500 82 3 1 EYES[1]
62.625 62.750 81 2 0 I[1]
62.750 62.875 79 0 1 SAW[1]
62.875 62.938 81 2 0 THE[1]
62.938 63.125 79 0 1 SIGN[1]
63.188 63.312 83 4 1 LIFE[1]
63.312 63.375 81 2 1 IS[1]
63.375 63.500 79 0 0 DEMANDING[1]
63.500 63.625 81 2 1 DEMANDING[2]
63.750 63.938 79 0 0 DEMANDING[3]
63.938 64.000 74 7 0 A[1]
64.000 64.062 79 0 0 WITHOUT[1]
64.062 64.188 79 0 1 WITHOUT[2]
64.188 64.375 79 0 2 UNDERSTANDING[1]
64.375 64.500 83 4 0 UNDERSTANDING[2]
64.500 64.625 83 4 1 UNDERSTANDING[3]
64.750 65.000 81 2 0 UNDERSTANDING[4]
65.000 65.250 83 4 0 I[1]
65.250 65.375 79 0 1 SAW[1]
65.375 65.438 81 2 0 THE[1]
65.438 65.500 79 0 1 SIGN[1]
65.812 65.875 74 7 0 AND[1]
65.875 66.000 74 7 0 IT[1]
66.000 66.125 76 9 1 OPENED[1]
66.125 66.250 79 0 0 OPENED[2]
66.250 66.375 79 0 0 UP[1]
66.375 66.438 81 2 0 MY[1]
66.438 66.500 82 3 1 EYES[1]
66.625 66.750 81 2 0 I[1]
66.750 66.875 79 0 1 SAW[1]
66.875 66.938 81 2 0 THE[1]
66.938 67.125 79 0 1 SIGN[1]
67.188 67.312 79 0 0 NO[1]
67.312 67.375 79 0 1 ONE'S[1]
67.375 67.438 79 0 1 GONNA[1]
67.438 67.500 79 0 0 GONNA[2]
67.500 67.625 79 0 1 DRAG[1]
67.625 67.688 81 2 0 YOU[1]
67.688 67.750 83 4 0 UP[1]
67.875 67.938 79 0 0 TO[1]
67.938 68.000 79 0 1 GET[1]
68.000 68.062 79 0 1 INTO[1]
68.062 68.125 79 0 0 INTO[2]
68.125 68.188 79 0 0 THE[1]
68.188 68.375 79 0 1 LIGHT[1]
68.375 68.500 81 2 0 WHERE[1]
68.500 68.625 83 4 0 YOU[1]
68.750 68.875 78 11 0 BELONG[1]
68.875 69.000 81 2 1 BELONG[2]
69.375 69.500 74 7 0 BUT[1]
69.500 69.625 70 3 0 WHERE[1]
69.625 69.750 70 3 1 DO[1]
69.750 69.875 67 0 0 YOU[1]
69.875 69.938 64 9 0 BELONG[1]
69.938 70.125 69 2 1 BELONG[2]
78.000 78.250 74 7 0 I[1]
78.250 78.375 71 4 1 SAW[1]
78.375 78.438 69 2 0 THE[1]
78.438 78.750 67 0 1 SIGN[1]
78.812 78.875 67 0 0 AND[1]
78.875 79.000 67 0 0 IT[1]
79.000 79.125 76 9 1 OPENED[1]
79.125 79.250 72 5 0 OPENED[2]
79.250 79.375 72 5 0 UP[1]
79.375 79.438 71 4 0 MY[1]
79.438 79.625 69 2 1 MIND[1]
79.625 79.750 69 2 0 AND[1]
79.750 79.812 69 2 0 I[1]
79.875 80.000 72 5 1 AM[1]
80.000 80.062 71 4 1 HAPPY[1]
80.062 80.125 69 2 0 HAPPY[2]
80.125 80.250 67 0 1 NOW[1]
80.250 80.312 67 0 1 LIVING[1]
80.312 80.375 67 0 0 LIVING[2]
80.375 80.438 67 0 0 WITHOUT[1]
80.438 80.625 67 0 1 WITHOUT[2]
80.625 80.750 71 4 0 YOU[1]
80.875 81.000 67 0 1 I'VE[1]
81.000 81.125 72 5 1 LEFT[1]
81.188 81.250 71 4 0 YOU[1]
81.375 81.500 67 0 1 OH[1]
81.625 81.750 62 7 1 OH[1]
81.750 81.875 69 2 1 OH[1]
82.000 82.250 71 4 0 I[1]
82.250 82.375 67 0 1 SAW[1]
82.375 82.438 69 2 0 THE[1]
82.438 82.500 67 0 1 SIGN[1]
82.812 82.875 62 7 0 AND[1]
82.875 83.000 62 7 0 IT[1]
83.000 83.125 64 9 1 OPENED[1]
83.125 83.250 67 0 0 OPENED[2]
83.250 83.375 67 0 0 UP[1]
83.375 83.438 69 2 0 MY[1]
83.438 83.500 71 4 1 EYES[1]
83.625 83.750 69 2 0 I[1]
83.750 83.875 72 5 1 SAW[1]
83.875 83.938 71 4 0 THE[1]
83.938 84.000 71 4 1 SIGN[1]
84.188 84.312 67 0 0 NO[1]
84.312 84.375 67 0 1 ONE'S[1]
84.375 84.438 67 0 1 GONNA[1]
84.438 84.500 67 0 0 GONNA[2]
84.500 84.625 67 0 1 DRAG[1]
84.625 84.688 69 2 0 YOU[1]
84.688 84.750 71 4 0 UP[1]
84.875 84.938 67 0 0 TO[1]
84.938 85.000 67 0 1 GET[1]
85.000 85.062 67 0 1 INTO[1]
85.062 85.125 67 0 0 INTO[2]
85.125 85.188 67 0 0 THE[1]
85.188 85.375 67 0 1 LIGHT[1]
85.375 85.500 69 2 0 WHERE[1]
85.500 85.625 71 4 0 YOU[1]
85.750 85.875 67 0 0 BELONG[1]
85.875 86.000 67 0 1 BELONG[2]
86.000 86.250 67 0 0 I[1]
86.250 86.438 67 0 1 SAW[1]
86.438 86.500 69 2 0 THE[1]
86.500 86.750 67 0 1 SIGN[1]
86.750 87.000 67 0 0 I[1]
87.000 87.188 67 0 1 SAW[1]
87.188 87.250 69 2 0 THE[1]
87.250 87.438 67 0 1 SIGN[1]
87.625 87.750 71 4 0 I[1]
87.750 87.875 69 2 1 SAW[1]
87.875 87.938 67 0 0 THE[1]
87.938 88.000 74 7 1 SIGN[1]
88.000 88.250 67 0 0 I[1]
88.250 88.438 67 0 1 SAW[1]
88.438 88.500 69 2 0 THE[1]
88.500 88.750 67 0 1 SIGN[1]
88.750 89.000 67 0 0 I[1]
89.000 89.188 67 0 1 SAW[1]
89.188 89.250 69 2 0 THE[1]
89.250 89.438 67 0 1 SIGN[1]
90.250 90.500 67 0 0 I[1]
90.500 90.688 67 0 1 SAW[1]
90.688 90.750 69 2 0 THE[1]
90.750 91.000 67 0 1 SIGN[1]
91.000 91.250 67 0 0 I[1]
91.250 91.438 67 0 1 SAW[1]
91.438 91.500 69 2 0 THE[1]
91.500 91.625 67 0 1 SIGN[1]
