4.000 4.125 48 0 1 FIGHTING[1]
4.250 4.500 52 4 0 FIGHTING[2]
4.500 5.000 52 4 1 SOLDIERS[1]
5.250 5.500 48 0 0 SOLDIERS[2]
5.500 5.750 50 2 0 FROM[1]
5.750 6.000 50 2 0 THE[1]
6.000 6.500 48 0 1 SKY[1]
8.000 8.250 52 4 1 FEARLESS[1]
8.250 8.500 55 7 0 FEARLESS[2]
8.500 9.000 55 7 1 MEN[1]
9.250 9.500 55 7 0 WHO[1]
9.500 9.750 57 9 1 JUMP[1]
9.750 10.000 55 7 0 AND[1]
10.000 10.500 55 7 1 DIE[1]
11.500 11.750 60 0 1 MEN[1]
11.750 12.000 60 0 0 WHO[1]
12.000 12.250 60 0 1 MEAN[1]
13.250 13.500 53 5 1 JUST[1]
13.500 13.750 57 9 0 WHAT[1]
13.750 14.000 55 7 0 THEY[1]
14.000 14.250 55 7 1 SAY[1]
15.500 15.750 52 4 0 THE[1]
15.750 16.000 52 4 1 BRAVE[1]
16.000 16.500 50 2 1 MEN[1]
17.250 17.375 43 7 0 OF[1]
17.375 17.500 43 7 0 THE[1]
17.500 17.750 45 9 1 GREEN[1]
17.750 18.000 47 11 1 BERET[1]
18.000 18.500 48 0 0 BERET[2]
19.500 19.625 48 0 1 SILVER[1]
19.750 20.000 52 4 0 SILVER[2]
20.000 21.250 52 4 1 WINGS[1]
21.250 21.500 48 0 0 UPON[1]
21.500 21.750 50 2 1 UPON[2]
21.750 22.000 50 2 0 THEIR[1]
22.000 22.250 48 0 1 CHEST[1]
23.500 23.750 52 4 0 THESE[1]
23.750 24.000 55 7 1 ARE[1]
24.000 24.500 55 7 1 MEN[1]
25.250 25.500 55 7 0 AMERICA'S[1]
25.500 25.625 57 9 1 AMERICA'S[2]
25.625 25.750 55 7 0 AMERICA'S[3]
25.750 26.000 55 7 0 AMERICA'S[4]
26.000 26.500 55 7 1 BEST[1]
27.250 27.500 60 0 0 ONE[1]
27.500 27.750 60 0 1 HUNDRED[1]
27.750 28.000 60 0 0 HUNDRED[2]
28.000 28.250 60 0 1 MEN[1]
29.250 29.500 53 5 0 WILL[1]
29.500 29.750 57 9 1 TEST[1]
29.750 30.000 55 7 0 TODAY[1]
30.000 30.250 55 7 1 TODAY[2]
31.250 31.500 52 4 0 BUT[1]
31.500 31.750 52 4 1 ONLY[1]
31.750 31.875 52 4 0 ONLY[2]
32.000 32.500 50 2 1 THREE[1]
33.250 33.375 43 7 1 WIN[1]
33.375 33.500 43 7 0 THE[1]
33.500 33.750 45 9 1 GREEN[1]
33.750 34.000 47 11 1 BERET[1]
34.000 34.500 48 0 0 BERET[2]
36.000 36.125 48 0 1 TRAINED[1]
36.250 36.500 52 4 0 TO[1]
36.500 37.000 52 4 1 LIVE[1]
37.250 37.500 48 0 0 OF[1]
37.500 37.750 50 2 1 NATURE'S[1]
37.750 38.000 50 2 0 NATURE'S[2]
38.000 38.500 48 0 1 LAND[1]
40.000 40.250 55 7 1 TRAINED[1]
40.250 40.500 55 7 0 IN[1]
40.500 40.750 55 7 1 COMBAT[1]
40.750 41.000 55 7 0 COMBAT[2]
41.500 41.750 57 9 1 HAND[1]
41.750 42.000 55 7 0 TO[1]
42.000 42.500 55 7 1 HAND[1]
43.500 43.750 60 0 1 MEN[1]
43.750 44.000 60 0 0 WHO[1]
44.000 44.250 60 0 1 FIGHT[1]
45.250 45.500 53 5 0 BY[1]
45.500 45.750 57 9 1 NIGHT[1]
45.750 46.000 55 7 0 AND[1]
46.000 46.250 55 7 1 DAY[1]
47.500 47.750 52 4 1 COURAGE[1]
47.750 47.875 52 4 0 COURAGE[2]
48.000 48.500 50 2 1 TAKE[1]
49.250 49.375 43 7 0 FROM[1]
49.375 49.500 43 7 0 THE[1]
49.500 49.750 45 9 1 GREEN[1]
49.750 50.000 47 11 1 BERET[1]
50.000 50.500 48 0 0 BERET[2]
51.500 51.625 48 0 1 SILVER[1]
51.750 52.000 52 4 0 SILVER[2]
52.000 52.500 52 4 1 WINGS[1]
53.250 53.500 48 0 0 UPON[1]
53.500 53.750 50 2 1 UPON[2]
53.750 54.000 50 2 0 THEIR[1]
54.000 54.250 48 0 1 CHEST[1]
55.500 55.750 52 4 0 THESE[1]
55.750 56.000 55 7 1 ARE[1]
56.000 56.500 55 7 1 MEN[1]
57.250 57.500 55 7 0 AMERICA'S[1]
57.500 57.625 57 9 1 AMERICA'S[2]
57.625 57.750 55 7 0 AMERICA'S[3]
57.750 58.000 55 7 0 AMERICA'S[4]
58.000 58.500 55 7 1 BEST[1]
59.250 59.500 60 0 0 ONE[1]
59.500 59.750 60 0 1 HUNDRED[1]
59.750 60.000 60 0 0 HUNDRED[2]
60.000 60.250 60 0 1 MEN[1]
61.250 61.500 53 5 0 WILL[1]
61.500 61.750 57 9 1 TEST[1]
61.750 62.000 55 7 0 TODAY[1]
62.000 62.250 55 7 1 TODAY[2]
63.250 63.500 52 4 0 BUT[1]
63.500 63.750 52 4 1 ONLY[1]
63.750 63.875 52 4 0 ONLY[2]
64.000 64.500 50 2 1 THREE[1]
65.250 65.375 43 7 1 WIN[1]
65.375 65.500 43 7 0 THE[1]
65.500 65.750 45 9 1 GREEN[1]
65.750 66.000 47 11 1 BERET[1]
66.000 67.000 48 0 0 BERET[2]
68.000 68.125 48 0 1 BACK[1]
68.250 68.500 52 4 0 AT[1]
68.500 69.000 52 4 1 HOME[1]
69.250 69.500 48 0 0 A[1]
69.500 69.750 50 2 1 YOUNG[1]
69.750 70.000 50 2 1 WIFE[1]
70.000 70.500 48 0 1 WAITS[1]
71.750 72.000 52 4 0 HER[1]
72.000 72.250 52 4 1 GREEN[1]
72.250 72.500 55 7 1 BERET[1]
72.500 73.000 55 7 0 BERET[2]
73.250 73.500 55 7 1 HAS[1]
73.500 73.750 57 9 1 MET[1]
73.750 74.000 55 7 0 HIS[1]
74.000 74.250 55 7 1 FATE[1]
75.500 75.750 60 0 0 HE[1]
75.750 76.000 60 0 1 HAS[1]
76.000 77.000 60 0 1 DIED[1]
77.250 77.500 53 5 0 FOR[1]
77.500 77.625 55 7 0 THOSE[1]
77.750 78.000 55 7 0 OPPRESSED[1]
78.000 78.250 55 7 1 OPPRESSED[2]
79.500 79.750 52 4 1 LEAVING[1]
79.750 79.875 52 4 0 LEAVING[2]
80.000 80.500 50 2 0 HER[1]
81.250 81.500 43 7 0 HIS[1]
81.500 81.750 45 9 1 LAST[1]
81.750 82.000 47 11 0 REQUEST[1]
82.000 82.500 48 0 1 REQUEST[2]
83.250 83.500 52 4 1 PUT[1]
83.500 83.750 52 4 1 SILVER[1]
83.750 84.000 52 4 0 SILVER[2]
84.000 84.500 52 4 1 WINGS[1]
85.250 85.500 48 0 0 ON[1]
85.500 85.750 50 2 0 MY[1]
85.750 86.000 50 2 1 SON'S[1]
86.000 86.250 48 0 1 CHEST[1]
87.500 87.750 52 4 1 MAKE[1]
87.750 88.000 55 7 0 HIM[1]
88.000 88.500 55 7 0 ONE[1]
89.250 89.375 55 7 0 OF[1]
89.375 89.500 55 7 0 AMERICA'S[1]
89.500 89.625 57 9 1 AMERICA'S[2]
89.625 89.750 55 7 0 AMERICA'S[3]
89.750 90.000 55 7 0 AMERICA'S[4]
90.000 90.500 55 7 1 BEST[1]
91.250 91.500 60 0 1 HE'LL[1]
91.500 91.750 60 0 1 BE[1]
91.750 92.000 60 0 0 A[1]
92.000 92.250 60 0 1 MAN[1]
93.250 93.500 53 5 1 HE'LL[1]
93.500 93.750 57 9 1 TEST[1]
93.750 94.000 55 7 0 ONE[1]
94.000 94.250 55 7 1 DAY[1]
95.500 95.750 52 4 1 HAVE[1]
95.750 95.875 52 4 0 HIM[1]
96.000 96.500 50 2 1 WIN[1]
97.250 97.500 43 7 0 THE[1]
97.500 97.750 45 9 1 GREEN[1]
97.750 98.000 47 11 1 BERET[1]
98.000 101.000 48 0 0 BERET[2]
