8.250 8.500 60 4 0 ONE[1]
8.500 8.875 63 7 1 NIGHT[1]
8.875 9.000 56 0 0 IN[1]
9.000 10.000 60 4 1 JUNE[1]
10.250 10.500 56 0 1 TWAS[1]
10.500 10.750 58 2 0 IN[1]
10.750 11.000 60 4 0 THE[1]
11.000 11.375 60 4 1 LONG[1]
11.375 11.500 53 9 0 AGO[1]
11.500 12.000 58 2 1 AGO[2]
12.250 12.500 56 0 0 YOU[1]
12.500 12.875 55 11 1 SANG[1]
12.875 13.000 54 10 0 A[1]
13.000 14.000 55 11 1 SONG[1]
14.250 14.500 65 9 0 SO[1]
14.500 14.875 65 9 1 TENDERLY[1]
14.875 15.000 60 4 0 TENDERLY[2]
15.000 16.250 63 7 0 TENDERLY[3]
16.250 16.500 60 4 0 AN[1]
16.500 16.875 63 7 1 OLD[1]
16.875 17.000 56 0 1 TIME[1]
17.000 18.000 60 4 1 TUNE[1]
18.250 18.500 56 0 0 THAT[1]
18.500 18.750 58 2 1 SET[1]
18.750 19.000 60 4 0 MY[1]
19.000 19.375 60 4 1 HEART[1]
19.375 19.500 53 9 0 AGLOW[1]
19.500 20.000 58 2 1 AGLOW[2]
20.250 20.500 58 2 0 SO[1]
20.500 20.750 58 2 1 SOFT[1]
20.750 21.000 58 2 0 AND[1]
21.000 22.000 65 9 1 SWEET[1]
22.250 22.500 62 6 0 YOU[1]
22.500 22.750 58 2 1 SANG[1]
22.750 23.000 65 9 0 TO[1]
23.000 24.000 63 7 0 ME[1]
24.250 24.500 58 2 0 THE[1]
24.500 24.750 58 2 1 SONG[1]
24.750 25.000 60 4 0 I[1]
25.000 25.375 61 5 1 HEARD[1]
25.375 25.500 60 4 0 YOU[1]
25.500 26.250 61 5 1 PLAY[1]
26.250 26.500 61 5 0 I[1]
26.500 26.750 60 4 1 LONG[1]
26.750 27.000 58 2 0 ONCE[1]
27.000 27.375 59 3 0 MORE[1]
27.375 27.500 60 4 0 TO[1]
27.500 28.000 60 4 1 HEAR[1]
28.250 28.500 60 4 0 YOU[1]
28.500 28.750 60 4 1 STOLE[1]
28.750 29.000 60 4 0 MY[1]
29.000 29.375 62 6 1 HEART[1]
29.375 29.500 61 5 0 AWAY[1]
29.500 30.000 62 6 1 AWAY[2]
30.250 30.500 62 6 0 THAT[1]
30.500 30.750 63 7 1 NIGHT[1]
30.750 31.000 65 9 0 MY[1]
31.000 33.000 63 7 1 DEAR[1]
33.000 33.750 60 4 1 PLAY[1]
33.750 34.000 63 7 0 THAT[1]
34.000 34.250 56 0 1 MELODY[1]
34.250 34.500 60 4 0 MELODY[2]
34.500 34.750 52 8 0 MELODY[3]
34.750 35.000 53 9 0 SO[1]
35.000 36.000 58 2 1 SWEET[1]
36.250 36.500 56 0 0 I[1]
36.500 36.750 55 11 1 LOVE[1]
36.750 36.875 54 10 0 IT[1]
36.875 38.000 55 11 0 SO[1]
38.250 38.500 65 9 0 I[1]
38.500 38.875 65 9 1 LOVE[1]
38.875 39.000 60 4 0 IT[1]
39.000 41.000 63 7 0 SO[1]
41.000 41.750 60 4 1 SOFT[1]
41.750 42.000 63 7 0 AND[1]
42.000 42.250 56 0 1 LOW[1]
42.250 42.500 60 4 0 THOSE[1]
42.500 42.875 52 8 1 WORDS[1]
42.875 43.000 53 9 0 REPEAT[1]
43.000 44.000 58 2 1 REPEAT[2]
44.500 45.000 59 3 1 OH[1]
45.000 45.500 60 4 1 DON'T[1]
45.500 45.750 60 4 0 YOU[1]
45.750 46.000 60 4 0 REMEMBER[1]
46.000 46.250 60 4 1 REMEMBER[2]
46.250 46.750 65 9 0 REMEMBER[3]
46.750 47.000 63 7 1 SWEET[1]
47.000 47.250 63 7 1 ALICE[1]
47.250 47.750 61 5 0 ALICE[2]
47.750 48.000 61 5 1 BEN[1]
48.000 48.750 58 2 1 BOLT[1]
48.750 49.000 63 7 0 THE[1]
49.000 49.750 63 7 1 SONG[1]
49.750 50.000 62 6 0 THAT[1]
50.000 50.250 61 5 1 STOLE[1]
50.250 50.500 55 11 0 MY[1]
50.500 50.750 60 4 1 HEART[1]
50.750 51.000 58 2 0 AWAY[1]
51.000 52.000 56 0 1 AWAY[2]
53.000 53.750 60 4 1 PLAY[1]
53.750 54.000 63 7 0 THAT[1]
54.000 54.250 56 0 1 MELODY[1]
54.250 54.500 60 4 0 MELODY[2]
54.500 54.750 52 8 0 MELODY[3]
54.750 55.000 53 9 0 SO[1]
55.000 56.000 58 2 1 SWEET[1]
56.250 56.500 56 0 0 I[1]
56.500 56.750 55 11 1 LOVE[1]
56.750 56.875 54 10 0 IT[1]
56.875 58.000 55 11 0 SO[1]
58.250 58.500 65 9 0 I[1]
58.500 58.875 65 9 1 LOVE[1]
58.875 59.000 60 4 0 IT[1]
59.000 61.000 63 7 0 SO[1]
61.000 61.750 60 4 1 SOFT[1]
61.750 62.000 63 7 0 AND[1]
62.000 62.250 56 0 1 LOW[1]
62.250 62.500 60 4 0 THOSE[1]
62.500 62.750 52 8 1 WORDS[1]
62.750 62.875 53 9 0 REPEAT[1]
62.875 64.000 58 2 1 REPEAT[2]
64.500 65.000 59 3 1 OH[1]
65.000 65.500 60 4 1 DON'T[1]
65.500 65.750 60 4 0 YOU[1]
65.750 66.000 60 4 0 REMEMBER[1]
66.000 66.250 60 4 1 REMEMBER[2]
66.250 66.750 65 9 0 REMEMBER[3]
66.750 67.000 63 7 1 SWEET[1]
67.000 67.250 63 7 1 ALICE[1]
67.250 67.750 61 5 0 ALICE[2]
67.750 68.000 61 5 1 BEN[1]
68.000 68.750 58 2 1 BOLT[1]
68.750 69.000 63 7 0 THE[1]
69.000 69.750 63 7 1 SONG[1]
69.750 70.000 62 6 0 THAT[1]
70.000 70.250 61 5 1 STOLE[1]
70.250 70.500 55 11 0 MY[1]
70.500 70.750 60 4 1 HEART[1]
70.750 71.000 58 2 0 AWAY[1]
71.000 72.000 56 0 1 AWAY[2]
