7.3750 7.5000 59 0 0 THE[1]
7.5000 7.7500 59 0 1 WAYWARD[1]
7.7500 8.0000 59 0 0 WAYWARD[2]
8.0000 9.0000 63 4 1 WIND[1]
9.2500 9.3750 59 0 1 IS[1]
9.3750 9.5000 59 0 0 A[1]
9.5000 9.7500 59 0 1 RESTLESS[1]
9.7500 10.0000 59 0 0 RESTLESS[2]
10.0000 11.0000 56 9 1 WIND[1]
11.2500 11.5000 59 0 0 A[1]
11.5000 11.7500 59 0 1 RESTLESS[1]
11.7500 12.0000 59 0 0 RESTLESS[2]
12.0000 13.0000 63 4 1 WIND[1]
13.2500 13.5000 66 7 0 THAT[1]
13.5000 13.8750 68 9 1 YEARNS[1]
13.8750 14.1250 66 7 0 TO[1]
14.1250 14.5000 70 11 1 WANDER[1]
14.5000 15.0000 66 7 0 WANDER[2]
15.2500 15.5000 66 7 0 AND[1]
15.5000 15.8750 68 9 0 HE[1]
15.8750 16.2500 66 7 1 WAS[1]
16.2500 17.0000 71 0 1 BORN[1]
17.2500 17.5000 68 9 0 THE[1]
17.5000 17.7500 66 7 1 NEXT[1]
17.7500 18.0000 63 4 0 OF[1]
18.0000 18.1250 61 2 1 KIN[1]
19.2500 19.5000 59 0 0 THE[1]
19.5000 19.7500 59 0 1 NEXT[1]
19.7500 20.0000 59 0 0 OF[1]
20.0000 20.1250 61 2 1 KIN[1]
21.2500 21.3750 54 7 0 TO[1]
21.3750 21.5000 54 7 0 THE[1]
21.5000 21.7500 56 9 1 WAYWARD[1]
21.7500 22.0000 59 0 0 WAYWARD[2]
22.0000 23.0000 59 0 1 WIND[1]
23.7500 23.8750 59 0 0 IN[1]
23.8750 24.0000 63 4 0 A[1]
24.0000 24.2500 66 7 1 LONELY[1]
24.2500 24.5000 66 7 0 LONELY[2]
24.5000 24.7500 66 7 1 SHACK[1]
24.7500 24.8750 66 7 0 BY[1]
24.8750 25.0000 66 7 0 A[1]
25.0000 25.2500 68 9 1 RAILROAD[1]
25.2500 25.5000 66 7 2 RAILROAD[2]
25.5000 25.7500 63 4 1 TRACK[1]
26.0000 26.2500 66 7 0 HE[1]
26.2500 26.3750 68 9 1 SPENT[1]
26.3750 26.5000 66 7 0 HIS[1]
26.5000 26.6250 63 4 1 YOUNGER[1]
26.7500 27.0000 59 0 0 YOUNGER[2]
27.0000 27.2500 63 4 1 DAYS[1]
27.7500 27.8750 59 0 0 AND[1]
27.8750 28.0000 63 4 0 I[1]
28.0000 28.2500 66 7 1 GUESS[1]
28.2500 28.5000 66 7 0 THE[1]
28.5000 28.7500 66 7 1 SOUND[1]
28.7500 28.8750 66 7 0 OF[1]
28.8750 29.0000 66 7 0 THE[1]
29.0000 29.2500 68 9 1 OUTWARD[1]
29.2500 29.5000 66 7 0 OUTWARD[2]
29.5000 29.7500 63 4 1 BOUND[1]
30.0000 30.2500 66 7 1 MADE[1]
30.2500 30.3750 68 9 0 HIM[1]
30.3750 30.5000 66 7 0 A[1]
30.5000 30.6250 68 9 1 SLAVE[1]
31.2500 31.3750 68 9 0 TO[1]
31.3750 31.5000 66 7 0 HIS[1]
31.5000 31.6250 64 5 1 WANDRIN'[1]
31.7500 32.0000 61 2 0 WANDRIN'[2]
32.0000 33.0000 59 0 1 WAYS[1]
33.2500 33.3750 59 0 0 AND[1]
33.3750 33.5000 59 0 0 THE[1]
33.5000 33.7500 59 0 1 WAYWARD[1]
33.7500 34.0000 59 0 0 WAYWARD[2]
34.0000 35.0000 63 4 1 WIND[1]
35.2500 35.3750 59 0 1 IS[1]
35.3750 35.5000 59 0 0 A[1]
35.5000 35.7500 59 0 1 RESTLESS[1]
35.7500 36.0000 59 0 0 RESTLESS[2]
36.0000 37.0000 56 9 1 WIND[1]
37.2500 37.5000 59 0 0 A[1]
37.5000 37.7500 59 0 1 RESTLESS[1]
37.7500 38.0000 59 0 0 RESTLESS[2]
38.0000 39.0000 63 4 1 WIND[1]
39.2500 39.5000 66 7 0 THAT[1]
39.5000 39.8750 68 9 1 YEARNS[1]
39.8750 40.1250 66 7 0 TO[1]
40.1250 40.5000 70 11 1 WANDER[1]
40.5000 41.0000 66 7 0 WANDER[2]
41.2500 41.5000 66 7 0 AND[1]
41.5000 41.8750 68 9 0 HE[1]
41.8750 42.2500 66 7 1 WAS[1]
42.2500 43.0000 71 0 1 BORN[1]
43.2500 43.5000 68 9 0 THE[1]
43.5000 43.7500 66 7 1 NEXT[1]
43.7500 44.0000 63 4 0 OF[1]
44.0000 44.1250 61 2 1 KIN[1]
45.2500 45.5000 59 0 0 THE[1]
45.5000 45.7500 59 0 1 NEXT[1]
45.7500 46.0000 59 0 0 OF[1]
46.0000 47.0000 63 4 1 KIN[1]
47.2500 47.3750 54 7 0 TO[1]
47.3750 47.5000 54 7 0 THE[1]
47.5000 47.6250 56 9 1 WAYWARD[1]
47.8750 48.0000 59 0 0 WAYWARD[2]
48.0000 49.0000 59 0 1 WIND[1]
53.7500 53.8750 59 0 1 OH[1]
53.8750 54.0000 63 4 0 I[1]
54.0000 54.2500 66 7 1 MET[1]
54.2500 54.5000 66 7 0 HIM[1]
54.5000 54.7500 66 7 1 THERE[1]
54.7500 54.8750 66 7 0 IN[1]
54.8750 55.0000 66 7 0 A[1]
55.0000 55.2500 68 9 1 BORDER[1]
55.2500 55.5000 66 7 0 BORDER[2]
55.5000 55.7500 63 4 1 TOWN[1]
56.0000 56.1250 66 7 0 HE[1]
56.1250 56.5000 68 9 1 VOWED[1]
56.5000 56.6250 66 7 1 WE'D[1]
56.6250 56.7500 63 4 1 NEVER[1]
56.7500 57.0000 59 0 0 NEVER[2]
57.0000 57.1250 63 4 0 PART[1]
57.7500 57.8750 59 0 0 THOUGH[1]
57.8750 58.0000 63 4 0 HE[1]
58.0000 58.2500 66 7 1 TRIED[1]
58.2500 58.5000 66 7 0 HIS[1]
58.5000 58.7500 66 7 1 BEST[1]
58.8750 59.0000 66 7 0 TO[1]
59.0000 59.1250 68 9 1 SETTLE[1]
59.1250 59.3750 66 7 0 SETTLE[2]
59.3750 59.7500 63 4 0 DOWN[1]
60.0000 60.2500 66 7 1 I'M[1]
60.2500 60.3750 68 9 1 NOW[1]
60.3750 60.5000 66 7 0 ALONE[1]
60.5000 60.6250 68 9 1 ALONE[2]
61.2500 61.3750 68 9 0 WITH[1]
61.3750 61.5000 66 7 0 A[1]
61.5000 61.6250 64 5 1 BROKEN[1]
61.7500 62.0000 61 2 0 BROKEN[2]
62.0000 63.0000 59 0 1 HEART[1]
63.2500 63.3750 59 0 0 AND[1]
63.3750 63.5000 59 0 0 THE[1]
63.5000 63.7500 59 0 1 WAYWARD[1]
63.7500 64.0000 59 0 0 WAYWARD[2]
64.0000 65.0000 63 4 1 WIND[1]
65.2500 65.3750 59 0 1 IS[1]
65.3750 65.5000 59 0 0 A[1]
65.5000 65.7500 61 2 1 RESTLESS[1]
65.7500 66.0000 59 0 0 RESTLESS[2]
66.0000 67.0000 56 9 1 WIND[1]
67.2500 67.5000 59 0 0 A[1]
67.5000 67.7500 61 2 1 RESTLESS[1]
67.7500 68.0000 59 0 0 RESTLESS[2]
68.0000 69.0000 63 4 1 WIND[1]
69.2500 69.5000 66 7 0 THAT[1]
69.5000 69.8750 68 9 1 YEARNS[1]
69.8750 70.1250 66 7 0 TO[1]
70.1250 70.5000 70 11 1 WANDER[1]
70.5000 71.0000 66 7 0 WANDER[2]
71.2500 71.5000 66 7 0 AND[1]
71.5000 71.8750 68 9 0 HE[1]
71.8750 72.0000 66 7 1 WAS[1]
72.0000 73.0000 71 0 1 BORN[1]
73.2500 73.5000 68 9 0 THE[1]
73.5000 73.7500 66 7 1 NEXT[1]
73.7500 74.0000 63 4 0 OF[1]
74.0000 74.1250 61 2 1 KIN[1]
75.2500 75.5000 59 0 0 THE[1]
75.5000 75.7500 59 0 1 NEXT[1]
75.7500 76.0000 59 0 0 OF[1]
76.0000 77.0000 63 4 1 KIN[1]
77.2500 77.3750 54 7 0 TO[1]
77.3750 77.5000 54 7 0 THE[1]
77.5000 77.6250 56 9 1 WAYWARD[1]
77.8750 78.0000 59 0 0 WAYWARD[2]
78.0000 79.0000 59 0 1 WIND[1]
79.2500 79.5000 59 0 0 THE[1]
79.5000 79.7500 59 0 1 NEXT[1]
79.7500 80.0000 59 0 0 OF[1]
80.0000 81.0000 63 4 1 KIN[1]
81.2500 81.3750 54 7 0 TO[1]
81.3750 81.5000 54 7 0 THE[1]
81.5000 81.6250 56 9 1 WAYWARD[1]
81.7500 82.0000 59 0 0 WAYWARD[2]
82.0000 92.0000 59 0 1 WIND[1]
