4.312 4.375 55 7 0 THE[1]
4.375 4.500 62 2 1 FIRST[1]
4.562 5.500 62 2 1 TIME[1]
5.750 5.812 62 2 1 EVER[1]
5.812 5.875 64 4 0 EVER[2]
5.875 6.000 65 5 0 I[1]
6.000 6.438 64 4 1 SAW[1]
6.438 6.625 60 0 0 YOUR[1]
6.625 7.250 55 7 1 FACE[1]
8.312 8.375 52 4 0 I[1]
8.375 8.500 64 4 1 THOUGHT[1]
8.562 8.625 64 4 0 THE[1]
8.625 8.688 64 4 1 SUN[1]
9.875 10.062 67 7 1 ROSE[1]
10.062 10.125 67 7 0 IN[1]
10.125 10.250 67 7 0 YOUR[1]
10.250 10.625 67 7 1 EYES[1]
12.542 12.583 55 7 0 AND[1]
12.583 12.625 55 7 0 THE[1]
12.625 13.312 67 7 1 MOON[1]
13.312 13.375 67 7 0 AND[1]
13.375 13.438 67 7 0 THE[1]
13.438 13.500 65 5 1 STARS[1]
14.875 15.000 64 4 1 WERE[1]
15.000 15.125 62 2 0 THE[1]
15.125 15.625 64 4 1 GIFTS[1]
15.625 15.812 60 0 0 YOU[1]
15.812 16.500 55 7 1 GAVE[1]
16.875 17.062 55 7 0 TO[1]
17.062 17.125 57 9 0 THE[1]
17.125 18.250 58 10 1 DARK[1]
18.562 18.625 55 7 0 AND[1]
18.625 18.812 55 7 0 THE[1]
18.812 18.938 57 9 1 ENDLESS[1]
18.938 19.062 55 7 0 ENDLESS[2]
19.062 20.000 55 7 1 SKIES[1]
21.292 21.333 53 5 0 AND[1]
21.333 21.375 53 5 0 THE[1]
21.375 21.500 62 2 1 FIRST[1]
21.542 22.500 62 2 1 TIME[1]
22.875 22.938 62 2 1 EVER[1]
22.938 23.000 64 4 0 EVER[2]
23.000 23.125 65 5 0 I[1]
23.125 23.875 64 4 1 KISSED[1]
23.875 24.125 60 0 0 YOUR[1]
24.125 24.750 55 7 1 MOUTH[1]
25.708 25.750 52 4 0 I[1]
25.750 25.833 64 4 1 FELT[1]
25.833 25.875 64 4 0 THE[1]
25.875 26.000 65 5 1 EARTH[1]
26.688 26.812 67 7 1 MOVE[1]
26.812 26.875 67 7 0 IN[1]
26.875 27.125 67 7 0 MY[1]
27.125 27.625 67 7 1 HAND[1]
29.625 29.750 67 7 0 LIKE[1]
29.750 29.812 69 9 0 THE[1]
29.812 30.125 67 7 1 TREMBLING(1)[1]
30.125 30.250 67 7 0 TREMBLING(1)[2]
30.250 30.375 65 5 1 HEART[1]
32.312 32.375 64 4 0 OF[1]
32.375 32.438 62 2 0 A[1]
32.438 32.625 64 4 1 CAPTIVE[1]
32.625 32.875 60 0 0 CAPTIVE[2]
32.875 33.500 55 7 1 BIRD[1]
33.625 33.750 55 7 0 THAT[1]
34.125 34.250 58 10 1 WAS[1]
34.250 35.000 58 10 1 THERE[1]
35.562 35.625 55 7 0 AT[1]
35.625 35.750 57 9 0 MY[1]
36.062 36.125 55 7 0 COMMAND[1]
36.125 36.750 55 7 1 COMMAND[2]
37.062 37.125 55 7 0 MY[1]
37.125 37.750 55 7 1 LOVE[1]
38.292 38.333 53 5 0 AND[1]
38.333 38.375 53 5 0 THE[1]
38.375 38.500 62 2 1 FIRST[1]
38.625 39.500 62 2 1 TIME[1]
39.750 39.812 62 2 1 EVER[1]
39.812 39.875 64 4 0 EVER[2]
39.875 40.000 65 5 0 I[1]
40.000 40.625 64 4 1 LAY[1]
40.875 41.125 60 0 0 WITH[1]
41.125 42.000 55 7 0 YOU[1]
42.333 42.375 52 4 0 I[1]
42.375 42.500 64 4 1 FELT[1]
42.542 42.625 64 4 0 YOUR[1]
42.625 42.750 65 5 1 HEART[1]
44.125 44.375 67 7 0 SO[1]
44.375 44.562 67 7 1 CLOSE[1]
44.562 44.625 67 7 0 TO[1]
44.625 45.125 67 7 0 MINE[1]
46.562 46.625 60 0 0 AND[1]
46.625 46.812 67 7 0 I[1]
46.812 47.375 67 7 1 KNEW[1]
47.375 47.562 67 7 1 OUR(1)[1]
47.562 47.625 65 5 1 JOY[1]
49.312 49.375 64 4 0 WOULD[1]
49.375 49.625 64 4 1 FILL[1]
49.625 49.750 60 0 0 THE[1]
49.750 50.500 55 7 1 EARTH[1]
51.312 51.375 55 7 0 AND[1]
51.375 51.625 58 10 1 LAST[1]
52.625 52.750 55 7 0 TILL[1]
52.750 52.875 55 7 0 THE[1]
52.875 53.062 57 9 1 END[1]
53.062 53.125 55 7 0 OF[1]
53.125 54.000 55 7 1 TIME[1]
54.125 54.188 55 7 0 MY[1]
54.188 54.500 55 7 1 LOVE[1]
55.292 55.333 53 5 0 THE[1]
55.333 55.417 62 2 1 FIRST[1]
55.417 56.500 62 2 1 TIME[1]
56.875 56.938 62 2 1 EVER[1]
56.938 57.000 64 4 0 EVER[2]
57.000 57.125 65 5 0 I[1]
57.125 57.500 64 4 1 SAW[1]
59.125 59.250 60 0 0 YOUR[1]
59.250 59.750 60 0 1 FACE[1]
60.312 60.375 63 3 0 YOUR[1]
60.375 61.000 62 2 1 FACE[1]
61.375 61.438 64 4 0 YOUR[1]
61.438 62.000 64 4 1 FACE[1]
62.875 63.000 67 7 0 YOUR[1]
63.000 64.000 67 7 1 FACE[1]
