63.625 63.875 58 7 1 I'M[1]
63.875 64.000 58 7 0 A[1]
64.000 64.125 58 7 1 HEADING[1]
64.125 64.250 58 7 0 HEADING[2]
64.250 64.375 58 7 0 FOR[1]
64.375 64.500 58 7 0 THE[1]
64.500 65.000 58 7 1 LAST[1]
65.000 65.250 55 4 1 ROUNDUP[1]
65.250 66.000 51 0 2 ROUNDUP[2]
67.625 67.750 51 0 1 I'M[1]
67.750 67.875 51 0 1 GONNA[1]
67.875 68.000 51 0 0 GONNA[2]
68.000 68.125 51 0 1 SADDLE[1]
68.125 68.250 51 0 0 SADDLE[2]
68.250 68.500 51 0 1 OLD[1]
68.500 68.750 55 4 1 PAINT[1]
68.750 68.875 58 7 0 FOR[1]
68.875 69.000 58 7 0 THE[1]
69.000 69.250 60 9 1 LAST[1]
69.250 69.500 58 7 1 TIME[1]
69.750 70.000 55 4 0 AND[1]
70.000 70.250 56 5 1 RIDE[1]
73.750 74.000 63 0 0 SO[1]
74.000 74.250 63 0 1 LONG[1]
74.250 74.500 63 0 1 OLD[1]
74.500 74.750 63 0 1 PAL[1]
74.750 75.000 63 0 1 IT'S[1]
75.000 75.250 63 0 1 TIME[1]
75.250 75.500 63 0 0 YOUR[1]
75.500 75.750 63 0 1 TEARS[1]
75.750 76.000 63 0 1 WERE[1]
76.000 76.125 62 11 1 DRIED[1]
79.625 79.875 58 7 1 I'M[1]
79.875 80.000 58 7 0 A[1]
80.000 80.125 58 7 1 HEADING[1]
80.125 80.250 58 7 0 HEADING[2]
80.250 80.375 58 7 0 FOR[1]
80.375 80.500 58 7 0 THE[1]
80.500 80.750 58 7 1 LAST[1]
82.000 82.250 55 4 1 ROUNDUP[1]
82.250 83.000 51 0 2 ROUNDUP[2]
83.750 83.875 63 0 1 GIT[1]
83.875 84.000 60 9 0 ALONG[1]
84.000 84.250 63 0 1 ALONG[2]
84.250 84.375 63 0 1 LITTLE[1]
84.375 84.500 60 9 0 LITTLE[2]
84.500 84.625 63 0 1 DOGGY[1]
84.625 84.750 65 2 0 DOGGY[2]
84.750 84.875 63 0 1 GIT[1]
84.875 85.000 60 9 0 ALONG[1]
85.000 85.250 63 0 1 ALONG[2]
85.250 85.375 63 0 1 GIT[1]
85.375 85.500 60 9 0 ALONG[1]
85.500 85.750 63 0 1 ALONG[2]
85.750 85.875 63 0 1 GIT[1]
85.875 86.000 60 9 0 ALONG[1]
86.000 86.250 58 7 1 ALONG[2]
86.250 86.375 58 7 1 LITTLE[1]
86.375 86.500 55 4 0 LITTLE[2]
86.500 86.625 58 7 1 DOGGY[1]
86.625 86.750 60 9 0 DOGGY[2]
86.750 86.875 58 7 1 GIT[1]
86.875 87.000 55 4 0 ALONG[1]
87.000 87.500 58 7 1 ALONG[2]
87.750 87.875 63 0 1 GIT[1]
87.875 88.000 60 9 0 ALONG[1]
88.000 88.250 63 0 1 ALONG[2]
88.250 88.375 63 0 1 LITTLE[1]
88.375 88.500 60 9 0 LITTLE[2]
88.500 88.625 63 0 1 DOGGY[1]
88.625 88.750 65 2 0 DOGGY[2]
88.750 88.875 63 0 1 GIT[1]
88.875 89.000 60 9 0 ALONG[1]
89.000 89.250 63 0 1 ALONG[2]
89.250 89.375 63 0 1 GIT[1]
89.375 89.500 60 9 0 ALONG[1]
89.500 89.750 63 0 1 ALONG[2]
89.750 89.875 63 0 1 GIT[1]
89.875 90.000 60 9 0 ALONG[1]
90.000 90.250 58 7 1 ALONG[2]
90.250 90.375 58 7 1 LITTLE[1]
90.375 90.500 55 4 0 LITTLE[2]
90.500 90.625 58 7 1 DOGGY[1]
90.625 90.750 63 0 0 DOGGY[2]
90.750 90.833 58 7 1 GIT[1]
90.833 90.917 55 4 0 ALONG[1]
90.917 91.500 53 2 1 ALONG[2]
91.750 91.875 58 7 1 I'M[1]
91.875 92.000 58 7 0 A[1]
92.000 92.125 58 7 1 HEADING[1]
92.125 92.250 58 7 0 HEADING[2]
92.250 92.375 58 7 0 FOR[1]
92.375 92.500 58 7 0 THE[1]
92.500 93.000 58 7 1 LAST[1]
93.000 93.250 55 4 1 ROUNDUP[1]
93.250 94.000 51 0 2 ROUNDUP[2]
95.750 95.875 51 0 0 TO[1]
95.875 96.000 51 0 0 THE[1]
96.000 96.125 51 0 1 FAR[1]
96.125 96.250 51 0 0 AWAY[1]
96.250 96.500 51 0 1 AWAY[2]
96.500 96.750 55 4 1 RANCH[1]
96.750 96.875 58 7 0 OF[1]
96.875 97.000 58 7 0 THE[1]
97.000 97.250 60 9 1 BOSS[1]
97.500 97.750 58 7 0 IN[1]
97.750 98.000 55 4 0 THE[1]
98.000 98.250 56 5 1 SKY[1]
101.750 101.875 63 0 0 WHERE[1]
101.875 102.000 63 0 0 THE[1]
102.000 102.250 63 0 1 STRAYS[1]
102.250 102.500 63 0 1 ARE[1]
102.500 102.750 63 0 1 COUNTED[1]
102.750 102.875 63 0 0 COUNTED[2]
102.875 103.000 63 0 0 AND[1]
103.000 103.250 63 0 1 BRANDED[1]
103.250 103.500 63 0 0 BRANDED[2]
103.500 103.750 63 0 1 THERE[1]
103.750 104.000 63 0 1 GO[1]
104.000 105.000 63 0 0 I[1]
107.625 107.875 58 7 1 I'M[1]
107.875 108.000 58 7 0 A[1]
108.000 108.125 58 7 1 HEADING[1]
108.125 108.250 58 7 0 HEADING[2]
108.250 108.375 58 7 0 FOR[1]
108.375 108.500 58 7 0 THE[1]
108.500 108.750 58 7 1 LAST[1]
110.000 110.250 55 4 1 ROUNDUP[1]
110.250 111.500 51 0 2 ROUNDUP[2]
111.750 111.875 63 0 1 GIT[1]
111.875 112.000 60 9 0 ALONG[1]
112.000 112.250 63 0 1 ALONG[2]
112.250 112.375 63 0 1 LITTLE[1]
112.375 112.500 60 9 0 LITTLE[2]
112.500 112.625 63 0 1 DOGGY[1]
112.625 112.750 63 0 0 DOGGY[2]
112.750 112.875 65 2 1 GIT[1]
112.875 113.000 63 0 0 ALONG[1]
113.000 114.000 70 7 1 ALONG[2]
