3.750 3.812 55 7 0 IN[1]
3.812 4.000 57 9 0 A[1]
4.000 4.167 59 11 1 QUAINT[1]
4.167 4.250 60 0 1 CARAVAN[1]
4.250 4.333 57 9 0 CARAVAN[2]
4.333 4.750 59 11 2 CARAVAN[3]
4.917 5.000 57 9 1 THERE'S[1]
5.000 5.083 55 7 0 A[1]
5.083 5.167 57 9 1 LADY[1]
5.167 5.250 57 9 0 LADY[2]
5.250 5.417 55 7 0 THEY[1]
5.417 5.917 53 5 1 CALL[1]
5.917 6.000 52 4 0 THE[1]
6.000 6.125 45 9 1 GYPSY[1]
6.125 7.000 50 2 0 GYPSY[2]
7.750 7.812 50 2 0 SHE[1]
7.812 8.000 52 4 0 CAN[1]
8.000 8.062 53 5 1 LOOK[1]
8.062 8.250 55 7 0 IN[1]
8.250 8.312 53 5 0 THE[1]
8.312 8.438 52 4 1 FUTURE[1]
8.438 8.750 50 2 0 FUTURE[2]
8.875 9.000 52 4 0 AND[1]
9.000 9.188 53 5 1 DRIVE[1]
9.188 9.250 55 7 0 AWAY[1]
9.250 9.312 53 5 1 AWAY[2]
9.312 9.750 52 4 0 ALL[1]
9.750 9.875 50 2 0 YOUR[1]
9.875 11.000 55 7 1 FEARS[1]
11.750 11.875 55 7 1 EVERYTHING[1]
11.875 12.000 57 9 0 EVERYTHING[2]
12.000 12.125 59 11 2 EVERYTHING[3]
12.125 12.250 60 0 0 WILL[1]
12.250 12.375 57 9 1 COME[1]
12.375 12.875 59 11 1 RIGHT[1]
12.875 12.938 57 9 0 IF[1]
12.938 13.000 57 9 0 YOU[1]
13.000 13.188 55 7 1 ONLY[1]
13.188 13.250 57 9 0 ONLY[2]
13.250 13.375 55 7 0 BELIEVE[1]
13.375 13.938 53 5 1 BELIEVE[2]
13.938 14.000 52 4 0 THE[1]
14.000 14.125 45 9 1 GYPSY[1]
14.125 15.000 50 2 0 GYPSY[2]
15.750 15.833 50 2 0 SHE[1]
15.833 15.917 52 4 0 COULD[1]
15.917 16.167 53 5 1 TELL[1]
16.167 16.250 55 7 0 AT[1]
16.250 16.333 53 5 0 A[1]
16.333 16.750 52 4 1 GLANCE[1]
16.833 16.917 50 2 0 THAT[1]
16.917 17.125 52 4 0 MY[1]
17.125 17.250 53 5 1 HEART[1]
17.250 17.375 52 4 1 WAS[1]
17.375 17.500 53 5 0 SO[1]
17.500 17.875 57 9 1 FULL[1]
17.875 18.000 47 11 0 OF[1]
18.000 19.000 48 0 1 TEARS[1]
19.750 20.000 52 4 0 SHE[1]
20.000 20.125 52 4 1 LOOKED[1]
20.125 20.250 53 5 0 AT[1]
20.250 20.375 49 1 0 MY[1]
20.375 20.625 50 2 1 HAND[1]
20.625 20.875 57 9 0 AND[1]
20.875 21.125 57 9 1 TOLD[1]
21.125 21.875 55 7 0 ME[1]
21.875 22.062 52 4 0 MY[1]
22.062 22.125 52 4 1 LOVER[1]
22.125 22.312 53 5 0 LOVER[2]
22.312 22.375 49 1 1 WAS[1]
22.375 22.625 50 2 1 ALWAYS[1]
22.625 23.125 57 9 2 ALWAYS[2]
23.125 23.875 55 7 1 TRUE[1]
23.875 24.000 55 7 0 AND[1]
24.000 24.062 55 7 0 YET[1]
24.062 24.250 57 9 0 IN[1]
24.250 24.375 54 6 0 MY[1]
24.375 24.812 55 7 1 HEART[1]
24.812 25.000 60 0 0 I[1]
25.000 25.062 60 0 1 KNEW[1]
25.062 25.500 59 11 1 DEAR[1]
25.625 25.875 59 11 1 SOMEBODY[1]
25.875 25.938 59 11 2 SOMEBODY[2]
25.938 26.000 60 0 0 SOMEBODY[3]
26.000 26.625 62 2 1 ELSE[1]
26.625 26.875 60 0 1 WAS[1]
26.875 26.938 57 9 1 KISSING[1]
26.938 27.000 53 5 0 KISSING[2]
27.000 27.500 50 2 0 YOU[1]
27.750 27.812 55 7 0 BUT[1]
27.812 28.000 57 9 1 I'LL[1]
28.000 28.062 59 11 1 GO[1]
28.062 28.375 60 0 1 THERE[1]
28.375 28.438 57 9 0 AGAIN[1]
28.438 28.938 59 11 1 AGAIN[2]
28.938 29.000 57 9 0 'CAUSE[1]
29.000 29.125 55 7 0 I[1]
29.125 29.250 55 7 1 WANT[1]
29.250 29.312 57 9 0 TO[1]
29.312 29.375 55 7 0 BELIEVE[1]
29.375 29.938 53 5 1 BELIEVE[2]
29.938 30.000 52 4 0 THE[1]
30.000 30.125 45 9 1 GYPSY[1]
30.125 31.000 50 2 0 GYPSY[2]
31.750 31.812 50 2 0 THAT[1]
31.812 32.000 52 4 0 MY[1]
32.000 32.062 53 5 1 LOVER[1]
32.062 32.250 55 7 0 LOVER[2]
32.250 32.375 53 5 1 IS[1]
32.375 32.750 52 4 1 TRUE[1]
32.875 33.000 50 2 0 AND[1]
33.000 33.125 52 4 0 WILL[1]
33.125 33.250 53 5 1 COME[1]
33.250 33.333 52 4 1 BACK[1]
33.333 33.417 53 5 0 TO[1]
33.417 33.875 57 9 0 ME[1]
33.875 34.125 47 11 0 SOME[1]
34.125 35.500 48 0 1 DAY[1]
