9.125 9.625 66 9 1 MEMORIES(1)[1]
9.625 10.375 64 7 0 MEMORIES(1)[2]
10.375 10.438 64 7 1 LIGHT[1]
10.562 10.625 66 9 0 THE[1]
10.625 11.000 69 0 1 CORNERS[1]
11.000 11.125 68 11 0 CORNERS[2]
11.125 11.250 66 9 0 OF[1]
11.250 11.375 64 7 0 MY[1]
11.375 12.250 61 4 1 MIND[1]
12.500 12.625 59 2 1 MISTY[1]
12.625 12.750 61 4 0 MISTY[2]
12.750 12.875 64 7 1 WATER[1]
12.875 13.000 61 4 0 WATER[2]
13.000 13.062 65 8 1 COLORED[1]
13.062 13.250 61 4 0 COLORED[2]
13.250 13.500 56 11 1 MEMORIES(1)[1]
13.500 14.500 54 9 0 MEMORIES(1)[2]
14.500 14.562 47 2 0 OF[1]
14.562 14.625 49 4 0 THE[1]
14.625 15.000 47 2 1 WAY[1]
15.000 15.125 45 0 0 WE[1]
15.125 16.500 49 4 1 WERE[1]
17.125 17.188 45 0 1 SCATTERED[1]
17.188 17.250 49 4 0 SCATTERED[2]
17.312 17.500 66 9 1 PICTURES[1]
17.500 18.375 64 7 0 PICTURES[2]
18.375 18.438 64 7 0 OF[1]
18.438 18.500 66 9 0 THE[1]
18.562 18.938 69 0 1 SMILES[1]
18.938 19.000 68 11 0 WE[1]
19.000 19.188 66 9 1 LEFT[1]
19.188 19.250 64 7 0 BEHIND[1]
19.250 19.312 59 2 1 BEHIND[2]
20.500 20.625 59 2 1 SMILES[1]
20.625 20.688 61 4 0 WE[1]
20.688 20.812 64 7 1 GAVE[1]
20.812 20.875 61 4 0 TO[1]
20.875 20.938 64 7 0 ONE[1]
20.938 21.000 61 4 0 ANOTHER[1]
21.000 21.375 68 11 1 ANOTHER[2]
21.500 22.500 69 0 0 ANOTHER[3]
22.667 22.750 59 2 0 FOR[1]
22.750 22.833 61 4 0 THE[1]
22.833 22.917 59 2 1 WAY[1]
22.917 23.000 57 0 0 WE[1]
23.000 24.500 61 4 1 WERE[1]
25.125 25.188 57 0 0 CAN[1]
25.188 25.312 69 0 0 IT[1]
25.312 25.562 69 0 1 BE[1]
25.562 25.625 69 0 0 THAT[1]
25.625 25.688 69 0 0 IT[1]
25.688 25.750 69 0 1 WAS[1]
25.750 25.875 69 0 0 ALL[1]
26.125 26.250 68 11 0 SO[1]
26.250 26.312 68 11 1 SIMPLE[1]
26.312 26.438 66 9 0 SIMPLE[2]
26.438 26.875 66 9 0 THEN[1]
27.062 27.188 68 11 0 OR[1]
27.188 27.375 68 11 1 HAS[1]
27.375 27.688 68 11 1 TIME[1]
27.688 27.750 64 7 0 REWRITTEN[1]
27.750 27.812 61 4 1 REWRITTEN[2]
27.812 27.875 64 7 0 REWRITTEN[3]
27.875 27.938 61 4 1 EVERY(1)[1]
27.938 28.000 64 7 0 EVERY(1)[2]
28.000 29.000 68 11 1 LINE[1]
29.125 29.312 65 8 0 IF[1]
29.312 29.438 65 8 0 WE[1]
29.438 29.562 66 9 1 HAD[1]
29.562 29.625 66 9 0 THE[1]
29.625 29.812 66 9 1 CHANCE[1]
29.812 29.875 66 9 0 TO[1]
29.875 29.938 64 7 1 DO[1]
29.938 30.000 66 9 0 IT[1]
30.000 30.062 64 7 0 ALL[1]
30.062 30.125 62 5 0 AGAIN[1]
30.125 30.750 62 5 1 AGAIN[2]
30.875 31.000 66 9 1 TELL[1]
31.000 31.125 64 7 0 ME[1]
31.125 31.250 61 4 0 WOULD[1]
31.250 32.000 64 7 0 WE[1]
32.375 32.500 61 4 0 COULD[1]
32.500 33.000 64 7 0 WE[1]
33.000 33.625 66 9 1 MEMORIES(1)[1]
33.625 34.375 64 7 0 MEMORIES(1)[2]
34.375 34.500 64 7 0 MAY[1]
34.500 34.625 66 9 1 BE[1]
34.625 34.688 69 0 1 BEAUTIFUL[1]
34.688 34.750 68 11 0 BEAUTIFUL[2]
34.750 35.000 66 9 0 BEAUTIFUL[3]
35.000 35.125 64 7 0 AND[1]
35.125 36.000 61 4 0 YET[1]
36.375 36.562 59 2 1 WHAT'S[1]
36.562 36.750 61 4 1 TOO[1]
36.750 36.875 64 7 1 PAINFUL[1]
36.875 36.938 61 4 0 PAINFUL[2]
36.938 37.000 65 8 0 TO[1]
37.000 37.125 61 4 0 REMEMBER[1]
37.125 37.375 56 11 1 REMEMBER[2]
37.500 38.250 54 9 0 REMEMBER[3]
38.375 38.500 54 9 0 WE[1]
38.500 38.562 56 11 1 SIMPLY[1]
38.562 38.625 57 0 0 SIMPLY[2]
38.750 38.875 54 9 1 CHOOSE[1]
38.875 39.000 61 4 0 TO[1]
39.125 39.250 59 2 0 FORGET[1]
39.375 40.500 57 0 1 FORGET[2]
40.625 40.750 57 0 0 SO[1]
40.750 40.875 56 11 1 IT'S[1]
40.875 41.000 54 9 0 THE[1]
41.000 41.500 54 9 1 LAUGHTER[1]
41.500 42.250 52 7 0 LAUGHTER[2]
42.375 42.625 61 4 0 WE[1]
42.625 43.000 59 2 0 WILL[1]
43.000 43.125 57 0 0 REMEMBER[1]
43.125 43.625 54 9 1 REMEMBER[2]
43.625 44.250 52 7 0 REMEMBER[3]
44.375 44.500 61 4 0 WHENEVER[1]
44.500 44.625 62 5 1 WHENEVER[2]
44.625 44.750 64 7 0 WHENEVER[3]
44.750 44.833 61 4 0 WE[1]
44.917 45.000 57 0 0 REMEMBER[1]
45.000 45.625 54 9 1 REMEMBER[2]
45.625 46.500 52 7 0 REMEMBER[3]
46.500 46.625 49 4 0 THE[1]
46.625 47.000 47 2 1 WAY[1]
47.000 47.125 45 0 0 WE[1]
47.125 48.000 49 4 1 WERE[1]
48.375 48.500 49 4 0 THE[1]
48.500 48.750 47 2 1 WAY[1]
48.750 49.000 45 0 0 WE[1]
49.000 55.000 49 4 1 WERE[1]
