17.750 17.875 51 7 1 THERE'S[1]
17.875 18.000 49 5 0 A[1]
18.000 18.250 48 4 1 YELLOW[1]
18.250 18.500 51 7 0 YELLOW[2]
18.500 18.750 51 7 1 ROSE[1]
18.750 19.000 51 7 0 IN[1]
19.000 19.250 53 9 1 TEXAS[1]
19.250 19.500 51 7 0 TEXAS[2]
19.750 20.000 49 5 0 THAT[1]
20.000 20.250 48 4 0 I[1]
20.250 20.500 51 7 1 AM[1]
20.500 20.875 56 0 1 GONNA[1]
20.875 21.000 58 2 0 GONNA[2]
21.000 21.500 60 4 1 SEE[1]
21.750 22.000 60 4 1 NOBODY[1]
22.000 22.250 60 4 2 NOBODY[2]
22.250 22.500 51 7 2 NOBODY[3]
22.500 22.750 51 7 1 ELSE[1]
22.750 23.000 60 4 0 COULD[1]
23.000 23.250 60 4 1 MISS[1]
23.250 23.500 58 2 0 HER[1]
23.750 24.000 56 0 1 NOT[1]
24.000 24.250 55 11 1 HALF[1]
24.250 24.500 56 0 0 AS[1]
24.500 24.875 58 2 0 MUCH[1]
24.875 25.000 60 4 0 AS[1]
25.000 25.250 58 2 0 ME[1]
25.750 26.000 51 7 0 SHE[1]
26.000 26.250 48 4 1 CRIED[1]
26.250 26.500 51 7 0 SO[1]
26.500 26.750 51 7 0 WHEN[1]
26.750 27.000 51 7 0 I[1]
27.000 27.250 53 9 1 LEFT[1]
27.250 27.500 51 7 0 HER[1]
27.750 28.000 49 5 0 IT[1]
28.000 28.250 48 4 0 LIKE[1]
28.250 28.500 51 7 0 TO[1]
28.500 28.875 56 0 1 BROKE[1]
28.875 29.000 58 2 0 MY[1]
29.000 29.500 60 4 1 HEART[1]
29.750 30.000 51 7 0 AND[1]
30.000 30.250 48 4 0 IF[1]
30.250 30.500 61 5 0 I[1]
30.500 30.750 61 5 1 EVER[1]
30.750 31.000 61 5 0 EVER[2]
31.000 31.250 61 5 1 FIND[1]
31.250 31.500 60 4 0 HER[1]
31.750 32.000 58 2 0 WE[1]
32.000 32.250 56 0 1 NEVER[1]
32.250 32.500 51 7 0 NEVER[2]
32.500 32.875 60 4 0 MORE[1]
32.875 33.000 58 2 0 WILL[1]
33.000 33.250 56 0 0 PART[1]
33.750 33.875 51 7 1 SHE'S[1]
33.875 34.000 49 5 0 THE[1]
34.000 34.250 48 4 1 SWEETEST[1]
34.250 34.500 51 7 0 SWEETEST[2]
34.500 34.750 51 7 1 LITTLE[1]
34.750 35.000 51 7 0 LITTLE[2]
35.000 35.250 53 9 1 ROSEBUD[1]
35.250 35.500 51 7 0 ROSEBUD[2]
35.750 36.000 49 5 0 THAT[1]
36.000 36.250 48 4 1 TEXAS[1]
36.250 36.500 51 7 0 TEXAS[2]
36.500 36.875 56 0 1 EVER[1]
36.875 37.000 58 2 0 EVER[2]
37.000 37.500 60 4 1 KNEW[1]
37.750 38.000 51 7 0 HER[1]
38.000 38.250 51 7 1 EYES[1]
38.250 38.500 60 4 1 ARE[1]
38.500 38.750 60 4 1 BRIGHT[1]
38.750 39.000 60 4 0 AS[1]
39.000 39.250 60 4 1 DIAMONDS[1]
39.250 39.500 58 2 0 DIAMONDS[2]
39.750 40.000 56 0 0 THEY[1]
40.000 40.250 55 11 1 SPARKLE[1]
40.250 40.500 56 0 0 SPARKLE[2]
40.500 40.875 58 2 0 LIKE[1]
40.875 41.000 60 4 0 THE[1]
41.000 41.250 58 2 1 DEW[1]
41.750 41.875 51 7 0 YOU[1]
41.875 42.000 49 5 0 MAY[1]
42.000 42.250 48 4 1 TALK[1]
42.250 42.500 51 7 0 ABOUT[1]
42.500 42.750 51 7 1 ABOUT[2]
42.750 43.000 51 7 0 YOUR[1]
43.000 43.250 53 9 1 CLEMENTINE[1]
43.250 43.500 51 7 0 CLEMENTINE[2]
43.500 43.750 51 7 2 CLEMENTINE[3]
43.750 44.000 49 5 0 AND[1]
44.000 44.250 48 4 1 SING[1]
44.250 44.500 51 7 0 OF[1]
44.500 44.875 56 0 1 ROSA[1]
44.875 45.000 58 2 0 ROSA[2]
45.000 45.500 60 4 1 LEE[1]
45.750 45.875 51 7 0 BUT[1]
45.875 46.000 51 7 0 THE[1]
46.000 46.250 51 7 1 YELLOW[1]
46.250 46.500 61 5 0 YELLOW[2]
46.500 46.750 61 5 1 ROSE[1]
46.750 47.000 61 5 0 OF[1]
47.000 47.250 61 5 1 TEXAS[1]
47.250 47.500 60 4 0 TEXAS[2]
47.500 47.875 58 2 1 IS[1]
47.875 48.000 56 0 0 THE[1]
48.000 48.250 56 0 1 ONLY[1]
48.250 48.500 51 7 0 ONLY[2]
48.500 48.875 60 4 1 GIRL[1]
48.875 49.000 58 2 0 FOR[1]
49.000 49.250 56 0 0 ME[1]
59.750 59.875 53 7 0 WHERE[1]
59.875 60.000 51 5 0 THE[1]
60.000 60.250 50 4 1 RIO[1]
60.250 60.500 53 7 0 RIO[2]
60.500 60.750 53 7 1 GRANDE[1]
60.750 61.000 53 7 1 IS[1]
61.000 61.250 55 9 0 AND[1]
61.250 61.500 53 7 1 STARRY[1]
61.750 62.000 51 5 2 STARRY[2]
62.000 62.250 50 4 1 SKIES[1]
62.250 62.500 53 7 1 ARE[1]
62.500 62.875 58 0 1 BRIGHT[1]
62.875 63.000 60 2 0 SHE[1]
63.000 63.250 62 4 1 WALKS[1]
63.750 64.000 62 4 0 ALONG[1]
64.000 64.250 62 4 1 ALONG[2]
64.250 64.500 53 7 0 THE[1]
64.500 64.750 53 7 1 RIVER[1]
64.750 65.000 62 4 0 RIVER[2]
65.000 65.250 62 4 0 IN[1]
65.250 65.500 60 2 0 THE[1]
65.750 65.875 60 2 1 QUIET[1]
65.875 66.000 58 0 0 QUIET[2]
66.000 66.250 57 11 1 SUMMER[1]
66.250 66.500 58 0 0 SUMMER[2]
66.500 66.875 60 2 1 NIGHT[1]
66.875 67.000 62 4 0 I[1]
67.000 67.250 60 2 1 KNOW[1]
67.750 68.000 53 7 0 THAT[1]
68.000 68.250 50 4 0 SHE[1]
68.250 68.500 53 7 0 REMEMBERS[1]
68.500 68.750 53 7 1 REMEMBERS[2]
68.750 69.000 53 7 0 REMEMBERS[3]
69.000 69.250 55 9 0 WHEN[1]
69.250 69.500 53 7 0 WE[1]
69.750 69.875 53 7 1 PARTED[1]
69.875 70.000 51 5 0 PARTED[2]
70.000 70.250 50 4 1 LONG[1]
70.250 70.500 53 7 0 AGO[1]
70.500 70.875 58 0 1 AGO[2]
70.875 71.000 60 2 0 I[1]
71.000 71.500 62 4 1 PROMISED[1]
71.750 72.000 53 7 0 PROMISED[2]
72.000 72.250 50 4 0 TO[1]
72.250 72.500 63 5 0 RETURN[1]
72.500 72.750 63 5 1 RETURN[2]
72.750 73.000 63 5 0 AND[1]
73.000 73.250 63 5 1 NOT[1]
73.750 74.000 60 2 0 TO[1]
74.000 74.250 58 0 1 LEAVE[1]
74.250 74.500 53 7 0 HER[1]
74.500 74.875 62 4 0 SO[1]
74.875 75.000 60 2 1 OH[1]
75.000 75.250 58 0 1 NOW[1]
75.750 75.875 53 7 1 I'M[1]
75.875 76.000 51 5 1 GONNA[1]
76.000 76.250 50 4 0 GONNA[2]
76.250 76.500 53 7 1 FIND[1]
76.500 76.750 53 7 0 HER[1]
76.750 77.000 53 7 0 FOR[1]
77.000 77.250 55 9 0 MY[1]
77.250 77.500 53 7 1 HEART[1]
77.750 78.000 51 5 1 IS[1]
78.000 78.250 50 4 1 FULL[1]
78.250 78.500 53 7 0 OF[1]
78.500 78.875 58 0 1 WOE[1]
78.875 79.000 60 2 1 WE'LL[1]
79.000 79.250 62 4 1 DO[1]
79.750 80.000 53 7 0 THE[1]
80.000 80.250 53 7 1 THINGS[1]
80.250 80.500 62 4 0 TOGETHER[1]
80.500 80.750 62 4 1 TOGETHER[2]
80.750 81.000 62 4 0 TOGETHER[3]
81.000 81.250 62 4 0 WE[1]
81.250 81.500 60 2 1 DID[1]
81.750 82.000 58 0 0 SO[1]
82.000 82.250 57 11 1 LONG[1]
82.250 82.500 58 0 0 AGO[1]
82.500 82.875 60 2 1 AGO[2]
82.875 83.000 62 4 1 WE'LL[1]
83.000 83.250 60 2 1 PLAY[1]
83.750 83.875 53 7 0 THE[1]
83.875 84.000 51 5 1 BANJO[1]
84.000 84.250 50 4 2 BANJO[2]
84.250 84.500 53 7 1 GAILY[1]
84.500 84.750 53 7 0 GAILY[2]
84.750 85.000 53 7 1 SHE'LL[1]
85.000 85.250 55 9 1 LOVE[1]
85.250 85.500 53 7 0 ME[1]
85.500 85.750 53 7 0 LIKE[1]
85.750 86.000 51 5 0 BEFORE[1]
86.000 86.250 50 4 1 BEFORE[2]
86.250 86.500 53 7 0 AND[1]
86.500 86.875 58 0 0 THE[1]
86.875 87.000 60 2 1 YELLOW[1]
87.000 87.500 62 4 0 YELLOW[2]
87.750 87.875 53 7 1 ROSE[1]
87.875 88.000 53 7 0 OF[1]
88.000 88.250 53 7 1 TEXAS[1]
88.250 88.500 63 5 0 TEXAS[2]
88.500 88.750 63 5 0 SHALL[1]
88.750 89.000 63 5 1 BE[1]
89.000 89.250 63 5 0 MINE[1]
