8.125 8.500 53 0 1 I'M[1]
8.500 8.625 53 0 1 COMIN'[1]
8.625 8.875 57 4 0 COMIN'[2]
8.875 9.250 60 7 1 HOME[1]
9.250 9.500 60 7 1 I'VE[1]
9.500 9.750 60 7 1 DONE[1]
9.750 9.875 53 0 0 MY[1]
9.875 10.250 52 11 1 TIME[1]
11.625 11.750 60 7 1 NOW[1]
11.750 12.000 60 7 1 I'VE[1]
12.000 12.250 62 9 1 GOT[1]
12.250 12.375 60 7 0 TO[1]
12.375 12.750 60 7 1 KNOW[1]
12.750 12.875 58 5 0 WHAT[1]
12.875 13.250 58 5 1 IS[1]
13.250 13.500 57 4 0 AND[1]
13.500 13.625 58 5 1 ISN'T[1]
13.625 14.000 60 7 0 ISN'T[2]
14.000 14.062 60 7 0 MINE[1]
15.625 15.750 60 7 0 IF[1]
16.000 16.250 60 7 0 YOU[1]
16.250 16.500 58 5 0 RECEIVED[1]
16.500 16.750 60 7 1 RECEIVED[2]
16.750 17.000 58 5 0 MY[1]
17.000 17.125 60 7 1 LETTER[1]
17.125 17.500 58 5 0 LETTER[2]
17.500 17.625 53 0 1 TELLING[1]
17.625 17.875 55 2 0 TELLING[2]
17.875 18.125 57 4 0 YOU[1]
18.125 18.500 57 4 1 I'D[1]
18.500 18.750 62 9 1 SOON[1]
18.750 18.875 62 9 1 BE[1]
18.875 19.250 65 0 1 FREE[1]
20.000 20.250 65 0 0 THEN[1]
20.250 20.375 65 0 1 YOU'LL[1]
20.500 20.750 62 9 1 KNOW[1]
20.750 21.000 62 9 1 JUST[1]
21.000 21.125 57 4 0 WHAT[1]
21.125 21.375 57 4 0 TO[1]
21.375 21.750 62 9 1 DO[1]
22.000 22.250 61 8 0 IF[1]
22.250 22.500 61 8 0 YOU[1]
22.500 22.750 63 10 1 STILL[1]
22.750 23.000 61 8 1 WANT[1]
23.000 23.062 61 8 0 ME[1]
24.000 24.500 61 8 0 IF[1]
24.750 25.000 61 8 0 YOU[1]
25.000 25.125 61 8 1 STILL[1]
25.500 26.000 61 8 1 WANT[1]
26.000 26.062 61 8 0 ME[1]
27.625 27.750 65 0 1 WHOA[1]
28.000 28.375 65 0 1 TIE[1]
28.375 28.500 60 7 0 A[1]
28.500 28.625 62 9 1 YELLOW[1]
28.625 29.000 57 4 0 YELLOW[2]
29.000 29.125 60 7 1 RIBBON[1]
29.125 29.500 53 0 0 RIBBON[2]
29.500 29.750 55 2 1 'ROUND[1]
29.750 29.875 53 0 0 THE[1]
29.875 30.500 52 11 1 OLE[1]
30.500 30.875 62 9 1 OAK[1]
30.875 31.000 62 9 1 TREE[1]
31.500 31.625 60 7 1 IT'S[1]
31.750 31.875 60 7 1 BEEN[1]
32.000 32.500 51 10 1 THREE[1]
32.500 32.875 62 9 1 LONG[1]
32.875 33.000 62 9 1 YEARS[1]
33.500 33.750 62 9 1 DO[1]
33.750 34.000 60 7 0 YOU[1]
34.000 34.500 50 9 1 STILL[1]
34.500 34.875 60 7 1 WANT[1]
34.875 35.000 60 7 0 ME[1]
35.875 36.000 50 9 0 IF[1]
36.000 36.125 60 7 0 I[1]
36.125 36.500 58 5 1 DON'T[1]
36.500 36.750 60 7 1 SEE[1]
36.750 37.000 58 5 0 A[1]
37.000 37.125 60 7 1 RIBBON[1]
37.125 37.500 58 5 0 RIBBON[2]
37.500 37.750 53 0 0 ROUND[1]
37.750 38.000 55 2 0 THE[1]
38.000 38.500 57 4 1 OLE[1]
38.500 39.000 57 4 1 OAK[1]
39.000 39.062 55 2 1 TREE[1]
39.625 40.000 55 2 1 I'LL[1]
40.000 40.125 57 4 1 STAY[1]
40.125 40.375 57 4 0 ON[1]
40.375 40.500 57 4 0 THE[1]
40.500 40.625 57 4 1 BUS[1]
40.875 41.000 53 0 0 FORGET[1]
41.000 41.125 57 4 1 FORGET[2]
41.125 41.250 57 4 0 ABOUT[1]
41.250 41.500 57 4 1 ABOUT[2]
41.500 41.625 55 2 0 US[1]
42.000 42.125 57 4 1 PUT[1]
42.375 42.500 57 4 0 THE[1]
42.500 42.625 60 7 1 BLAME[1]
42.625 43.000 62 9 0 ON[1]
43.000 43.750 64 11 0 ME[1]
43.750 44.000 62 9 0 IF[1]
44.000 44.125 60 7 0 I[1]
44.125 44.500 58 5 1 DON'T[1]
44.500 44.750 60 7 1 SEE[1]
44.750 45.000 58 5 0 A[1]
45.000 45.125 60 7 1 YELLOW[1]
45.125 45.500 58 5 0 YELLOW[2]
45.500 45.625 53 0 1 RIBBON[1]
45.625 46.000 55 2 0 RIBBON[2]
46.000 46.750 57 4 1 'ROUND[1]
46.750 47.000 57 4 0 THE[1]
47.000 47.125 57 4 1 OLE[1]
47.625 47.750 62 9 1 OAK[1]
48.000 48.125 55 2 1 TREE[1]
52.250 52.500 53 0 1 BUS[1]
52.500 52.750 53 0 1 DRIVER[1]
52.750 52.875 57 4 0 DRIVER[2]
52.875 53.500 60 7 1 PLEASE[1]
53.500 53.750 60 7 1 LOOK[1]
53.750 53.875 53 0 0 FOR[1]
53.875 54.000 53 0 0 ME[1]
55.625 55.750 57 4 0 'CAUSE[1]
55.750 56.000 60 7 0 I[1]
56.000 56.125 62 9 1 COULDN'T[1]
56.125 56.375 60 7 0 COULDN'T[2]
56.375 56.500 60 7 1 BEAR[1]
56.750 56.875 58 5 0 TO[1]
56.875 57.250 57 4 1 SEE[1]
57.250 57.375 57 4 0 WHAT[1]
57.375 57.625 58 5 0 I[1]
57.625 58.000 60 7 0 MIGHT[1]
58.000 58.125 62 9 1 SEE[1]
59.625 60.000 60 7 1 I'M[1]
60.000 60.125 60 7 1 REALLY[1]
60.125 60.500 58 5 0 REALLY[2]
60.500 60.625 60 7 1 STILL[1]
60.625 61.000 58 5 0 IN[1]
61.000 61.125 60 7 1 PRISON[1]
61.125 61.500 58 5 0 PRISON[2]
61.500 61.750 53 0 0 AND[1]
61.750 62.000 55 2 0 MY[1]
62.000 62.250 57 4 1 LOVE[1]
62.250 62.500 57 4 0 SHE[1]
62.500 62.750 62 9 1 HOLDS[1]
62.750 62.875 62 9 0 THE[1]
62.875 63.250 65 0 1 KEY[1]
63.875 64.000 57 4 0 A[1]
64.000 64.250 65 0 1 SIMPLE[1]
64.250 64.500 65 0 0 SIMPLE[2]
64.500 64.625 62 9 1 YELLOW[1]
64.625 65.000 62 9 0 YELLOW[2]
65.000 65.125 57 4 1 RIBBON'S[1]
65.125 65.500 57 4 0 RIBBON'S[2]
65.500 65.625 62 9 0 WHAT[1]
65.625 65.750 62 9 0 I[1]
66.000 66.375 61 8 1 NEED[1]
66.375 66.500 61 8 0 TO[1]
66.500 66.750 63 10 1 SET[1]
66.750 66.875 61 8 0 ME[1]
66.875 67.000 61 8 1 FREE[1]
67.625 67.750 60 7 0 AND[1]
67.750 68.000 60 7 0 I[1]
68.000 68.750 61 8 1 WROTE[1]
68.750 69.000 61 8 0 AND[1]
69.000 69.125 61 8 1 TOLD[1]
69.500 69.875 61 8 0 HER[1]
70.000 70.062 61 8 1 PLEASE[1]
71.625 71.750 65 0 1 WHOA[1]
72.000 72.375 65 0 1 TIE[1]
72.375 72.500 60 7 0 A[1]
72.500 72.625 62 9 1 YELLOW[1]
72.625 73.000 57 4 0 YELLOW[2]
73.000 73.125 60 7 1 RIBBON[1]
73.125 73.500 53 0 0 RIBBON[2]
73.500 73.750 55 2 1 'ROUND[1]
73.750 73.875 53 0 0 THE[1]
73.875 74.500 52 11 1 OLE[1]
74.500 74.875 62 9 1 OAK[1]
74.875 75.000 62 9 1 TREE[1]
75.500 75.625 60 7 1 IT'S[1]
75.750 75.875 60 7 1 BEEN[1]
76.000 76.500 51 10 1 THREE[1]
76.500 76.875 62 9 1 LONG[1]
76.875 77.000 62 9 1 YEARS[1]
77.375 77.750 62 9 1 DO[1]
77.750 78.000 60 7 0 YOU[1]
78.000 78.500 50 9 1 STILL[1]
78.500 78.875 60 7 1 WANT[1]
78.875 79.000 60 7 0 ME[1]
79.875 80.000 50 9 0 IF[1]
80.000 80.125 60 7 0 I[1]
80.125 80.500 58 5 1 DON'T[1]
80.500 80.750 60 7 1 SEE[1]
80.750 81.000 58 5 0 A[1]
81.000 81.125 60 7 1 RIBBON[1]
81.125 81.500 58 5 0 RIBBON[2]
81.500 81.750 53 0 0 ROUND[1]
81.750 82.000 55 2 0 THE[1]
82.000 82.500 57 4 1 OLE[1]
82.500 83.000 57 4 1 OAK[1]
83.000 83.062 55 2 1 TREE[1]
83.625 84.000 55 2 1 I'LL[1]
84.000 84.125 57 4 1 STAY[1]
84.125 84.375 57 4 0 ON[1]
84.375 84.500 57 4 0 THE[1]
84.500 84.625 57 4 1 BUS[1]
84.875 85.000 53 0 0 FORGET[1]
85.000 85.125 62 9 1 FORGET[2]
85.125 85.250 62 9 0 ABOUT[1]
85.250 85.500 62 9 1 ABOUT[2]
85.500 85.562 57 4 0 US[1]
86.000 86.125 57 4 1 PUT[1]
86.375 86.500 57 4 0 THE[1]
86.500 86.625 60 7 1 BLAME[1]
86.625 87.000 62 9 0 ON[1]
87.000 87.750 64 11 0 ME[1]
87.750 88.000 62 9 0 IF[1]
88.000 88.250 60 7 0 I[1]
88.250 88.500 58 5 1 DON'T[1]
88.500 88.750 60 7 1 SEE[1]
88.750 89.000 58 5 0 A[1]
89.000 89.125 60 7 1 YELLOW[1]
89.125 89.500 58 5 0 YELLOW[2]
89.500 89.625 53 0 1 RIBBON[1]
89.625 90.000 55 2 0 RIBBON[2]
90.000 90.750 57 4 1 'ROUND[1]
90.750 91.000 57 4 0 THE[1]
91.000 91.125 57 4 1 OLE[1]
91.625 91.750 62 9 1 OAK[1]
92.000 92.250 55 2 1 TREE[1]
108.750 108.875 60 7 1 NOW[1]
108.875 109.000 58 5 0 THE[1]
109.000 109.250 60 7 1 WHOLE[1]
109.250 109.500 58 5 1 DAMNED[1]
109.500 109.750 60 7 1 BUS[1]
109.750 110.000 58 5 1 IS[1]
110.000 110.062 61 8 1 CHEERIN'[1]
110.250 110.500 58 5 0 CHEERIN'[2]
110.750 110.875 53 0 0 AND[1]
110.875 111.000 55 2 0 I[1]
111.000 111.375 57 4 1 CAN'T[1]
111.375 111.500 57 4 0 BELIEVE[1]
111.500 111.750 60 7 1 BELIEVE[2]
111.750 112.000 62 9 0 I[1]
112.000 112.750 64 11 1 SEE[1]
112.750 113.000 62 9 0 A[1]
113.000 113.250 60 7 1 HUNDRED[1]
113.250 113.500 58 5 0 HUNDRED[2]
113.500 113.625 60 7 1 YELLOW[1]
113.625 114.000 58 5 0 YELLOW[2]
114.000 114.125 60 7 1 RIBBONS[1]
114.125 114.500 58 5 0 RIBBONS[2]
114.500 114.750 53 0 0 ROUND[1]
114.750 115.000 55 2 0 THE[1]
115.000 116.375 57 4 1 OLE[1]
116.625 116.750 62 9 1 OAK[1]
117.000 117.125 55 2 1 TREE[1]
118.250 118.500 62 9 1 I'M[1]
118.500 118.625 62 9 1 COMIN'[1]
118.625 118.875 53 0 0 COMIN'[2]
118.875 119.000 53 0 1 HOME[1]
