5.750 6.000 45 7 1 I'D[1]
6.000 6.250 57 7 1 THROW[1]
6.250 6.500 57 7 0 DOWN[1]
6.500 6.625 57 7 1 ANY[1]
6.625 7.000 54 4 0 ANY[2]
7.000 7.375 55 5 1 COON[1]
7.375 7.500 55 5 0 FOR[1]
7.500 7.625 55 5 0 HER[1]
7.875 8.000 52 2 1 SHE'D[1]
8.000 8.250 50 0 1 THROW[1]
8.250 8.500 49 11 0 DOWN[1]
8.500 8.875 50 0 1 PILES[1]
8.875 9.000 47 9 0 FOR[1]
9.000 9.500 49 11 0 ME[1]
9.750 10.000 47 9 0 NO[1]
10.000 10.125 54 4 1 MATTER[1]
10.125 10.250 56 6 0 MATTER[2]
10.250 10.375 54 4 0 WHEN[1]
10.375 10.500 53 3 0 OR[1]
10.500 10.750 54 4 0 WHERE[1]
10.750 11.000 54 4 1 SHE'LL[1]
11.000 11.125 59 9 1 CATCH[1]
11.125 11.250 59 9 0 'EM[1]
11.250 11.375 59 9 0 BY[1]
11.375 11.500 59 9 0 THE[1]
11.500 11.750 54 4 1 PAIR[1]
11.750 11.875 49 11 1 SHE'S[1]
12.000 12.125 52 2 1 WICKED[1]
12.125 12.375 52 2 0 WICKED[2]
12.375 12.875 52 2 0 AS[1]
12.875 13.000 54 4 0 CAN[1]
13.000 13.500 52 2 1 BE[1]
13.750 14.000 45 7 0 BUT[1]
14.000 14.250 57 7 0 SHE[1]
14.250 14.500 57 7 1 AIN'T[1]
14.500 14.625 57 7 1 NEVER[1]
14.625 15.000 54 4 0 NEVER[2]
15.000 15.250 55 5 1 CAUSED[1]
15.250 15.500 54 4 0 NO[1]
15.500 15.625 54 4 1 SIGH[1]
15.875 16.000 52 2 0 TO[1]
16.000 16.250 50 0 0 THIS[1]
16.250 16.500 49 11 1 HERE[1]
16.500 16.625 50 0 1 YELLER[1]
16.625 17.000 47 9 0 YELLER[2]
17.000 17.500 49 11 1 COON[1]
17.750 18.000 45 7 0 YOU[1]
18.000 18.125 54 4 1 HEAR[1]
18.125 18.250 53 3 0 ME[1]
18.250 18.375 56 6 0 ALL[1]
18.375 18.500 54 4 1 I'M[1]
18.500 18.750 52 2 1 PROUD[1]
18.875 18.938 52 2 0 TO[1]
18.938 19.125 56 6 1 LEAVE[1]
19.125 19.250 54 4 0 HER[1]
19.250 19.312 56 6 0 IN[1]
19.312 19.500 54 4 0 A[1]
19.500 19.750 52 2 1 CROWD[1]
19.875 20.000 52 2 0 AND[1]
20.000 20.062 54 4 1 SEE[1]
20.062 20.250 57 7 0 THEM[1]
20.250 20.375 57 7 1 CRAZY[1]
20.375 20.500 57 7 0 CRAZY[2]
20.500 20.625 57 7 1 NIGGERS[1]
20.625 21.000 56 6 0 NIGGERS[2]
21.000 21.250 57 7 1 SPOON[1]
21.250 21.500 57 7 0 FOR[1]
21.500 21.750 59 9 1 SHE'S[1]
21.750 22.000 62 0 0 MY[1]
22.000 22.125 61 11 1 LILY[1]
22.250 22.375 61 11 0 LILY[2]
23.250 23.500 55 5 0 MY[1]
23.500 23.750 52 2 1 TIGER[1]
23.750 24.000 54 4 0 TIGER[2]
24.000 24.125 50 0 1 LILY[1]
24.250 24.375 49 11 0 LILY[2]
25.250 25.500 54 4 0 SHE[1]
25.500 25.750 49 11 1 DRAWS[1]
25.750 26.000 50 0 0 THE[1]
26.000 26.125 51 1 1 NIGGERS[1]
26.125 26.500 52 2 0 NIGGERS[2]
26.500 26.875 57 7 0 LIKE[1]
26.875 27.000 52 2 0 A[1]
27.000 27.375 57 7 1 CROWD[1]
27.375 28.000 59 9 0 OF[1]
28.000 28.125 59 9 1 FLIES[1]
29.250 29.500 57 7 0 A[1]
29.500 29.750 59 9 1 QUEEN[1]
29.750 30.000 62 0 0 IN[1]
30.000 30.125 61 11 1 SHAPE[1]
30.125 30.250 59 9 0 AND[1]
30.250 30.375 61 11 1 SIZE[1]
31.250 31.500 55 5 1 GOT[1]
31.500 31.750 52 2 1 DIAMONDS[1]
31.750 32.000 54 4 0 DIAMONDS[2]
32.000 32.125 50 0 0 IN[1]
32.125 32.250 47 9 0 HER[1]
32.250 32.375 49 11 1 EYES[1]
33.250 33.500 54 4 0 SHE[1]
33.500 33.750 49 11 1 IS[1]
33.750 34.000 50 0 0 MY[1]
34.000 34.125 51 1 1 SWEETEST[1]
34.125 34.500 52 2 0 SWEETEST[2]
34.500 34.750 61 11 0 ONE[1]
34.750 35.000 59 9 0 MY[1]
35.000 35.250 57 7 1 BABY[1]
35.250 35.500 55 5 0 BABY[2]
35.500 35.875 52 2 1 TIGER[1]
35.875 36.000 49 11 0 TIGER[2]
36.000 36.750 52 2 1 LILY[1]
37.000 37.500 50 0 0 LILY[2]
41.750 42.000 45 7 0 I[1]
42.000 42.250 57 7 1 MET[1]
42.250 42.500 57 7 0 HER[1]
42.500 42.750 57 7 0 AT[1]
42.750 42.875 54 4 0 A[1]
42.875 43.250 55 5 1 BALL[1]
43.250 43.375 55 5 0 ONE[1]
43.375 43.500 55 5 1 NIGHT[1]
43.875 43.938 52 2 0 AND[1]
43.938 44.000 52 2 0 I[1]
44.000 44.250 50 0 1 GAVE[1]
44.250 44.500 49 11 0 HER[1]
44.500 44.750 50 0 1 JUST[1]
44.750 45.000 47 9 0 ONE[1]
45.000 45.500 49 11 1 SMILE[1]
45.750 46.000 45 7 0 SHE[1]
46.000 46.125 54 4 1 SHOOK[1]
46.125 46.250 55 5 0 HER[1]
46.250 46.375 54 4 1 NIGGER[1]
46.375 46.500 53 3 0 NIGGER[2]
46.500 46.875 54 4 1 PARD[1]
46.875 47.000 54 4 0 AND[1]
47.000 47.125 59 9 1 HANDED[1]
47.125 47.250 59 9 0 HANDED[2]
47.250 47.375 59 9 0 ME[1]
47.375 47.500 59 9 0 HER[1]
47.500 47.750 49 11 1 CARD[1]
47.750 48.000 50 0 0 I[1]
48.000 48.250 52 2 1 WROTE[1]
48.250 48.500 47 9 0 MY[1]
48.500 48.750 52 2 1 NAME[1]
48.750 49.000 47 9 0 IN[1]
49.000 49.500 52 2 1 STYLE[1]
49.750 50.000 45 7 0 SHE[1]
50.000 50.125 57 7 1 WOULDN'T[1]
50.125 50.500 57 7 0 WOULDN'T[2]
50.500 50.875 57 7 1 WALTZ[1]
50.875 51.000 58 8 0 NO[1]
51.000 51.125 59 9 1 OTHER[1]
51.125 51.250 61 11 0 OTHER[2]
51.250 51.438 61 11 1 COON[1]
51.438 51.500 62 0 0 BUT[1]
51.500 51.875 57 7 0 ME[1]
51.875 52.000 55 5 0 I[1]
52.000 52.250 52 2 1 TOOK[1]
52.250 52.375 52 2 0 THE[1]
52.375 52.750 59 9 1 LAST[1]
52.750 53.000 59 9 0 QUADRILLE[1]
53.000 53.500 45 7 1 QUADRILLE[2]
53.750 54.000 45 7 0 AND[1]
54.000 54.188 54 4 0 WHEN[1]
54.188 54.250 53 3 0 THE[1]
54.250 54.438 56 6 1 BALL[1]
54.438 54.500 54 4 1 WAS[1]
54.500 54.750 52 2 0 THROUGH[1]
54.875 55.000 52 2 0 THE[1]
55.000 55.125 56 6 1 FIRST[1]
55.125 55.250 54 4 1 THING[1]
55.250 55.312 56 6 0 THAT[1]
55.312 55.500 54 4 0 I[1]
55.500 55.750 52 2 1 KNEW[1]
55.875 56.000 52 2 0 SHE[1]
56.000 56.125 54 4 1 WAS[1]
56.125 56.250 57 7 0 MY[1]
56.250 56.312 57 7 1 LITTLE[1]
56.312 56.500 57 7 0 LITTLE[2]
56.500 56.750 57 7 1 BRIDE[1]
56.750 57.000 56 6 0 TO[1]
57.000 57.250 57 7 1 BE[1]
57.250 57.500 57 7 0 FOR[1]
57.500 57.750 59 9 1 SHE'S[1]
57.750 58.000 62 0 0 MY[1]
58.000 58.125 61 11 1 LILY[1]
58.250 58.375 61 11 0 LILY[2]
59.250 59.500 55 5 0 MY[1]
59.500 59.750 52 2 1 TIGER[1]
59.750 60.000 54 4 0 TIGER[2]
60.000 60.125 50 0 1 LILY[1]
60.250 60.375 49 11 0 LILY[2]
61.250 61.500 54 4 0 SHE[1]
61.500 61.750 49 11 1 DRAWS[1]
61.750 62.000 50 0 0 THE[1]
62.000 62.125 51 1 1 NIGGERS[1]
62.125 62.500 52 2 0 NIGGERS[2]
62.500 62.875 57 7 0 LIKE[1]
62.875 63.000 52 2 0 A[1]
63.000 63.375 57 7 1 CROWD[1]
63.375 64.000 59 9 0 OF[1]
64.000 64.125 59 9 1 FLIES[1]
65.250 65.500 57 7 0 A[1]
65.500 65.750 59 9 1 QUEEN[1]
65.750 66.000 62 0 0 IN[1]
66.000 66.125 61 11 1 SHAPE[1]
66.125 66.250 59 9 0 AND[1]
66.250 66.375 61 11 1 SIZE[1]
67.250 67.500 55 5 1 GOT[1]
67.500 67.750 52 2 1 DIAMONDS[1]
67.750 68.000 54 4 0 DIAMONDS[2]
68.000 68.125 50 0 0 IN[1]
68.125 68.250 47 9 0 HER[1]
68.250 68.375 49 11 1 EYES[1]
69.250 69.500 54 4 0 SHE[1]
69.500 69.750 49 11 1 IS[1]
69.750 70.000 50 0 0 MY[1]
70.000 70.125 51 1 1 SWEETEST[1]
70.125 70.500 52 2 0 SWEETEST[2]
70.500 70.750 61 11 0 ONE[1]
70.750 71.000 59 9 0 MY[1]
71.000 71.250 57 7 1 BABY[1]
71.250 71.500 55 5 0 BABY[2]
71.500 71.625 52 2 1 TIGER[1]
71.875 72.000 49 11 0 TIGER[2]
72.000 72.750 52 2 1 LILY[1]
73.000 73.250 50 0 0 LILY[2]
73.250 73.500 57 7 0 FOR[1]
73.500 73.750 59 9 1 SHE'S[1]
73.750 74.000 62 0 0 MY[1]
74.000 74.125 61 11 1 LILY[1]
74.250 74.375 61 11 0 LILY[2]
75.250 75.500 55 5 0 MY[1]
75.500 75.750 52 2 1 TIGER[1]
75.750 76.000 54 4 0 TIGER[2]
76.000 76.125 50 0 1 LILY[1]
76.250 76.375 49 11 0 LILY[2]
77.250 77.500 54 4 0 SHE[1]
77.500 77.750 49 11 1 DRAWS[1]
77.750 78.000 50 0 0 THE[1]
78.000 78.125 51 1 1 NIGGERS[1]
78.125 78.500 52 2 0 NIGGERS[2]
78.500 78.875 57 7 0 LIKE[1]
78.875 79.000 52 2 0 A[1]
79.000 79.375 57 7 1 CROWD[1]
79.375 80.000 59 9 0 OF[1]
80.000 80.125 59 9 1 FLIES[1]
81.250 81.500 57 7 0 A[1]
81.500 81.750 59 9 1 QUEEN[1]
81.750 82.000 62 0 0 IN[1]
82.000 82.125 61 11 1 SHAPE[1]
82.125 82.250 59 9 0 AND[1]
82.250 82.375 61 11 1 SIZE[1]
83.250 83.500 55 5 1 GOT[1]
83.500 83.750 52 2 1 DIAMONDS[1]
83.750 84.000 54 4 0 DIAMONDS[2]
84.000 84.125 50 0 0 IN[1]
84.125 84.250 47 9 0 HER[1]
84.250 84.375 49 11 1 EYES[1]
85.250 85.500 54 4 0 SHE[1]
85.500 85.750 49 11 1 IS[1]
85.750 86.000 50 0 0 MY[1]
86.000 86.125 51 1 1 SWEETEST[1]
86.125 86.500 52 2 0 SWEETEST[2]
86.500 86.750 61 11 0 ONE[1]
86.750 87.000 59 9 0 MY[1]
87.000 87.250 57 7 1 BABY[1]
87.250 87.500 55 5 0 BABY[2]
87.500 87.875 52 2 1 TIGER[1]
87.875 88.000 49 11 0 TIGER[2]
88.000 88.750 52 2 1 LILY[1]
89.000 89.500 50 0 0 LILY[2]
