7.875 8.250 62 7 1 SHADES[1]
8.250 8.667 67 0 0 OF[1]
8.667 8.833 64 9 1 NIGHT[1]
8.833 9.000 60 5 1 ARE[1]
9.000 9.125 57 2 1 CREEPING[1]
9.125 10.000 66 11 0 CREEPING[2]
10.250 10.312 60 5 1 WILLOW[1]
10.312 10.500 66 11 2 WILLOW[2]
10.500 10.875 62 7 1 TREES[1]
10.875 11.000 59 4 1 ARE[1]
11.000 11.125 55 0 1 WEEPING[1]
11.125 12.000 64 9 0 WEEPING[2]
12.000 12.500 62 7 1 OLD[1]
12.500 12.625 57 2 1 FOLKS[1]
12.625 12.875 62 7 0 AND[1]
12.875 13.250 62 7 1 BABIES[1]
13.250 13.875 58 3 0 BABIES[2]
13.875 14.250 62 7 1 ARE[1]
14.250 14.500 62 7 1 SLEEPING[1]
14.500 15.000 59 4 0 SLEEPING[2]
16.000 16.125 62 7 1 SILVER[1]
16.125 16.500 67 0 0 SILVER[2]
16.500 16.875 64 9 1 STARS[1]
16.875 17.000 60 5 1 ARE[1]
17.000 17.125 57 2 1 GLEAMING[1]
17.125 17.750 66 11 0 GLEAMING[2]
18.250 18.375 60 5 0 ALL[1]
18.375 18.500 66 11 0 ALONE[1]
18.500 18.750 62 7 1 ALONE[2]
18.750 19.000 59 4 1 I'M[1]
19.000 19.125 55 0 1 SCHEMING[1]
19.125 20.000 64 9 0 SCHEMING[2]
20.000 20.250 66 11 1 SCHEMING[1]
20.250 20.875 62 7 0 SCHEMING[2]
20.875 21.000 66 11 0 TO[1]
21.000 21.125 66 11 1 GET[1]
21.125 21.500 62 7 0 YOU[1]
21.625 22.000 66 11 0 OUT[1]
22.000 22.375 62 7 1 HERE[1]
22.375 23.000 64 9 0 MY[1]
23.000 23.500 59 4 1 DEAR[1]
23.500 23.750 57 2 1 COME[1]
23.875 24.000 58 3 1 TIPTOE[1]
24.250 24.500 59 4 2 TIPTOE[2]
24.750 24.875 64 9 0 TO[1]
24.875 25.000 62 7 0 THE[1]
25.000 25.250 60 5 1 WINDOW[1]
25.250 25.500 60 5 0 WINDOW[2]
25.625 25.875 66 11 0 BY[1]
25.875 26.000 64 9 0 THE[1]
26.000 26.250 62 7 1 WINDOW[1]
26.250 26.500 62 7 0 WINDOW[2]
26.750 26.875 67 0 0 THAT[1]
26.875 27.000 66 11 1 IS[1]
27.000 27.125 64 9 0 WHERE[1]
27.125 27.500 67 0 1 I'LL[1]
27.500 27.750 55 0 1 BE[1]
27.750 28.000 60 5 1 COME[1]
28.000 28.125 59 4 1 TIPTOE[1]
28.250 28.500 59 4 2 TIPTOE[2]
28.625 28.875 64 9 0 THROUGH[1]
28.875 29.000 62 7 0 THE[1]
29.000 29.250 60 5 1 TULIPS[1]
29.250 29.375 57 2 0 TULIPS[2]
29.750 30.000 59 4 0 WITH[1]
30.000 31.000 55 0 0 ME[1]
31.875 32.000 58 3 1 TIPTOE[1]
32.250 32.500 59 4 2 TIPTOE[2]
32.750 32.875 64 9 0 FROM[1]
32.875 33.000 62 7 0 YOUR[1]
33.000 33.125 60 5 1 PILLOW[1]
33.125 33.500 60 5 0 PILLOW[2]
33.750 33.875 66 11 0 TO[1]
33.875 34.125 64 9 0 THE[1]
34.125 34.250 62 7 1 SHADOW[1]
34.250 34.500 62 7 2 SHADOW[2]
34.750 34.875 67 0 0 OF[1]
34.875 35.000 66 11 0 A[1]
35.000 35.062 64 9 1 WILLOW[1]
35.062 35.375 67 0 2 WILLOW[2]
35.375 35.625 55 0 1 TREE[1]
35.625 36.000 60 5 0 AND[1]
36.000 36.125 59 4 1 TIPTOE[1]
36.250 36.500 59 4 2 TIPTOE[2]
36.625 36.875 64 9 0 THROUGH[1]
36.875 37.000 62 7 0 THE[1]
37.000 37.250 60 5 1 TULIPS[1]
37.250 37.375 57 2 0 TULIPS[2]
37.750 38.000 59 4 0 WITH[1]
38.000 39.000 55 0 0 ME[1]
39.500 40.500 67 0 1 KNEE[1]
41.375 42.000 67 0 0 IN[1]
42.000 42.250 66 11 1 FLOWERS[1]
42.250 42.500 64 9 0 FLOWERS[2]
42.500 42.750 66 11 1 WE'LL[1]
42.750 43.500 64 9 1 STRAY[1]
43.500 44.000 65 10 1 WE'LL[1]
44.000 44.500 66 11 1 KEEP[1]
45.500 46.000 66 11 0 THE[1]
46.000 46.250 64 9 1 SHOWERS[1]
46.250 46.500 62 7 0 SHOWERS[2]
46.500 46.750 64 9 0 AWAY[1]
46.750 47.000 62 7 1 AWAY[2]
47.125 47.500 64 9 0 AND[1]
47.500 47.750 59 4 0 IF[1]
47.750 48.000 57 2 0 I[1]
48.000 48.125 59 4 1 KISS[1]
48.250 48.375 59 4 0 YOU[1]
48.625 48.875 64 9 0 IN[1]
48.875 49.000 62 7 0 THE[1]
49.000 49.250 60 5 1 GARDEN[1]
49.250 49.500 57 2 0 GARDEN[2]
49.625 49.875 66 11 0 IN[1]
49.875 50.000 64 9 0 THE[1]
50.000 50.250 62 7 1 MOONLIGHT[1]
50.250 50.500 59 4 2 MOONLIGHT[2]
50.750 50.875 67 0 0 WILL[1]
50.875 51.000 66 11 0 YOU[1]
51.000 51.250 64 9 1 PARDON[1]
51.250 51.500 67 0 0 PARDON[2]
51.500 51.750 55 0 0 ME[1]
51.750 52.000 60 5 1 COME[1]
52.000 52.125 59 4 1 TIPTOE[1]
52.250 52.500 59 4 2 TIPTOE[2]
52.625 52.875 64 9 0 THROUGH[1]
52.875 53.000 62 7 0 THE[1]
53.000 53.250 60 5 1 TULIPS[1]
53.250 53.375 57 2 0 TULIPS[2]
53.750 54.000 59 4 0 WITH[1]
54.000 55.000 55 0 0 ME[1]
56.000 56.125 59 4 1 TIPTOE[1]
56.250 56.500 59 4 2 TIPTOE[2]
56.750 56.875 64 9 0 TO[1]
56.875 57.000 62 7 0 THE[1]
57.000 57.250 60 5 1 WINDOW[1]
57.250 57.500 60 5 0 WINDOW[2]
57.625 57.875 66 11 0 BY[1]
57.875 58.000 64 9 0 THE[1]
58.000 58.250 62 7 1 WINDOW[1]
58.250 58.500 62 7 0 WINDOW[2]
58.625 58.875 67 0 0 THAT[1]
58.875 59.000 66 11 1 IS[1]
59.000 59.125 64 9 0 WHERE[1]
59.125 59.500 67 0 1 I'LL[1]
59.500 59.750 55 0 1 BE[1]
59.750 60.000 60 5 1 COME[1]
60.000 60.125 59 4 1 TIPTOE[1]
60.250 60.500 59 4 2 TIPTOE[2]
60.625 60.875 64 9 0 THROUGH[1]
60.875 61.000 62 7 0 THE[1]
61.000 61.250 60 5 1 TULIPS[1]
61.250 61.375 57 2 0 TULIPS[2]
61.750 62.000 59 4 0 WITH[1]
62.000 63.000 55 0 0 ME[1]
64.000 64.125 59 4 1 TIPTOE[1]
64.250 64.500 59 4 2 TIPTOE[2]
64.750 64.875 64 9 0 FROM[1]
64.875 65.000 62 7 0 YOUR[1]
65.000 65.125 60 5 1 PILLOW[1]
65.125 65.500 60 5 0 PILLOW[2]
65.625 65.875 66 11 0 TO[1]
65.875 66.125 64 9 0 THE[1]
66.125 66.250 62 7 1 SHADOW[1]
66.250 66.500 62 7 2 SHADOW[2]
66.625 66.875 67 0 0 OF[1]
66.875 67.000 66 11 0 A[1]
67.000 67.125 64 9 1 WILLOW[1]
67.125 67.500 67 0 2 WILLOW[2]
67.500 67.750 55 0 1 TREE[1]
67.750 68.000 60 5 0 AND[1]
68.000 68.125 59 4 1 TIPTOE[1]
68.250 68.500 59 4 2 TIPTOE[2]
68.625 68.875 64 9 0 THROUGH[1]
68.875 69.000 62 7 0 THE[1]
69.000 69.250 60 5 1 TULIPS[1]
69.250 69.375 57 2 0 TULIPS[2]
69.750 70.000 59 4 0 WITH[1]
70.000 71.000 55 0 0 ME[1]
71.500 72.500 67 0 1 KNEE[1]
72.500 73.375 57 2 1 DEEP[1]
73.375 74.000 67 0 0 IN[1]
74.000 74.250 66 11 1 FLOWERS[1]
74.250 74.500 64 9 0 FLOWERS[2]
74.500 75.250 66 11 1 WE'LL[1]
75.250 75.750 64 9 1 STRAY[1]
75.750 76.500 66 11 1 WE'LL[1]
76.500 77.375 54 11 1 KEEP[1]
77.375 78.000 66 11 0 THE[1]
78.000 78.250 64 9 1 SHOWERS[1]
78.250 78.500 62 7 0 SHOWERS[2]
78.500 78.750 64 9 0 AWAY[1]
78.750 79.000 62 7 1 AWAY[2]
79.125 79.500 64 9 0 AND[1]
79.500 79.750 59 4 0 IF[1]
79.750 80.000 57 2 0 I[1]
80.000 80.125 59 4 1 KISS[1]
80.250 80.500 59 4 0 YOU[1]
80.625 80.875 64 9 0 IN[1]
80.875 81.000 62 7 0 THE[1]
81.000 81.250 60 5 1 GARDEN[1]
81.250 81.500 57 2 0 GARDEN[2]
81.625 81.875 66 11 0 IN[1]
81.875 82.000 64 9 0 THE[1]
82.000 82.250 62 7 1 MOONLIGHT[1]
82.250 82.500 62 7 2 MOONLIGHT[2]
82.750 82.875 67 0 0 WILL[1]
82.875 83.000 66 11 0 YOU[1]
83.000 83.250 64 9 1 PARDON[1]
83.250 83.500 67 0 0 PARDON[2]
83.500 83.750 55 0 0 ME[1]
83.750 84.000 60 5 1 COME[1]
84.000 84.125 59 4 1 TIPTOE[1]
84.250 84.500 59 4 2 TIPTOE[2]
84.625 84.875 64 9 0 THROUGH[1]
84.875 85.000 62 7 0 THE[1]
85.000 85.250 60 5 1 TULIPS[1]
85.250 85.375 57 2 0 TULIPS[2]
85.750 86.000 59 4 0 WITH[1]
86.000 87.000 55 0 0 ME[1]
88.000 88.125 55 4 1 TIPTOE[1]
88.250 88.500 55 4 2 TIPTOE[2]
88.750 88.875 60 9 0 TO[1]
88.875 89.000 58 7 0 THE[1]
89.000 89.250 56 5 1 WINDOW[1]
89.250 89.500 56 5 0 WINDOW[2]
89.750 89.875 62 11 0 BY[1]
89.875 90.000 60 9 0 THE[1]
90.000 90.250 58 7 1 WINDOW[1]
90.250 90.500 58 7 0 WINDOW[2]
90.750 90.875 63 0 0 THAT[1]
90.875 91.000 62 11 1 IS[1]
91.000 91.250 60 9 0 WHERE[1]
91.250 91.500 63 0 1 I'LL[1]
91.500 91.750 51 0 1 BE[1]
91.750 92.000 56 5 1 COME[1]
92.000 92.125 55 4 1 TIPTOE[1]
92.250 92.500 55 4 2 TIPTOE[2]
92.750 92.875 60 9 0 THROUGH[1]
92.875 93.000 58 7 0 THE[1]
93.000 93.250 56 5 1 TULIPS[1]
93.250 93.500 53 2 0 TULIPS[2]
93.750 94.000 55 4 0 WITH[1]
94.000 95.000 51 0 0 ME[1]
96.000 96.125 55 4 1 TIPTOE[1]
96.250 96.500 55 4 2 TIPTOE[2]
96.750 96.875 60 9 0 FROM[1]
96.875 97.000 58 7 0 YOUR[1]
97.000 97.250 56 5 1 PILLOW[1]
97.250 97.500 56 5 0 PILLOW[2]
97.750 97.875 62 11 0 TO[1]
97.875 98.000 60 9 0 THE[1]
98.000 98.250 58 7 1 SHADOW[1]
98.250 98.500 58 7 2 SHADOW[2]
98.750 98.875 63 0 0 OF[1]
98.875 99.000 62 11 0 A[1]
99.000 99.125 60 9 1 WILLOW[1]
99.125 99.500 63 0 2 WILLOW[2]
99.500 99.750 51 0 1 TREE[1]
99.750 100.000 56 5 0 AND[1]
100.000 100.125 55 4 1 TIPTOE[1]
100.250 100.500 55 4 2 TIPTOE[2]
100.750 100.875 60 9 0 THROUGH[1]
100.875 101.000 58 7 0 THE[1]
101.000 101.250 56 5 1 TULIPS[1]
101.250 101.500 53 2 0 TULIPS[2]
101.750 102.000 55 4 0 WITH[1]
102.000 103.250 51 0 0 ME[1]
103.500 104.000 63 0 1 KNEE[1]
104.000 105.250 53 2 1 DEEP[1]
105.500 106.000 63 0 0 IN[1]
106.000 106.250 62 11 1 FLOWERS[1]
106.250 106.500 60 9 0 FLOWERS[2]
106.500 106.750 62 11 1 WE'LL[1]
106.750 107.500 60 9 1 STRAY[1]
107.500 108.000 62 11 1 WE'LL[1]
108.000 109.250 50 11 1 KEEP[1]
109.500 110.000 62 11 0 THE[1]
110.000 110.250 60 9 1 SHOWERS[1]
110.250 110.500 58 7 0 SHOWERS[2]
110.500 110.750 60 9 0 AWAY[1]
110.750 111.250 58 7 1 AWAY[2]
111.250 111.500 60 9 0 AND[1]
111.500 111.750 55 4 0 IF[1]
111.750 112.000 53 2 0 I[1]
112.000 112.125 55 4 1 KISS[1]
112.250 112.500 55 4 0 YOU[1]
112.750 112.875 60 9 0 IN[1]
112.875 113.000 58 7 0 THE[1]
113.000 113.250 56 5 1 GARDEN[1]
113.250 113.500 56 5 0 GARDEN[2]
113.625 113.875 62 11 0 IN[1]
113.875 114.000 60 9 0 THE[1]
114.000 114.250 58 7 1 MOONLIGHT[1]
114.250 114.500 58 7 2 MOONLIGHT[2]
114.750 114.875 63 0 0 WILL[1]
114.875 115.000 62 11 0 YOU[1]
115.000 115.250 60 9 1 PARDON[1]
115.250 115.500 63 0 0 PARDON[2]
115.500 115.750 51 0 0 ME[1]
115.750 116.000 56 5 1 COME[1]
116.000 116.125 55 4 1 TIPTOE[1]
116.250 116.500 55 4 2 TIPTOE[2]
116.750 116.875 60 9 0 THROUGH[1]
116.875 117.000 58 7 0 THE[1]
117.000 117.250 56 5 1 TULIPS[1]
117.250 117.500 53 2 0 TULIPS[2]
117.750 118.000 55 4 0 WITH[1]
118.000 119.250 51 0 0 ME[1]
119.500 120.000 62 11 0 AND[1]
120.000 120.500 57 2 0 IF[1]
120.500 120.875 58 3 0 I[1]
120.875 121.000 58 3 1 KISS[1]
121.250 121.500 59 4 0 YOU[1]
121.625 121.875 64 9 0 IN[1]
121.875 122.000 62 7 0 THE[1]
122.000 122.250 60 5 1 GARDEN[1]
122.250 122.500 60 5 0 GARDEN[2]
122.625 122.875 66 11 0 IN[1]
122.875 123.000 64 9 0 THE[1]
123.000 123.250 62 7 1 MOONLIGHT[1]
123.250 123.500 62 7 2 MOONLIGHT[2]
123.750 123.875 67 0 0 WILL[1]
123.875 124.000 66 11 0 YOU[1]
124.000 124.125 64 9 1 PARDON[1]
124.125 124.375 67 0 0 PARDON[2]
124.375 124.750 55 0 0 ME[1]
124.750 125.000 60 5 1 COME[1]
125.000 125.125 59 4 1 TIPTOE[1]
125.250 125.500 59 4 2 TIPTOE[2]
125.625 125.875 64 9 0 THROUGH[1]
125.875 126.000 62 7 0 THE[1]
126.000 126.250 60 5 1 TULIPS[1]
126.250 126.500 57 2 0 TULIPS[2]
126.750 127.000 62 7 0 WITH[1]
127.000 129.000 67 0 0 ME[1]
