4.375 4.625 66 9 0 THOSE[1]
4.625 4.875 64 7 1 SCHOOLGIRL[1]
4.875 5.125 62 5 2 SCHOOLGIRL[2]
5.125 6.000 61 4 1 DAYS[1]
6.375 6.750 59 2 0 OF[1]
6.750 6.875 59 2 1 TELLING[1]
6.875 7.125 63 6 0 TELLING[2]
7.125 7.375 66 9 1 TALES[1]
7.375 7.625 69 0 0 AND[1]
7.625 7.875 68 11 1 BITING[1]
7.875 8.000 66 9 0 BITING[2]
8.000 8.062 66 9 1 NAILS[1]
8.375 8.438 64 7 1 ARE[1]
8.625 8.938 64 7 1 GONE[1]
10.375 10.750 66 9 0 BUT[1]
10.750 10.875 64 7 0 IN[1]
10.875 11.125 64 7 0 MY[1]
11.125 11.250 62 5 1 MIND[1]
12.375 12.750 59 2 0 I[1]
12.750 12.938 59 2 1 KNOW[1]
12.938 13.125 63 6 0 THEY[1]
13.125 13.312 66 9 0 WILL[1]
13.875 14.000 68 11 1 STILL[1]
14.000 14.125 66 9 1 LIVE[1]
14.125 14.375 66 9 0 ON[1]
14.375 14.625 66 9 0 AND[1]
14.625 16.000 64 7 0 ON[1]
16.375 16.500 63 2 0 BUT[1]
16.500 16.667 63 2 1 HOW[1]
16.667 16.833 68 7 1 DO[1]
16.833 17.000 68 7 0 YOU[1]
17.000 17.250 66 5 1 THANK[1]
17.250 17.375 64 3 1 SOMEONE[1]
17.375 17.625 64 3 2 SOMEONE[2]
17.750 17.875 64 3 0 WHO[1]
17.875 18.000 64 3 1 HAS[1]
18.000 18.125 63 2 1 TAKEN[1]
18.125 18.250 60 11 0 TAKEN[2]
18.250 18.375 56 7 0 YOU[1]
18.375 18.500 68 7 0 FROM[1]
18.500 18.667 68 7 1 CRAYONS[1]
18.667 18.833 69 8 2 CRAYONS[2]
18.833 19.062 68 7 0 TO[1]
19.062 19.125 66 5 0 PERFUME[1]
19.125 19.375 66 5 1 PERFUME[2]
20.375 20.625 66 2 0 IT[1]
20.625 20.875 66 2 1 ISN'T[1]
20.875 21.000 69 5 0 ISN'T[2]
21.000 21.250 69 5 1 EASY[1]
21.250 21.500 68 4 0 EASY[2]
21.500 21.625 66 2 0 BUT[1]
21.625 21.875 64 0 1 I'LL[1]
21.875 22.000 68 4 1 TRY[1]
23.750 23.875 63 11 0 IF[1]
23.875 24.000 64 0 0 YOU[1]
24.000 24.125 66 2 1 WANTED[1]
24.125 24.250 66 2 0 WANTED[2]
24.250 24.375 66 2 0 THE[1]
24.375 24.625 66 2 1 SKY[1]
24.625 24.750 63 11 0 I[1]
24.750 24.875 59 7 0 WOULD[1]
24.875 25.250 69 5 1 WRITE[1]
25.250 25.375 68 4 0 ACROSS[1]
25.375 25.500 66 2 1 ACROSS[2]
25.500 25.625 64 0 0 THE[1]
25.625 25.750 63 11 1 SKY[1]
25.750 25.875 64 0 0 IN[1]
25.875 26.062 66 2 1 LETTERS[1]
26.375 26.500 59 7 0 LETTERS[2]
26.750 26.875 59 7 0 THAT[1]
26.875 27.000 59 7 0 WOULD[1]
27.125 27.375 69 5 1 SOAR[1]
27.375 27.500 68 4 0 A[1]
27.500 27.667 66 2 1 THOUSAND[1]
27.667 27.833 64 0 0 THOUSAND[2]
27.833 28.000 63 11 1 FEET[1]
28.125 28.375 66 2 1 HIGH[1]
28.875 29.125 69 5 0 TO[1]
29.125 29.375 68 4 1 SIR[1]
29.875 30.000 68 4 0 WITH[1]
30.125 30.312 68 4 1 LOVE[1]
32.375 32.625 66 9 0 THE[1]
32.625 33.000 64 7 1 TIME[1]
33.000 33.125 62 5 1 HAS[1]
33.125 34.000 61 4 1 COME[1]
34.500 34.750 59 2 0 FOR[1]
34.750 34.875 59 2 1 CLOSING[1]
34.875 35.125 63 6 0 CLOSING[2]
35.125 35.250 66 9 1 BOOKS[1]
35.375 35.625 69 0 0 AND[1]
35.625 35.688 66 9 1 LONG[1]
35.875 35.938 66 9 1 LAST[1]
36.167 36.250 66 9 1 LOOKS[1]
36.500 36.583 64 7 0 MUST[1]
36.833 37.188 64 7 1 END[1]
38.375 38.750 66 9 0 AND[1]
38.750 39.000 64 7 0 AS[1]
39.000 39.250 64 7 0 I[1]
39.250 39.312 62 5 1 LEAVE[1]
40.375 40.625 59 2 0 I[1]
40.625 40.875 59 2 1 KNOW[1]
40.875 41.000 63 6 0 THAT[1]
41.000 41.375 66 9 0 I[1]
41.375 41.625 69 0 1 AM[1]
41.625 41.875 68 11 1 LEAVING[1]
41.875 42.125 68 11 0 LEAVING[2]
42.125 42.250 66 9 0 MY[1]
42.375 42.625 66 9 1 BEST[1]
42.625 44.000 64 7 1 FRIEND[1]
44.375 44.500 63 2 0 A[1]
44.500 44.625 63 2 1 FRIEND[1]
44.625 44.750 68 7 0 WHO[1]
44.750 44.875 68 7 1 TAUGHT[1]
44.875 45.125 66 5 0 ME[1]
45.125 45.375 66 5 1 RIGHT[1]
45.375 45.500 64 3 0 FROM[1]
45.500 45.875 64 3 1 WRONG[1]
45.875 46.000 64 3 0 AND[1]
46.125 46.250 63 2 1 WEAK[1]
46.250 46.375 60 11 0 FROM[1]
46.375 46.625 56 7 1 STRONG[1]
46.625 46.875 68 7 1 THAT'S[1]
46.875 47.000 69 8 0 A[1]
47.000 47.125 68 7 1 LOT[1]
47.125 47.188 66 5 0 TO[1]
47.188 47.375 66 5 1 LEARN[1]
47.875 48.000 66 5 0 BUT[1]
48.375 48.625 66 2 0 WHAT[1]
48.625 48.750 66 2 0 CAN[1]
48.750 49.000 69 5 0 I[1]
49.000 49.250 69 5 1 GIVE[1]
49.250 49.500 68 4 0 YOU[1]
49.500 49.625 66 2 0 IN[1]
49.625 49.875 64 0 0 RETURN[1]
49.875 50.000 68 4 1 RETURN[2]
51.750 51.875 63 11 0 IF[1]
51.875 52.000 64 0 0 YOU[1]
52.000 52.125 66 2 1 WANTED[1]
52.125 52.250 66 2 0 WANTED[2]
52.250 52.375 66 2 0 THE[1]
52.375 52.625 66 2 1 MOON[1]
52.625 52.750 63 11 0 I[1]
52.750 52.875 59 7 0 WOULD[1]
52.875 53.125 69 5 1 TRY[1]
53.125 53.250 68 4 0 TO[1]
53.250 53.375 66 2 1 MAKE[1]
53.375 53.500 64 0 0 A[1]
53.500 53.750 63 11 1 START[1]
53.875 54.000 64 0 0 BUT[1]
54.000 54.250 66 2 0 I[1]
54.875 55.000 59 7 0 WOULD[1]
55.000 55.167 69 5 1 RATHER[1]
55.167 55.333 68 4 0 RATHER[2]
55.333 55.625 66 2 0 YOU[1]
55.625 55.750 66 2 1 LET[1]
55.750 55.875 64 0 0 ME[1]
55.875 56.000 63 11 1 GIVE[1]
56.000 56.125 64 0 0 MY[1]
56.125 56.375 66 2 1 HEART[1]
57.000 57.125 69 5 0 TO[1]
57.125 57.312 68 4 1 SIR[1]
57.875 58.000 68 4 0 WITH[1]
58.125 58.312 68 4 1 LOVE[1]
