6.250 6.333 51 4 1 STAY[1]
6.333 6.417 51 4 0 AWAY[1]
6.417 6.833 51 4 1 AWAY[2]
6.833 6.917 49 2 0 FROM[1]
6.917 7.000 47 0 0 MY[1]
7.000 7.125 49 2 1 WINDOW[1]
7.125 7.500 51 4 0 WINDOW[2]
8.250 8.333 51 4 1 STAY[1]
8.333 8.417 51 4 0 AWAY[1]
8.417 8.833 51 4 1 AWAY[2]
8.833 8.917 49 2 0 FROM[1]
8.917 9.000 47 0 0 MY[1]
9.000 9.125 49 2 1 BACK[1]
9.125 9.375 51 4 1 DOOR[1]
9.375 9.750 44 9 1 TOO[1]
10.250 10.375 51 4 0 DISCONNECT[1]
10.375 10.500 51 4 0 DISCONNECT[2]
10.500 10.875 51 4 1 DISCONNECT[3]
10.875 11.000 42 7 0 THE[1]
11.000 11.083 49 2 1 TELEPHONE[1]
11.083 11.167 49 2 0 TELEPHONE[2]
11.167 11.417 49 2 2 TELEPHONE[3]
11.417 11.750 51 4 1 LINE[1]
12.250 12.333 54 7 0 RELAX[1]
12.333 12.500 51 4 1 RELAX[2]
12.500 12.667 51 4 1 BABY[1]
12.667 12.917 51 4 0 BABY[2]
12.917 13.000 44 9 0 AND[1]
13.000 13.125 49 2 1 DRAW[1]
13.125 13.375 51 4 0 THAT[1]
13.375 13.750 44 9 1 BLIND[1]
16.125 16.250 44 9 1 KICK[1]
16.250 16.375 51 4 0 OFF[1]
16.375 16.500 51 4 0 YOUR[1]
16.500 16.875 51 4 1 SHOES[1]
16.875 17.000 49 2 0 AND[1]
17.000 17.125 56 9 1 SIT[1]
17.125 17.375 51 4 1 RIGHT[1]
17.375 17.750 51 4 0 DOWN[1]
18.250 18.333 51 4 1 LOOSEN[1]
18.333 18.417 54 7 0 LOOSEN[2]
18.417 18.583 54 7 0 OFF[1]
18.583 19.000 54 7 0 THAT[1]
19.000 19.083 56 9 1 PRETTY[1]
19.083 19.167 51 4 0 PRETTY[2]
19.167 19.417 51 4 1 FRENCH[1]
19.417 19.750 51 4 1 GOWN[1]
20.250 20.333 51 4 1 LET[1]
20.333 20.417 54 7 0 ME[1]
20.417 20.667 54 7 1 POUR[1]
20.667 20.917 51 4 1 YA[1]
20.917 21.000 51 4 0 A[1]
21.000 21.125 56 9 1 GOOD[1]
21.125 21.375 51 4 1 LONG[1]
21.375 21.750 51 4 1 DRINK[1]
22.250 22.375 59 0 1 OOH[1]
22.375 22.625 56 9 1 BABY[1]
22.625 22.750 51 4 0 BABY[2]
22.750 22.875 49 2 1 DON'T[1]
22.875 23.000 47 0 0 YOU[1]
23.000 23.125 49 2 1 HESITATE[1]
23.125 23.375 51 4 0 HESITATE[2]
23.375 23.625 44 9 2 HESITATE[3]
23.625 24.000 44 9 1 CAUSE[1]
24.250 24.375 59 0 0 TONIGHT'S[1]
24.375 24.750 59 0 1 TONIGHT'S[2]
24.750 24.875 51 4 0 THE[1]
24.875 25.250 56 9 1 NIGHT[1]
26.167 26.250 59 0 1 IT'S[1]
26.250 26.333 59 0 1 GONNA[1]
26.333 26.417 59 0 0 GONNA[2]
26.417 26.500 59 0 1 BE[1]
26.667 26.917 56 9 2 ALRIGHT[1]
27.000 27.250 51 4 1 ALRIGHT[2]
27.625 27.750 51 4 0 'CAUSE[1]
27.750 28.000 51 4 0 I[1]
28.000 28.083 49 2 1 LOVE[1]
28.083 28.167 49 2 0 YOU[1]
28.167 28.500 49 2 1 GIRL[1]
28.500 28.750 49 2 1 AIN'T[1]
28.750 29.000 51 4 1 NOBODY[1]
29.000 29.125 51 4 2 NOBODY[2]
29.125 29.250 49 2 2 NOBODY[3]
29.250 29.375 47 0 1 GONNA[1]
29.375 29.500 44 9 0 GONNA[2]
29.625 29.750 47 0 1 STOP[1]
29.750 29.875 44 9 0 US[1]
29.875 30.000 44 9 1 NOW[1]
32.125 32.250 54 7 1 COME[1]
32.250 32.375 54 7 0 ON[1]
32.375 32.625 54 7 1 ANGEL[1]
32.625 32.875 51 4 0 ANGEL[2]
32.875 33.000 51 4 0 MY[1]
33.000 33.250 56 9 1 HEARTS[1]
33.250 33.375 51 4 0 ON[1]
33.375 33.750 51 4 1 FIRE(1)[1]
34.250 34.375 51 4 1 DON'T[1]
34.375 34.500 54 7 0 DENY[1]
34.500 34.875 54 7 1 DENY[2]
34.875 35.000 51 4 0 YOUR[1]
35.000 35.250 56 9 1 MAN'S[1]
35.250 35.375 51 4 0 DESIRE(1)[1]
35.375 35.750 51 4 1 DESIRE(1)[2]
36.250 36.333 51 4 1 YOU'D[1]
36.333 36.417 54 7 1 BE[1]
36.417 36.500 56 9 0 A[1]
36.500 36.917 54 7 1 FOOL[1]
36.917 37.000 49 2 0 TO[1]
37.000 37.125 56 9 1 STOP[1]
37.125 37.375 51 4 0 THIS[1]
37.375 37.750 51 4 1 TIDE[1]
38.250 38.375 51 4 1 SPREAD[1]
38.375 38.500 54 7 0 YOUR[1]
38.500 38.625 54 7 1 WINGS[1]
38.625 38.750 51 4 0 AND[1]
38.750 38.875 54 7 1 LET[1]
38.875 39.000 51 4 0 ME[1]
39.000 39.062 56 9 1 COME[1]
39.062 39.375 56 9 2 INSIDE[1]
39.375 39.625 56 9 1 INSIDE[2]
39.625 40.000 56 9 1 CAUSE[1]
40.250 40.375 59 0 0 TONIGHT'S[1]
40.375 40.750 59 0 1 TONIGHT'S[2]
40.750 40.875 51 4 0 THE[1]
40.875 41.250 56 9 1 NIGHT[1]
42.167 42.250 59 0 1 IT'S[1]
42.250 42.333 59 0 1 GONNA[1]
42.333 42.417 59 0 0 GONNA[2]
42.417 42.500 59 0 1 BE[1]
42.667 42.917 56 9 2 ALRIGHT[1]
43.000 43.250 51 4 1 ALRIGHT[2]
43.625 43.750 51 4 0 'CAUSE[1]
43.750 44.000 51 4 0 I[1]
44.000 44.083 49 2 1 LOVE[1]
44.083 44.167 49 2 0 YOU[1]
44.167 44.500 49 2 1 GIRL[1]
44.500 44.750 49 2 1 AIN'T[1]
44.750 45.000 51 4 1 NOBODY[1]
45.000 45.125 51 4 2 NOBODY[2]
45.125 45.250 49 2 2 NOBODY[3]
45.250 45.375 47 0 1 GONNA[1]
45.375 45.500 44 9 0 GONNA[2]
45.625 45.750 47 0 1 STOP[1]
45.750 45.875 44 9 0 US[1]
45.875 46.000 44 9 1 NOW[1]
56.250 56.333 51 4 1 DON'T[1]
56.333 56.417 51 4 1 SAY[1]
56.417 56.500 51 4 0 A[1]
56.500 56.917 51 4 1 WORD[1]
56.917 57.000 42 7 0 MY[1]
57.000 57.250 49 2 1 VIRGIN[1]
57.250 57.375 49 2 0 VIRGIN[2]
57.375 57.750 51 4 1 CHILD[1]
58.167 58.333 56 9 1 JUST[1]
58.333 58.500 51 4 1 LET[1]
58.500 58.833 51 4 0 YOUR[1]
58.833 58.917 49 2 2 INHIBITIONS[1]
58.917 59.000 47 0 0 INHIBITIONS[2]
59.000 59.083 49 2 1 INHIBITIONS[3]
59.083 59.250 49 2 0 INHIBITIONS[4]
59.250 59.417 51 4 1 RUN[1]
59.417 59.750 44 9 1 WILD[1]
60.125 60.250 42 7 0 THE[1]
60.250 60.375 51 4 1 SECRET[1]
60.375 60.500 51 4 0 SECRET[2]
60.500 60.875 51 4 1 IS[1]
60.875 61.000 42 7 0 ABOUT[1]
61.000 61.125 49 2 1 ABOUT[2]
61.125 61.250 47 0 0 TO[1]
61.250 61.375 49 2 0 UNFOLD[1]
61.375 61.750 51 4 1 UNFOLD[2]
62.250 62.375 54 7 0 UPSTAIRS[1]
62.375 62.625 54 7 1 UPSTAIRS[2]
62.625 62.750 51 4 0 BEFORE[1]
62.750 62.875 54 7 1 BEFORE[2]
62.875 63.000 51 4 0 THE[1]
63.000 63.250 56 9 1 NIGHT'S[1]
63.250 63.375 56 9 1 TOO[1]
63.375 63.750 56 9 1 OLD[1]
64.250 64.375 59 0 0 TONIGHT'S[1]
64.375 64.750 59 0 1 TONIGHT'S[2]
64.750 64.875 51 4 0 THE[1]
64.875 65.250 56 9 1 NIGHT[1]
66.167 66.250 54 7 1 IT'S[1]
66.250 66.333 59 0 1 GONNA[1]
66.333 66.417 59 0 0 GONNA[2]
66.417 66.500 59 0 1 BE[1]
66.667 66.917 56 9 2 ALRIGHT[1]
67.000 67.250 51 4 1 ALRIGHT[2]
67.625 67.750 51 4 0 'CAUSE[1]
67.750 68.000 51 4 0 I[1]
68.000 68.083 49 2 1 LOVE[1]
68.083 68.167 49 2 0 YOU[1]
68.167 68.500 49 2 1 GIRL[1]
68.500 68.750 49 2 1 AIN'T[1]
68.750 69.000 51 4 1 NOBODY[1]
69.000 69.125 51 4 2 NOBODY[2]
69.125 69.250 49 2 2 NOBODY[3]
69.250 69.375 47 0 1 GONNA[1]
69.375 69.500 44 9 0 GONNA[2]
69.625 69.750 47 0 1 STOP[1]
69.750 69.875 44 9 0 US[1]
69.875 70.000 44 9 1 NOW[1]
