10.000 10.125 49 4 1 BABY[1]
10.125 10.250 52 7 0 BABY[2]
10.250 10.375 52 7 0 WHEN[1]
10.375 10.500 49 4 1 WE'RE[1]
10.500 10.750 52 7 1 GRINDING[1]
10.750 11.000 49 4 0 GRINDING[2]
11.125 11.188 52 7 0 I[1]
11.188 11.250 52 7 1 GET[1]
11.250 11.375 52 7 0 SO[1]
11.375 11.500 49 4 0 EXCITED[1]
11.500 11.750 52 7 1 EXCITED[2]
11.750 12.000 49 4 0 EXCITED[3]
12.000 12.188 49 4 1 OOH[1]
12.188 12.250 52 7 0 YOU[1]
12.250 12.375 52 7 1 KNOW[1]
12.375 12.500 52 7 0 I[1]
12.500 12.750 52 7 0 LIKE[1]
12.938 13.000 49 4 0 I[1]
13.000 13.125 52 7 1 TRY[1]
13.125 13.188 54 9 0 BUT[1]
13.188 13.375 57 0 0 I[1]
13.375 13.500 57 0 1 CAN'T[1]
13.500 13.625 59 2 1 FIGHT[1]
13.750 14.000 57 0 0 IT[1]
14.000 14.125 52 7 1 OH[1]
14.125 14.250 54 9 1 YOU'RE[1]
14.250 14.375 57 0 1 DANCING[1]
14.375 14.500 52 7 0 DANCING[2]
14.500 14.750 59 2 1 REAL[1]
14.750 15.000 57 0 1 CLOSE[1]
15.250 15.375 57 0 1 SWAYING[1]
15.375 15.500 52 7 0 SWAYING[2]
15.500 15.750 59 2 1 REAL[1]
15.750 16.000 57 0 1 SLOW[1]
16.375 16.500 52 7 1 YOU'RE[1]
16.500 16.625 52 7 1 MAKING[1]
16.625 16.750 54 9 0 MAKING[2]
16.750 16.875 57 0 0 IT[1]
16.875 17.125 61 4 1 HARD[1]
17.125 17.250 62 5 0 FOR[1]
17.250 17.750 59 2 0 ME[1]
18.000 18.125 57 0 0 ALL[1]
18.125 18.188 57 0 0 THE[1]
18.188 18.312 56 11 1 SONGS[1]
18.312 18.438 56 11 0 ON[1]
18.438 18.625 54 9 0 YOU[1]
18.625 18.688 54 9 0 REQUESTED[1]
18.688 18.812 54 9 1 REQUESTED[2]
18.812 18.938 52 7 0 REQUESTED[3]
18.938 19.000 49 4 1 YOU'RE[1]
19.000 19.125 52 7 1 DANCING[1]
19.125 19.188 49 4 0 DANCING[2]
19.188 19.375 52 7 0 LIKE[1]
19.375 19.438 49 4 1 YOU'RE[1]
19.438 19.562 54 9 1 NAKED[1]
19.562 20.000 52 7 0 NAKED[2]
20.000 20.125 49 4 1 OOH[1]
20.125 20.188 52 7 1 IT'S[1]
20.188 20.312 49 4 1 ALMOST[1]
20.312 20.438 49 4 2 ALMOST[2]
20.438 20.750 52 7 0 LIKE[1]
20.750 20.875 49 4 1 WE'RE[1]
20.875 21.062 54 9 1 SEXING[1]
21.062 21.125 56 11 0 SEXING[2]
22.000 22.188 57 0 1 YEAH[1]
22.188 22.375 56 11 1 BOO[1]
22.375 22.438 54 9 0 I[1]
22.438 22.625 54 9 0 LIKE[1]
22.625 23.000 52 7 0 IT[1]
23.000 23.062 52 7 0 NO[1]
23.062 23.188 54 9 0 I[1]
23.188 23.375 57 0 1 CAN'T[1]
23.375 23.438 54 9 0 DENY[1]
23.438 23.562 59 2 1 DENY[2]
23.562 23.750 57 0 0 IT[1]
23.875 23.938 52 7 0 BUT[1]
23.938 24.000 54 9 0 I[1]
24.000 24.125 57 0 1 KNOW[1]
24.125 24.250 57 0 0 YOU[1]
24.250 24.375 54 9 0 CAN[1]
24.375 24.625 57 0 1 TELL[1]
24.625 24.750 52 7 1 I'M[1]
24.750 24.875 52 7 0 EXCITED[1]
24.875 24.938 61 4 1 EXCITED[2]
25.062 25.250 59 2 0 EXCITED[3]
25.375 25.500 61 4 1 OH[1]
25.500 25.625 59 2 1 GIRL[1]
26.000 26.125 66 9 1 STEP[1]
26.250 26.375 64 7 1 BACK[1]
26.375 26.500 64 7 1 YOU'RE[1]
26.500 26.625 61 4 1 DANCING[1]
26.625 26.750 61 4 0 DANCING[2]
26.750 26.875 64 7 1 KIND[1]
26.875 27.000 64 7 0 OF[1]
27.000 27.125 64 7 1 CLOSE[1]
27.375 27.500 57 0 0 I[1]
27.500 27.625 61 4 1 FEEL[1]
27.625 27.750 61 4 0 A[1]
27.750 27.875 64 7 1 LITTLE[1]
27.875 28.000 64 7 0 LITTLE[2]
28.000 28.125 64 7 1 POKE[1]
28.250 28.375 62 5 1 COMING[1]
28.375 28.500 61 4 0 COMING[2]
28.500 29.000 64 7 0 THROUGH[1]
29.125 29.250 56 11 0 ON[1]
29.250 29.500 64 7 0 YOU[1]
29.875 30.000 56 11 1 NOW[1]
30.000 30.125 61 4 1 GIRL[1]
30.125 30.250 59 2 0 I[1]
30.250 30.375 59 2 1 KNOW[1]
30.375 30.500 57 0 0 YOU[1]
30.500 30.750 57 0 1 FELT[1]
30.750 30.875 54 9 0 IT[1]
30.938 31.000 52 7 0 BUT[1]
31.000 31.125 61 4 1 BOO[1]
31.125 31.188 61 4 0 YOU[1]
31.188 31.250 61 4 1 KNOW[1]
31.312 31.375 59 2 0 I[1]
31.375 31.500 59 2 1 CAN'T[1]
31.500 31.750 59 2 1 HELP[1]
31.750 32.000 57 0 0 IT[1]
32.375 32.500 52 7 0 YOU[1]
32.500 32.625 52 7 1 KNOW[1]
32.625 32.750 54 9 0 WHAT[1]
32.750 32.875 57 0 0 I[1]
32.875 33.000 62 5 1 WANNA[1]
33.250 33.375 59 2 0 WANNA[2]
33.375 33.438 61 4 1 DO[1]
34.000 34.125 49 4 1 BABY[1]
34.125 34.250 52 7 0 BABY[2]
34.250 34.375 52 7 0 WHEN[1]
34.375 34.500 49 4 1 WE'RE[1]
34.500 34.750 52 7 1 GRINDING[1]
34.750 35.000 49 4 0 GRINDING[2]
35.125 35.188 52 7 0 I[1]
35.188 35.250 52 7 1 GET[1]
35.250 35.375 52 7 0 SO[1]
35.375 35.500 49 4 0 EXCITED[1]
35.500 35.750 52 7 1 EXCITED[2]
35.750 36.000 49 4 0 EXCITED[3]
36.000 36.188 49 4 1 OOH[1]
36.188 36.250 52 7 0 YOU[1]
36.250 36.375 52 7 1 KNOW[1]
36.375 36.500 52 7 0 I[1]
36.500 36.750 52 7 0 LIKE[1]
36.938 37.000 49 4 0 I[1]
37.000 37.125 52 7 1 TRY[1]
37.125 37.188 54 9 0 BUT[1]
37.188 37.375 57 0 0 I[1]
37.375 37.500 57 0 1 CAN'T[1]
37.500 37.625 59 2 1 FIGHT[1]
37.750 38.000 57 0 0 IT[1]
38.000 38.125 52 7 1 OH[1]
38.125 38.250 54 9 1 YOU'RE[1]
38.250 38.375 57 0 1 DANCING[1]
38.375 38.500 54 9 0 DANCING[2]
38.500 38.750 59 2 1 REAL[1]
38.750 39.000 57 0 1 CLOSE[1]
39.250 39.375 57 0 1 SWAYING[1]
39.375 39.500 52 7 0 SWAYING[2]
39.500 39.750 59 2 1 REAL[1]
39.750 40.000 57 0 1 SLOW[1]
40.375 40.500 52 7 1 YOU'RE[1]
40.500 40.625 52 7 1 MAKING[1]
40.625 40.750 54 9 0 MAKING[2]
40.750 40.875 57 0 0 IT[1]
40.875 41.125 61 4 1 HARD[1]
41.125 41.250 62 5 0 FOR[1]
41.250 41.500 59 2 0 ME[1]
42.000 42.125 61 4 1 BABY[1]
42.125 42.250 59 2 0 BABY[2]
42.250 42.500 59 2 0 US[1]
42.500 42.625 57 0 1 DANCING[1]
42.625 42.750 52 7 0 DANCING[2]
42.750 42.875 54 9 0 SO[1]
42.875 42.938 57 0 1 CLOSE[1]
43.500 43.625 51 6 1 AIN'T[1]
43.625 43.750 51 6 0 A[1]
43.750 43.875 51 6 1 GOOD[1]
43.875 44.125 59 2 0 IDEA(1)[1]
44.125 44.250 57 0 1 IDEA(1)[2]
44.375 44.500 52 7 0 'CAUSE[1]
44.500 44.625 52 7 1 I'MA[1]
44.625 44.750 52 7 0 I'MA[2]
44.750 44.875 52 7 1 WANT[1]
44.875 45.000 52 7 0 YOU[1]
45.000 45.125 52 7 1 NOW[1]
45.125 45.250 52 7 0 AND[1]
45.250 45.625 61 4 1 HERE[1]
45.875 46.000 57 0 0 THE[1]
46.000 46.125 61 4 1 WAY[1]
46.250 46.375 59 2 0 THAT[1]
46.375 46.500 54 9 0 YOU[1]
46.500 46.625 59 2 1 SHAKE[1]
46.625 46.750 52 7 0 IT[1]
46.750 46.875 54 9 0 ON[1]
46.875 46.938 57 0 0 ME[1]
47.500 47.625 56 11 1 MAKES[1]
47.625 47.750 52 7 0 ME[1]
47.750 47.875 54 9 1 WANT[1]
47.875 48.000 52 7 0 YOU[1]
48.000 48.125 57 0 0 SO[1]
48.250 48.375 54 9 1 BAD[1]
48.500 48.625 57 0 1 SEXUALLY[1]
48.625 48.750 52 7 0 SEXUALLY[2]
48.750 48.875 54 9 0 SEXUALLY[3]
48.875 48.938 57 0 0 SEXUALLY[4]
49.375 49.500 61 4 1 OH[1]
49.500 49.625 59 2 1 GIRL[1]
50.000 50.125 66 9 1 STEP[1]
50.250 50.375 64 7 1 BACK[1]
50.375 50.500 64 7 1 YOU'RE[1]
50.500 50.625 61 4 1 DANCING[1]
50.625 50.750 61 4 0 DANCING[2]
50.750 50.875 64 7 1 KIND[1]
50.875 51.000 64 7 0 OF[1]
51.000 51.125 64 7 1 CLOSE[1]
51.375 51.500 57 0 0 I[1]
51.500 51.625 61 4 1 FEEL[1]
51.625 51.750 61 4 0 A[1]
51.750 51.875 64 7 1 LITTLE[1]
51.875 52.000 64 7 0 LITTLE[2]
52.000 52.125 64 7 1 POKE[1]
52.250 52.375 62 5 1 COMING[1]
52.375 52.500 61 4 0 COMING[2]
52.500 53.000 64 7 0 THROUGH[1]
53.125 53.250 57 0 0 ON[1]
53.250 53.500 64 7 0 YOU[1]
53.875 54.000 57 0 1 NOW[1]
54.000 54.125 61 4 1 GIRL[1]
54.125 54.250 59 2 0 I[1]
54.250 54.375 59 2 1 KNOW[1]
54.375 54.500 57 0 0 YOU[1]
54.500 54.750 57 0 1 FELT[1]
54.750 54.875 54 9 0 IT[1]
54.938 55.000 52 7 0 BUT[1]
55.000 55.125 61 4 1 BOO[1]
55.125 55.188 61 4 0 YOU[1]
55.188 55.250 61 4 1 KNOW[1]
55.312 55.375 59 2 0 I[1]
55.375 55.500 59 2 1 CAN'T[1]
55.500 55.750 59 2 1 HELP[1]
55.750 56.000 57 0 0 IT[1]
56.375 56.500 52 7 0 YOU[1]
56.500 56.625 52 7 1 KNOW[1]
56.625 56.750 54 9 0 WHAT[1]
56.750 56.875 57 0 0 I[1]
56.875 56.938 61 4 1 WANNA[1]
57.250 57.375 59 2 0 WANNA[2]
57.375 58.000 61 4 1 DO[1]
58.000 58.125 49 4 1 BABY[1]
58.125 58.250 52 7 0 BABY[2]
58.250 58.375 52 7 0 WHEN[1]
58.375 58.500 49 4 1 WE'RE[1]
58.500 58.750 52 7 1 GRINDING[1]
58.750 59.000 49 4 0 GRINDING[2]
59.125 59.188 52 7 0 I[1]
59.188 59.250 52 7 1 GET[1]
59.250 59.375 52 7 0 SO[1]
59.375 59.500 49 4 0 EXCITED[1]
59.500 59.750 52 7 1 EXCITED[2]
59.750 60.000 49 4 0 EXCITED[3]
60.000 60.188 49 4 1 OOH[1]
60.188 60.250 52 7 0 YOU[1]
60.250 60.375 52 7 1 KNOW[1]
60.375 60.500 52 7 0 I[1]
60.500 60.750 52 7 0 LIKE[1]
60.938 61.000 49 4 0 I[1]
61.000 61.125 52 7 1 TRY[1]
61.125 61.188 54 9 0 BUT[1]
61.188 61.375 57 0 0 I[1]
61.375 61.500 57 0 1 CAN'T[1]
61.500 61.625 59 2 1 FIGHT[1]
61.750 62.000 57 0 0 IT[1]
62.000 62.125 52 7 1 OH[1]
62.125 62.250 54 9 1 YOU'RE[1]
62.250 62.375 57 0 1 DANCING[1]
62.375 62.500 57 0 0 DANCING[2]
62.500 62.750 59 2 1 REAL[1]
62.750 63.000 57 0 1 CLOSE[1]
63.250 63.375 57 0 1 SWAYING[1]
63.375 63.500 52 7 0 SWAYING[2]
63.500 63.750 59 2 1 REAL[1]
63.750 64.000 57 0 1 SLOW[1]
64.375 64.500 52 7 1 YOU'RE[1]
64.500 64.625 52 7 1 MAKING[1]
64.625 64.750 54 9 0 MAKING[2]
64.750 64.875 57 0 0 IT[1]
64.875 65.125 61 4 1 HARD[1]
65.125 65.250 62 5 0 FOR[1]
65.250 65.750 59 2 0 ME[1]
66.000 66.125 49 4 1 BABY[1]
66.125 66.250 52 7 0 BABY[2]
66.250 66.375 52 7 0 WHEN[1]
66.375 66.500 49 4 1 WE'RE[1]
66.500 66.750 52 7 1 GRINDING[1]
66.750 67.000 49 4 0 GRINDING[2]
67.125 67.188 52 7 0 I[1]
67.188 67.250 52 7 1 GET[1]
67.250 67.375 52 7 0 SO[1]
67.375 67.500 49 4 0 EXCITED[1]
67.500 67.750 52 7 1 EXCITED[2]
67.750 68.000 49 4 0 EXCITED[3]
68.000 68.188 49 4 1 OOH[1]
68.188 68.250 52 7 0 YOU[1]
68.250 68.375 52 7 1 KNOW[1]
68.375 68.500 52 7 0 I[1]
68.500 68.750 52 7 0 LIKE[1]
68.938 69.000 49 4 0 I[1]
69.000 69.125 52 7 1 TRY[1]
69.125 69.188 54 9 0 BUT[1]
69.188 69.375 57 0 0 I[1]
69.375 69.500 57 0 1 CAN'T[1]
69.500 69.625 59 2 1 FIGHT[1]
69.750 70.000 57 0 0 IT[1]
70.000 70.125 52 7 1 OH[1]
70.125 70.250 54 9 1 YOU'RE[1]
70.250 70.375 57 0 1 DANCING[1]
70.375 70.500 54 9 0 DANCING[2]
70.500 70.750 59 2 1 REAL[1]
70.750 71.000 57 0 1 CLOSE[1]
71.250 71.375 57 0 1 SWAYING[1]
71.375 71.500 52 7 0 SWAYING[2]
71.500 71.750 59 2 1 REAL[1]
71.750 72.000 57 0 1 SLOW[1]
72.375 72.500 52 7 1 YOU'RE[1]
72.500 72.625 52 7 1 MAKING[1]
72.625 72.750 54 9 0 MAKING[2]
72.750 72.875 57 0 0 IT[1]
72.875 73.125 61 4 1 HARD[1]
73.125 73.250 62 5 0 FOR[1]
73.250 73.750 59 2 0 ME[1]
73.875 74.000 52 7 0 I[1]
74.000 74.125 49 4 1 LOVE[1]
74.125 74.250 52 7 0 WHEN[1]
74.250 74.375 49 4 0 YOU[1]
74.375 74.500 52 7 1 SHAKE[1]
74.500 74.625 49 4 0 IT[1]
74.625 74.750 52 7 0 LIKE[1]
74.875 75.000 52 7 0 THAT[1]
75.875 76.000 57 0 0 I[1]
76.000 76.125 61 4 1 SEE[1]
76.125 76.250 64 7 0 THAT[1]
76.250 76.375 61 4 0 YOU[1]
76.375 76.500 64 7 0 LIKE[1]
76.500 76.625 61 4 0 IT[1]
76.625 76.750 66 9 0 LIKE[1]
76.875 77.000 64 7 0 THAT[1]
77.875 78.000 45 0 0 I[1]
78.000 78.125 49 4 1 LOVE[1]
78.125 78.250 52 7 0 WHEN[1]
78.250 78.375 49 4 0 YOU[1]
78.375 78.500 52 7 1 SHAKE[1]
78.500 78.625 49 4 0 IT[1]
78.625 78.750 52 7 0 LIKE[1]
78.875 79.000 52 7 0 THAT[1]
79.875 80.000 57 0 0 I[1]
80.000 80.125 61 4 1 SEE[1]
80.125 80.250 64 7 0 THAT[1]
80.250 80.375 61 4 0 YOU[1]
80.375 80.500 64 7 0 LIKE[1]
80.500 80.625 61 4 0 IT[1]
80.625 80.750 66 9 0 LIKE[1]
80.875 82.000 64 7 0 THAT[1]
82.000 82.125 49 4 1 BABY[1]
82.125 82.250 52 7 0 BABY[2]
82.250 82.375 52 7 0 WHEN[1]
82.375 82.500 49 4 1 WE'RE[1]
82.500 82.750 52 7 1 GRINDING[1]
82.750 83.000 49 4 0 GRINDING[2]
83.125 83.188 52 7 0 I[1]
83.188 83.250 52 7 1 GET[1]
83.250 83.375 52 7 0 SO[1]
83.375 83.500 49 4 0 EXCITED[1]
83.500 83.750 52 7 1 EXCITED[2]
83.750 84.000 49 4 0 EXCITED[3]
84.000 84.188 49 4 1 OOH[1]
84.188 84.250 52 7 0 YOU[1]
84.250 84.375 52 7 1 KNOW[1]
84.375 84.500 52 7 0 I[1]
84.500 84.750 52 7 0 LIKE[1]
84.938 85.000 49 4 0 I[1]
85.000 85.125 52 7 1 TRY[1]
85.125 85.188 54 9 0 BUT[1]
85.188 85.375 57 0 0 I[1]
85.375 85.500 57 0 1 CAN'T[1]
85.500 85.625 59 2 1 FIGHT[1]
85.750 86.000 57 0 0 IT[1]
86.000 86.125 52 7 1 OH[1]
86.125 86.250 54 9 1 YOU'RE[1]
86.250 86.375 57 0 1 DANCING[1]
86.375 86.500 54 9 0 DANCING[2]
86.500 86.750 59 2 1 REAL[1]
86.750 87.000 57 0 1 CLOSE[1]
87.250 87.375 57 0 1 SWAYING[1]
87.375 87.500 52 7 0 SWAYING[2]
87.500 87.750 59 2 1 REAL[1]
87.750 88.000 57 0 1 SLOW[1]
88.375 88.500 52 7 1 YOU'RE[1]
88.500 88.625 52 7 1 MAKING[1]
88.625 88.750 54 9 0 MAKING[2]
88.750 88.875 57 0 0 IT[1]
88.875 89.125 61 4 1 HARD[1]
89.125 89.250 62 5 0 FOR[1]
89.250 89.750 59 2 0 ME[1]
90.000 90.125 49 4 1 BABY[1]
90.125 90.250 52 7 0 BABY[2]
90.250 90.375 52 7 0 WHEN[1]
90.375 90.500 49 4 1 WE'RE[1]
90.500 90.750 52 7 1 GRINDING[1]
90.750 91.000 49 4 0 GRINDING[2]
91.125 91.188 52 7 0 I[1]
91.188 91.250 52 7 1 GET[1]
91.250 91.375 52 7 0 SO[1]
91.375 91.500 49 4 0 EXCITED[1]
91.500 91.750 52 7 1 EXCITED[2]
91.750 92.000 49 4 0 EXCITED[3]
92.000 92.188 49 4 1 OOH[1]
92.188 92.250 52 7 0 YOU[1]
92.250 92.375 52 7 1 KNOW[1]
92.375 92.500 52 7 0 I[1]
92.500 92.750 52 7 0 LIKE[1]
92.938 93.000 49 4 0 I[1]
93.000 93.125 52 7 1 TRY[1]
93.125 93.188 54 9 0 BUT[1]
93.188 93.375 57 0 0 I[1]
93.375 93.500 57 0 1 CAN'T[1]
93.500 93.625 59 2 1 FIGHT[1]
93.750 94.000 57 0 0 IT[1]
94.000 94.125 52 7 1 OH[1]
94.125 94.250 54 9 1 YOU'RE[1]
94.250 94.375 57 0 1 DANCING[1]
94.375 94.500 54 9 0 DANCING[2]
94.500 94.750 59 2 1 REAL[1]
94.750 95.000 57 0 1 CLOSE[1]
95.250 95.375 57 0 1 SWAYING[1]
95.375 95.500 52 7 0 SWAYING[2]
95.500 95.750 59 2 1 REAL[1]
95.750 96.000 57 0 1 SLOW[1]
96.375 96.500 52 7 1 YOU'RE[1]
96.500 96.625 52 7 1 MAKING[1]
96.625 96.750 54 9 0 MAKING[2]
96.750 96.875 57 0 0 IT[1]
96.875 97.125 61 4 1 HARD[1]
97.125 97.250 62 5 0 FOR[1]
97.250 97.750 59 2 0 ME[1]
