0.125 0.250 60 0 0 I[1]
0.250 0.375 60 0 1 COULDN'T[1]
0.375 0.500 60 0 0 COULDN'T[2]
0.500 0.562 60 0 1 SLEEP[1]
0.562 0.625 57 9 0 AT[1]
0.625 0.875 62 2 0 ALL[1]
0.875 1.125 57 9 1 LAST[1]
1.125 1.375 55 7 1 NIGHT[1]
2.250 2.375 64 4 1 GOT[1]
2.375 2.500 67 7 0 TO[1]
2.500 2.625 67 7 1 THINKIN'[1]
2.625 2.750 65 5 0 THINKIN'[2]
2.750 2.875 63 3 0 OF[1]
3.000 3.125 60 0 0 YOU[1]
4.250 4.375 48 0 1 BABY[1]
4.375 4.500 48 0 0 BABY[2]
4.500 4.750 52 4 1 THINGS[1]
4.750 4.875 53 5 1 WEREN'T(1)[1]
5.000 5.375 55 7 1 RIGHT[1]
6.250 6.375 65 5 1 WELL[1]
6.375 6.625 65 5 0 I[1]
6.625 7.000 67 7 1 WAS[1]
7.000 7.125 60 0 1 TOSSIN'[1]
7.500 7.625 60 0 0 TOSSIN'[2]
7.625 7.750 64 4 0 AND[1]
8.000 8.125 62 2 1 TURNIN'[1]
8.375 8.750 60 0 0 TURNIN'[2]
9.000 9.125 60 0 1 TURNIN'[1]
9.500 9.625 60 0 0 TURNIN'[2]
9.625 9.750 60 0 0 AND[1]
10.000 10.125 57 9 1 TOSSIN'[1]
10.375 10.750 60 0 0 TOSSIN'[2]
10.875 11.000 55 7 0 A[1]
11.000 11.250 60 0 1 TOSSIN'[1]
11.250 11.375 60 0 0 TOSSIN'[2]
11.375 11.500 60 0 0 AND[1]
11.500 11.562 57 9 1 TURNIN'[1]
11.562 11.625 60 0 0 TURNIN'[2]
11.625 11.875 60 0 0 ALL[1]
11.875 11.938 60 0 1 NIGHT[1]
12.125 12.250 60 0 0 I[1]
12.250 12.312 60 0 1 KICKED[1]
12.312 12.375 60 0 0 THE[1]
12.375 12.625 60 0 1 BLANKETS[1]
12.625 12.750 55 7 0 BLANKETS[2]
12.750 12.875 60 0 0 ON[1]
12.875 13.000 60 0 0 THE[1]
13.000 13.062 60 0 1 FLOOR[1]
13.875 14.000 62 2 1 TURNED[1]
14.125 14.375 67 7 0 MY[1]
14.375 14.438 63 3 1 PILLOW[1]
14.438 14.625 62 2 0 PILLOW[2]
14.625 14.812 60 0 1 UPSIDE[1]
14.812 15.000 60 0 1 UPSIDE[2]
15.000 15.125 57 9 0 DOWN[1]
16.125 16.250 60 0 0 I[1]
16.250 16.375 60 0 1 NEVER[1]
16.375 16.438 57 9 0 NEVER[2]
16.438 16.562 60 0 1 NEVER[1]
16.562 16.688 60 0 0 NEVER[2]
16.688 16.875 62 2 1 DID[1]
16.875 17.000 60 0 0 BEFORE[1]
17.000 17.125 58 10 1 BEFORE[2]
18.250 18.375 65 5 0 'CAUSE[1]
18.375 18.625 65 5 0 I[1]
18.625 19.000 67 7 1 WAS[1]
19.000 19.125 60 0 1 TOSSIN'[1]
19.500 19.625 60 0 0 TOSSIN'[2]
19.625 19.750 60 0 0 AND[1]
20.000 20.250 57 9 1 TURNIN'[1]
20.375 20.750 60 0 0 TURNIN'[2]
21.000 21.250 60 0 1 TURNIN'[1]
21.500 21.625 60 0 0 TURNIN'[2]
21.625 21.750 64 4 0 AND[1]
22.000 22.125 62 2 1 TOSSIN'[1]
22.375 22.750 60 0 0 TOSSIN'[2]
22.875 23.000 53 5 0 A[1]
23.000 23.250 60 0 1 TOSSIN'[1]
23.250 23.375 60 0 0 TOSSIN'[2]
23.375 23.500 60 0 0 AND[1]
23.500 23.562 57 9 1 TURNIN'[1]
23.562 23.625 60 0 0 TURNIN'[2]
23.625 24.000 60 0 0 ALL[1]
24.000 24.250 60 0 1 NIGHT[1]
25.125 25.250 60 0 1 JUMPED[1]
25.250 25.312 60 0 0 OUT[1]
25.312 25.438 57 9 0 OF[1]
25.438 25.500 60 0 1 BED[1]
26.125 26.250 62 2 1 TURNED[1]
26.250 26.375 60 0 0 ON[1]
26.375 26.500 57 9 0 THE[1]
26.500 26.625 60 0 1 LIGHT[1]
26.875 27.000 53 5 0 I[1]
27.000 27.125 60 0 1 PULLED[1]
27.125 27.375 60 0 0 DOWN[1]
27.375 27.500 60 0 0 THE[1]
27.500 27.625 60 0 1 SHADE[1]
27.625 27.750 60 0 1 WENT[1]
27.750 27.833 60 0 0 TO[1]
27.833 27.917 60 0 0 THE[1]
27.917 28.000 60 0 1 KITCHEN[1]
28.000 28.250 60 0 0 KITCHEN[2]
28.250 28.375 60 0 0 FOR[1]
28.375 28.438 60 0 0 A[1]
28.438 28.500 57 9 1 BITE[1]
29.125 29.250 60 0 1 ROLLED[1]
29.250 29.375 60 0 0 UP[1]
29.375 29.500 57 9 0 THE[1]
29.500 29.750 62 2 1 SHADE[1]
30.000 30.125 63 3 1 TURNED[1]
30.125 30.250 62 2 0 OFF[1]
30.250 30.375 60 0 0 THE[1]
30.375 30.500 60 0 1 LIGHT[1]
30.875 31.000 55 7 0 I[1]
31.000 31.125 64 4 1 JUMPED[1]
31.125 31.250 62 2 1 BACK[1]
31.250 31.375 62 2 1 INTO[1]
31.375 31.500 62 2 0 INTO[2]
31.500 31.625 62 2 1 BED[1]
31.625 31.750 62 2 0 IT[1]
31.750 31.938 62 2 1 WAS[1]
31.938 32.000 60 0 0 THE[1]
32.000 32.062 60 0 1 MIDDLE[1]
32.062 32.188 60 0 0 MIDDLE[2]
32.188 32.375 60 0 0 OF[1]
32.375 32.500 62 2 0 THE[1]
32.500 32.625 62 2 1 NIGHT[1]
34.125 34.250 60 0 0 THE[1]
34.250 34.375 60 0 1 CLOCK[1]
34.375 34.500 60 0 1 DOWNSTAIRS[1]
34.500 34.625 60 0 1 DOWNSTAIRS[2]
34.625 34.750 57 9 1 WAS[1]
34.750 34.875 60 0 1 STRIKIN'[1]
34.875 35.000 57 9 0 STRIKIN'[2]
35.000 35.125 60 0 1 FOUR[1]
36.125 36.250 67 7 1 COULDN'T[1]
36.250 36.375 67 7 0 COULDN'T[2]
36.375 36.625 67 7 1 GET[1]
36.625 36.750 64 4 0 YOU[1]
36.750 36.875 62 2 0 OFF[1]
36.875 37.000 60 0 0 MY[1]
37.000 37.125 60 0 1 MIND[1]
38.125 38.250 60 0 0 I[1]
38.250 38.375 60 0 1 HEARD[1]
38.375 38.500 57 9 0 THE[1]
38.500 38.625 60 0 1 MILKMAN[1]
38.625 38.750 60 0 2 MILKMAN[2]
38.750 38.875 62 2 0 AT[1]
38.875 39.000 60 0 0 THE[1]
39.000 39.125 57 9 1 DOOR[1]
40.125 40.375 65 5 0 'CAUSE[1]
40.375 40.625 65 5 0 I[1]
40.625 40.750 63 3 1 WAS[1]
41.000 41.125 60 0 1 TOSSIN'[1]
41.500 41.625 60 0 0 TOSSIN'[2]
41.625 41.750 64 4 0 AND[1]
42.000 42.375 62 2 1 TURNIN'[1]
42.375 42.625 60 0 0 TURNIN'[2]
43.000 43.125 60 0 1 TURNIN'[1]
43.500 43.625 60 0 0 TURNIN'[2]
43.625 43.750 64 4 0 AND[1]
44.000 44.250 62 2 1 TOSSIN'[1]
44.375 44.750 60 0 0 TOSSIN'[2]
44.875 45.000 55 7 0 A[1]
45.000 45.250 60 0 1 TOSSIN'[1]
45.250 45.375 60 0 0 TOSSIN'[2]
45.375 45.500 60 0 0 AND[1]
45.500 45.562 57 9 1 TURNIN'[1]
45.562 45.625 60 0 0 TURNIN'[2]
45.625 46.000 60 0 0 ALL[1]
46.000 46.250 60 0 1 NIGHT[1]
55.125 55.250 67 7 1 JUMPED[1]
55.250 55.375 64 4 0 OUT[1]
55.375 55.500 62 2 0 OF[1]
55.500 55.750 60 0 1 BED[1]
56.125 56.250 67 7 1 TURNED[1]
56.250 56.375 67 7 0 ON[1]
56.375 56.500 64 4 0 THE[1]
56.500 56.625 67 7 1 LIGHT[1]
56.875 57.000 60 0 0 I[1]
57.000 57.125 64 4 1 PULLED[1]
57.125 57.375 64 4 0 DOWN[1]
57.375 57.500 64 4 0 THE[1]
57.500 57.625 67 7 1 SHADE[1]
57.625 57.750 67 7 1 WENT[1]
57.750 57.833 67 7 0 TO[1]
57.833 57.917 67 7 0 THE[1]
57.917 58.000 69 9 1 KITCHEN[1]
58.000 58.250 67 7 0 KITCHEN[2]
58.250 58.375 67 7 0 FOR[1]
58.375 58.438 67 7 0 A[1]
58.438 58.750 60 0 1 BITE[1]
59.125 59.250 67 7 1 ROLLED[1]
59.250 59.375 67 7 0 UP[1]
59.375 59.500 64 4 0 THE[1]
59.500 59.750 65 5 1 SHADE[1]
60.000 60.250 63 3 1 TURNED[1]
60.250 60.375 62 2 0 OFF[1]
60.375 60.500 60 0 0 THE[1]
60.500 60.625 60 0 1 LIGHT[1]
60.875 61.000 53 5 0 I[1]
61.000 61.125 63 3 1 JUMPED[1]
61.125 61.250 62 2 1 BACK[1]
61.250 61.375 62 2 1 INTO[1]
61.375 61.500 62 2 0 INTO[2]
61.500 61.625 62 2 1 BED[1]
61.625 61.750 62 2 0 IT[1]
61.750 61.875 62 2 1 WAS[1]
61.875 62.000 62 2 0 THE[1]
62.000 62.062 62 2 1 MIDDLE[1]
62.062 62.188 62 2 0 MIDDLE[2]
62.188 62.375 62 2 0 OF[1]
62.375 62.500 64 4 0 THE[1]
62.500 62.625 64 4 1 NIGHT[1]
64.125 64.250 60 0 0 THE[1]
64.250 64.375 60 0 1 CLOCK[1]
64.375 64.500 60 0 1 DOWNSTAIRS[1]
64.500 64.625 60 0 1 DOWNSTAIRS[2]
64.625 64.750 57 9 1 WAS[1]
64.750 64.875 60 0 1 STRIKIN'[1]
64.875 65.000 62 2 0 STRIKIN'[2]
65.000 65.125 62 2 1 FOUR[1]
66.125 66.250 57 9 0 I[1]
66.250 66.375 67 7 1 COULDN'T[1]
66.375 66.500 67 7 0 COULDN'T[2]
66.500 66.625 67 7 1 GET[1]
66.625 66.750 64 4 0 YOU[1]
66.750 66.875 62 2 0 OFF[1]
66.875 67.000 60 0 0 MY[1]
67.000 67.083 60 0 1 MIND[1]
68.125 68.250 60 0 0 I[1]
68.250 68.375 60 0 1 HEARD[1]
68.375 68.438 57 9 0 THE[1]
68.438 68.562 60 0 1 MILKMAN[1]
68.562 68.750 60 0 2 MILKMAN[2]
68.750 68.875 62 2 0 AT[1]
68.875 69.000 60 0 0 THE[1]
69.000 69.125 57 9 1 DOOR[1]
70.250 70.375 53 5 0 'CAUSE[1]
70.375 70.625 53 5 0 I[1]
70.625 71.000 55 7 1 WAS[1]
71.000 71.125 60 0 1 TOSSIN'[1]
71.500 71.625 60 0 0 TOSSIN'[2]
71.625 71.750 60 0 0 AND[1]
72.000 72.125 57 9 1 TURNIN'[1]
72.375 72.750 60 0 0 TURNIN'[2]
