3.875 4.000 57 7 0 A[1]
4.000 4.125 59 9 1 FRIEND[1]
4.125 4.250 62 0 0 OF[1]
4.250 4.375 61 11 0 MINE[1]
4.375 4.500 57 7 0 A[1]
4.500 4.625 59 9 2 PATRIOTIC[1]
4.625 4.750 62 0 0 PATRIOTIC[2]
4.750 4.875 61 11 1 PATRIOTIC[3]
4.875 5.000 57 7 0 PATRIOTIC[4]
5.000 5.250 54 4 1 FRIEND[1]
5.875 6.000 57 7 0 HE[1]
6.000 6.125 59 9 1 LOVED[1]
6.125 6.250 62 0 0 TO[1]
6.250 6.375 61 11 1 PLAY[1]
6.375 6.500 57 7 0 A[1]
6.500 6.625 59 9 2 PATRIOTIC[1]
6.625 6.750 62 0 0 PATRIOTIC[2]
6.750 6.875 61 11 1 PATRIOTIC[3]
6.875 7.000 57 7 0 PATRIOTIC[4]
7.000 7.250 55 5 1 PRANK[1]
7.875 8.000 60 10 0 HE[1]
8.000 8.125 61 11 1 USED[1]
8.125 8.250 61 11 0 TO[1]
8.250 8.375 61 11 1 REALLY[1]
8.375 8.500 57 7 0 REALLY[2]
8.500 8.750 57 7 1 RAVE[1]
8.875 9.000 57 7 0 A[1]
9.000 9.125 59 9 1 FLAG[1]
9.125 9.250 59 9 0 HE[1]
9.250 9.375 59 9 1 USED[1]
9.375 9.500 57 7 0 TO[1]
9.500 9.750 59 9 1 WAVE[1]
9.875 10.000 59 9 0 BECAUSE[1]
10.000 10.125 61 11 1 BECAUSE[2]
10.125 10.250 59 9 0 HE[1]
10.250 10.375 57 7 1 HAD[1]
10.375 10.500 61 11 0 SOME[1]
10.500 10.562 59 9 1 MONEY[1]
10.562 10.750 57 7 0 MONEY[2]
10.750 10.875 59 9 0 IN[1]
10.875 11.000 61 11 0 THE[1]
11.000 11.250 57 7 1 BANK[1]
11.875 12.000 61 11 0 HE[1]
12.000 12.125 59 9 1 TRAVELED[1]
12.125 12.250 62 0 0 TRAVELED[2]
12.250 12.375 61 11 1 'ROUND[1]
12.375 12.500 57 7 0 THE[1]
12.500 12.625 59 9 1 WORLD[1]
12.625 12.750 62 0 0 AND[1]
12.750 12.875 61 11 1 SPENT[1]
12.875 13.000 57 7 0 HIS[1]
13.000 13.250 54 4 1 COIN[1]
13.875 14.000 57 7 0 AND[1]
14.000 14.125 59 9 1 LANDED[1]
14.125 14.250 62 0 0 LANDED[2]
14.250 14.375 61 11 1 BACK[1]
14.375 14.500 57 7 1 HERE[1]
14.500 14.625 59 9 0 IN[1]
14.625 14.750 62 0 0 THE[1]
14.750 14.875 61 11 1 TENDERLOIN[1]
14.875 15.000 59 9 0 TENDERLOIN[2]
15.000 15.250 55 5 2 TENDERLOIN[3]
15.875 16.000 60 10 0 WITHOUT[1]
16.000 16.125 61 11 1 WITHOUT[2]
16.125 16.250 59 9 0 A[1]
16.250 16.375 61 11 1 SINGLE[1]
16.375 16.500 57 7 0 SINGLE[2]
16.500 16.875 57 7 1 SUE[1]
16.875 17.000 57 7 0 A[1]
17.000 17.125 62 0 1 SONG[1]
17.125 17.250 61 11 0 I[1]
17.250 17.375 59 9 1 SING[1]
17.375 17.500 57 7 0 TO[1]
17.500 17.875 59 9 0 YOU[1]
17.875 18.000 59 9 0 THE[1]
18.000 18.125 61 11 1 CHORUS[1]
18.125 18.250 59 9 0 CHORUS[2]
18.250 18.375 57 7 0 THAT[1]
18.375 18.500 61 11 0 HE[1]
18.500 18.625 59 9 1 WROTE[1]
18.625 18.750 57 7 0 I[1]
18.750 18.875 59 9 1 KNOW[1]
18.875 19.000 61 11 1 YOU'LL[1]
19.000 19.500 57 7 1 JOIN[1]
20.000 20.250 62 0 1 MAKES[1]
20.250 20.500 62 0 0 NO[1]
20.500 20.625 62 0 1 DIFFERENCE(1)[1]
20.625 20.750 61 11 0 DIFFERENCE(1)[2]
20.750 20.875 59 9 0 IF[1]
20.875 21.000 57 7 1 YOU'RE[1]
21.000 21.250 59 9 1 YANKEE[1]
21.250 21.500 61 11 0 YANKEE[2]
21.500 21.750 59 9 1 ENGLISH[1]
21.750 22.000 61 11 0 ENGLISH[2]
22.000 22.250 59 9 1 IRISH[1]
22.250 22.500 61 11 0 IRISH[2]
22.500 22.750 59 9 1 SCOTCH[1]
22.750 23.000 61 11 0 OR[1]
23.000 23.250 54 4 1 DUTCH[1]
23.750 23.875 59 9 0 IF[1]
23.875 24.000 58 8 0 YOU[1]
24.000 24.250 57 7 1 BANK[1]
24.250 24.500 57 7 1 CHECK'S[1]
24.500 24.750 57 7 1 THERE[1]
24.750 24.875 57 7 0 AND[1]
24.875 25.000 57 7 1 IT'S[1]
25.000 25.250 59 9 0 ON[1]
25.250 25.375 59 9 0 THE[1]
25.375 25.750 59 9 1 SQUARE[1]
25.875 26.000 62 0 0 YOU[1]
26.000 26.250 59 9 1 NEEDN'T[1]
26.250 26.500 59 9 0 NEEDN'T[2]
26.500 26.750 59 9 1 CARE[1]
26.750 26.875 61 11 0 IF[1]
26.875 27.000 62 0 1 YOU'RE[1]
27.000 27.250 61 11 1 HERE[1]
27.250 27.375 60 10 0 OR[1]
27.375 27.750 61 11 1 THERE[1]
27.750 27.875 61 11 0 WHEN[1]
27.875 28.000 59 9 1 YOU'RE[1]
28.000 28.250 64 2 1 RICH[1]
28.250 28.375 61 11 1 YOU'RE[1]
28.375 28.500 59 9 0 THE[1]
28.500 28.750 61 11 1 SMOKE[1]
28.750 28.875 59 9 0 WHEN[1]
28.875 29.000 57 7 1 YOU'RE[1]
29.000 29.250 61 11 1 BROKE[1]
29.250 29.375 57 7 1 IT'S[1]
29.375 29.500 55 5 0 A[1]
29.500 29.750 52 2 1 JOKE[1]
29.750 29.875 47 9 1 IT'S[1]
29.875 30.000 46 8 0 THE[1]
30.000 30.125 47 9 1 MAN[1]
30.125 30.250 46 8 0 BEHIND[1]
30.250 30.375 47 9 1 BEHIND[2]
30.375 30.500 49 11 0 THE[1]
30.500 30.625 50 0 1 DOUGH[1]
30.625 30.750 47 9 0 THAT[1]
30.750 30.875 49 11 1 GETS[1]
30.875 31.000 50 0 0 THE[1]
31.000 31.500 49 11 1 CALL[1]
31.750 31.875 45 7 0 WITH[1]
31.875 32.000 45 7 0 A[1]
32.000 32.125 50 0 1 GOOD[1]
32.125 32.250 49 11 0 SUPPLY[1]
32.250 32.375 52 2 1 SUPPLY[2]
32.375 32.500 50 0 0 OF[1]
32.500 32.625 49 11 1 MONEY[1]
32.625 32.750 47 9 0 MONEY[2]
32.750 32.875 46 8 1 EVERYTHING[1]
32.875 33.000 47 9 0 EVERYTHING[2]
33.000 33.125 49 11 2 EVERYTHING[3]
33.125 33.250 48 10 1 IS[1]
33.250 33.375 50 0 1 SILK[1]
33.375 33.500 49 11 0 AND[1]
33.500 33.625 47 9 1 HONEY[1]
33.625 33.750 45 7 0 HONEY[2]
33.750 33.875 44 6 1 UNDER[1]
33.875 34.000 45 7 0 UNDER[2]
34.000 34.062 47 9 1 ANY[1]
34.062 34.125 50 0 0 ANY[2]
34.125 34.500 47 9 1 OLD[1]
34.500 34.750 50 0 1 FLAG[1]
34.750 34.875 52 2 0 AT[1]
34.875 35.500 50 0 0 ALL[1]
37.875 38.000 45 7 0 THEY[1]
38.000 38.125 47 9 1 NEVER[1]
38.125 38.250 50 0 0 NEVER[2]
38.250 38.375 49 11 1 ASK[1]
38.375 38.500 45 7 0 YOUR[1]
38.500 38.625 47 9 1 NAME[1]
38.625 38.750 50 0 0 AROUND[1]
38.750 38.875 49 11 1 AROUND[2]
38.875 39.000 45 7 0 THE[1]
39.000 39.250 42 4 1 EARTH[1]
39.875 40.000 45 7 0 THEY[1]
40.000 40.125 47 9 1 ONLY[1]
40.125 40.250 50 0 0 ONLY[2]
40.250 40.375 49 11 1 ASK[1]
40.375 40.500 45 7 0 YOU[1]
40.500 40.625 47 9 1 JUST[1]
40.625 40.750 50 0 1 HOW[1]
40.750 40.875 49 11 0 MUCH[1]
40.875 41.000 47 9 1 YOU'RE[1]
41.000 41.250 43 5 1 WORTH[1]
41.875 42.000 43 5 1 THEY'LL[1]
42.000 42.125 42 4 1 JOLLY[1]
42.125 42.250 41 3 0 JOLLY[2]
42.250 42.375 40 2 0 YOU[1]
42.375 42.500 40 2 0 ALONG[1]
42.500 42.750 45 7 1 ALONG[2]
42.875 43.000 45 7 0 AND[1]
43.000 43.125 50 0 1 SING[1]
43.125 43.250 49 11 0 YOUR[1]
43.250 43.375 45 7 1 NATIVE[1]
43.375 43.500 42 4 0 NATIVE[2]
43.500 43.750 47 9 1 SONG[1]
43.875 44.000 47 9 0 AND[1]
44.000 44.125 49 11 1 GLADLY[1]
44.125 44.250 47 9 0 GLADLY[2]
44.250 44.375 45 7 1 CHEER[1]
44.375 44.438 49 11 0 THE[1]
44.438 44.625 47 9 1 LAND[1]
44.625 44.750 45 7 0 THAT[1]
44.750 44.875 47 9 1 GAVE[1]
44.875 45.000 49 11 0 YOU[1]
45.000 45.375 45 7 1 BIRTH[1]
45.750 45.875 45 7 0 IF[1]
45.875 46.000 45 7 0 YOU[1]
46.000 46.125 47 9 1 WANT[1]
46.125 46.250 50 0 0 TO[1]
46.250 46.375 49 11 1 BE[1]
46.375 46.500 45 7 0 A[1]
46.500 46.625 47 9 1 HERO[1]
46.625 46.750 50 0 0 HERO[2]
46.750 46.875 49 11 1 BOLD[1]
46.875 47.000 45 7 0 AND[1]
47.000 47.250 42 4 1 BRAVE[1]
47.875 48.000 45 7 0 AND[1]
48.000 48.125 47 9 1 AWFUL[1]
48.125 48.250 50 0 0 AWFUL[2]
48.250 48.375 49 11 1 LOT[1]
48.375 48.500 45 7 0 OF[1]
48.500 48.625 47 9 1 TROUBLE[1]
48.625 48.750 50 0 0 TROUBLE[2]
48.750 48.875 49 11 0 YOU[1]
48.875 49.000 47 9 0 CAN[1]
49.000 49.250 43 5 0 SAVE[1]
49.750 49.875 49 11 0 IF[1]
49.875 50.000 48 10 1 YOU'LL[1]
50.000 50.125 47 9 1 TAKE[1]
50.125 50.250 45 7 0 A[1]
50.250 50.375 45 7 1 TIP[1]
50.375 50.500 45 7 0 FROM[1]
50.500 50.875 45 7 0 ME[1]
50.875 51.000 46 8 0 WHERE'ER[1]
51.000 51.125 47 9 1 WHERE'ER[2]
51.125 51.250 47 9 0 YOU[1]
51.250 51.375 47 9 1 CHANCE[1]
51.375 51.500 46 8 0 TO[1]
51.500 51.875 47 9 1 BE[1]
51.875 52.000 44 6 0 A[1]
52.000 52.125 52 2 1 FOUNTAIN[1]
52.125 52.250 50 0 0 FOUNTAIN[2]
52.250 52.438 47 9 1 PEN'S[1]
52.438 52.500 49 11 0 THE[1]
52.500 52.625 47 9 1 ONLY[1]
52.625 52.750 45 7 0 ONLY[2]
52.750 52.875 47 9 1 THING[1]
52.875 53.000 49 11 0 TO[1]
53.000 53.500 45 7 1 WAVE[1]
54.000 54.250 50 0 1 MAKES[1]
54.250 54.500 50 0 0 NO[1]
54.500 54.625 50 0 1 DIFFERENCE(1)[1]
54.625 54.750 49 11 0 DIFFERENCE(1)[2]
54.750 54.875 47 9 0 IF[1]
54.875 55.000 45 7 1 YOU'RE[1]
55.000 55.250 47 9 1 YANKEE[1]
55.250 55.500 49 11 0 YANKEE[2]
55.500 55.750 47 9 1 ENGLISH[1]
55.750 56.000 49 11 0 ENGLISH[2]
56.000 56.250 47 9 1 IRISH[1]
56.250 56.500 49 11 0 IRISH[2]
56.500 56.750 47 9 1 SCOTCH[1]
56.750 57.000 49 11 0 OR[1]
57.000 57.250 42 4 1 DUTCH[1]
57.750 57.875 47 9 0 IF[1]
57.875 58.000 46 8 0 YOU[1]
58.000 58.250 45 7 1 BANK[1]
58.250 58.500 45 7 1 CHECK'S[1]
58.500 58.750 45 7 1 THERE[1]
58.750 58.875 45 7 0 AND[1]
58.875 59.000 45 7 1 IT'S[1]
59.000 59.250 47 9 0 ON[1]
59.250 59.375 47 9 0 THE[1]
59.375 59.750 47 9 1 SQUARE[1]
59.875 60.000 50 0 0 YOU[1]
60.000 60.250 47 9 1 NEEDN'T[1]
60.250 60.500 47 9 0 NEEDN'T[2]
60.500 60.750 47 9 1 CARE[1]
60.750 60.875 49 11 0 IF[1]
60.875 61.000 50 0 1 YOU'RE[1]
61.000 61.250 49 11 1 HERE[1]
61.250 61.500 48 10 0 OR[1]
61.500 61.750 49 11 1 THERE[1]
61.750 61.875 49 11 0 WHEN[1]
61.875 62.000 47 9 1 YOU'RE[1]
62.000 62.250 52 2 1 RICH[1]
62.250 62.375 49 11 1 YOU'RE[1]
62.375 62.500 47 9 0 THE[1]
62.500 62.750 50 0 1 SMOKE[1]
62.750 62.875 47 9 0 WHEN[1]
62.875 63.000 45 7 1 YOU'RE[1]
63.000 63.250 49 11 1 BROKE[1]
63.250 63.375 45 7 1 IT'S[1]
63.375 63.500 43 5 0 A[1]
63.500 63.750 40 2 1 JOKE[1]
63.750 63.875 35 9 1 IT'S[1]
63.875 63.938 34 8 0 THE[1]
63.938 64.125 35 9 1 MAN[1]
64.125 64.250 34 8 0 BEHIND[1]
64.250 64.375 35 9 1 BEHIND[2]
64.375 64.438 37 11 0 THE[1]
64.438 64.625 38 0 1 DOUGH[1]
64.625 64.750 35 9 0 THAT[1]
64.750 64.875 34 8 1 GETS[1]
64.875 65.000 35 9 0 THE[1]
65.000 65.500 37 11 1 CALL[1]
65.750 65.875 33 7 0 WITH[1]
65.875 66.000 33 7 0 A[1]
66.000 66.125 38 0 1 GOOD[1]
66.125 66.250 37 11 0 SUPPLY[1]
66.250 66.375 40 2 1 SUPPLY[2]
66.375 66.500 38 0 0 OF[1]
66.500 66.625 37 11 1 MONEY[1]
66.625 66.750 35 9 0 MONEY[2]
66.750 66.875 34 8 1 EVERYTHING[1]
66.875 67.000 35 9 0 EVERYTHING[2]
67.000 67.125 37 11 2 EVERYTHING[3]
67.125 67.250 36 10 1 IS[1]
67.250 67.375 38 0 1 SILK[1]
67.375 67.500 37 11 0 AND[1]
67.500 67.625 35 9 1 HONEY[1]
67.625 67.750 33 7 0 HONEY[2]
67.750 67.875 32 6 1 UNDER[1]
67.875 68.000 33 7 0 UNDER[2]
68.000 68.062 35 9 1 ANY[1]
68.062 68.125 38 0 0 ANY[2]
68.125 68.500 35 9 1 OLD[1]
68.500 68.750 38 0 1 FLAG[1]
68.750 68.875 40 2 0 AT[1]
68.875 69.500 38 0 0 ALL[1]
