12.250 12.375 66 7 0 ALL[1]
12.375 12.500 63 4 0 THE[1]
12.500 12.750 63 4 1 OLD[1]
12.750 13.000 63 4 1 PAINTINGS[1]
13.000 13.375 63 4 0 PAINTINGS[2]
13.375 13.625 61 2 0 ON[1]
13.625 14.000 66 7 0 THE[1]
14.000 14.250 63 4 1 TOMBS[1]
14.250 14.375 63 4 0 THEY[1]
14.375 14.625 64 5 1 DO[1]
14.625 14.750 63 4 0 THE[1]
14.750 15.000 59 0 1 SAND[1]
15.000 15.375 59 0 1 DANCE[1]
15.375 15.625 57 10 1 DON'T[1]
15.625 15.750 57 10 0 YOU[1]
15.750 16.000 59 0 1 KNOW[1]
16.250 16.375 66 7 0 IF[1]
16.375 16.500 63 4 0 THEY[1]
16.500 16.750 63 4 1 MOVE[1]
16.750 17.000 63 4 1 TOO[1]
17.000 17.250 63 4 1 QUICK[1]
18.250 18.375 63 4 1 THEY'RE[1]
18.375 18.625 64 5 1 FALLING[1]
18.625 18.750 63 4 0 FALLING[2]
18.750 19.000 59 0 0 DOWN[1]
19.000 19.250 59 0 0 LIKE[1]
19.250 19.375 59 0 0 A[1]
19.375 19.625 57 10 1 DOMINO[1]
19.625 19.750 57 10 0 DOMINO[2]
19.750 20.000 59 0 2 DOMINO[3]
20.250 20.375 66 7 0 ALL[1]
20.375 20.500 63 4 0 THE[1]
20.500 20.750 63 4 0 BAZAAR[1]
20.750 21.000 63 4 1 BAZAAR[2]
21.000 21.375 63 4 1 MEN[1]
21.375 21.625 61 2 0 BY[1]
21.625 22.000 66 7 0 THE[1]
22.000 22.250 63 4 1 NILE[1]
22.250 22.375 63 4 0 THEY[1]
22.375 22.625 64 5 1 GOT[1]
22.625 22.750 63 4 0 THE[1]
22.750 23.000 59 0 1 MONEY[1]
23.000 23.375 59 0 0 MONEY[2]
23.375 23.625 57 10 0 ON[1]
23.625 23.750 57 10 0 A[1]
23.750 24.000 59 0 1 BET[1]
24.250 24.500 66 7 1 GOLD[1]
24.500 24.750 63 4 1 CROCODILES[1]
24.750 24.875 61 2 0 CROCODILES[2]
24.875 25.250 63 4 2 CROCODILES[3]
26.250 26.375 63 4 0 THEY[1]
26.375 26.625 64 5 1 SNAP[1]
26.625 26.750 63 4 0 THEIR[1]
26.750 27.000 59 0 1 TEETH[1]
27.000 27.250 59 0 0 ON[1]
27.250 27.375 59 0 0 YOUR[1]
27.375 27.625 57 10 2 CIGARETTE[1]
27.625 27.750 57 10 0 CIGARETTE[2]
27.750 28.000 59 0 1 CIGARETTE[3]
28.250 28.375 64 5 1 FOREIGN[1]
28.375 28.500 62 3 0 FOREIGN[2]
28.500 28.750 64 5 1 TYPES[1]
28.750 28.875 64 5 0 WITH[1]
28.875 29.000 62 3 0 THE[1]
29.000 29.125 64 5 1 HOOKAH[1]
29.125 29.375 62 3 0 HOOKAH[2]
29.375 29.625 64 5 1 PIPES[1]
29.625 36.000 66 7 1 SAY[1]
36.250 36.500 59 0 1 WALK[1]
36.500 36.875 59 0 0 LIKE[1]
36.875 37.000 54 7 0 AN[1]
37.000 37.125 57 10 0 EGYPTIAN[1]
37.125 37.500 59 0 1 EGYPTIAN[2]
37.500 48.000 54 7 0 EGYPTIAN[3]
48.125 48.250 61 2 0 THE[1]
48.250 48.500 66 7 1 BLOND[1]
48.500 48.750 63 4 1 WAITRESSES[1]
48.750 49.000 63 4 0 WAITRESSES[2]
49.000 49.375 63 4 0 WAITRESSES[3]
49.375 49.625 61 2 1 TAKE[1]
49.625 50.000 66 7 0 THEIR[1]
50.000 50.250 63 4 1 TRAYS[1]
50.250 50.375 63 4 0 THEY[1]
50.375 50.625 64 5 1 SPIN[1]
50.625 50.750 63 4 0 AROUND[1]
50.750 51.000 59 0 1 AROUND[2]
51.000 51.250 59 0 0 AND[1]
51.250 51.375 59 0 0 THEY[1]
51.375 51.625 57 10 1 CROSS[1]
51.625 51.750 57 10 0 THE[1]
51.750 52.000 59 0 1 FLOOR[1]
52.250 52.500 66 7 1 THEY'VE[1]
52.500 52.750 63 4 1 GOT[1]
52.750 52.875 63 4 0 THE[1]
52.875 53.250 63 4 1 MOVES[1]
54.250 54.375 63 4 0 YOU[1]
54.375 54.625 64 5 1 DROP[1]
54.625 54.750 63 4 0 YOUR[1]
54.750 55.000 59 0 1 DRINK[1]
55.000 55.250 59 0 0 THEN[1]
55.250 55.375 59 0 0 THEY[1]
55.375 55.625 57 10 1 GIVE[1]
55.625 55.750 57 10 0 YOU[1]
55.750 56.000 59 0 0 MORE[1]
56.250 56.375 66 7 0 ALL[1]
56.375 56.500 63 4 0 THE[1]
56.500 56.750 63 4 1 SCHOOL[1]
56.750 57.000 63 4 1 KIDS[1]
57.000 57.375 63 4 0 SO[1]
57.375 57.625 61 2 1 SICK[1]
57.625 58.000 66 7 0 OF[1]
58.000 58.250 63 4 1 BOOKS[1]
58.250 58.375 63 4 0 THEY[1]
58.375 58.625 64 5 0 LIKE[1]
58.625 58.750 63 4 0 THE[1]
58.750 59.000 59 0 1 PUNK[1]
59.000 59.250 59 0 0 AND[1]
59.250 59.375 59 0 0 THE[1]
59.375 59.625 57 10 1 METAL[1]
59.625 59.750 57 10 0 METAL[2]
59.750 60.000 59 0 1 BAND[1]
60.250 60.375 66 7 0 WHEN[1]
60.375 60.500 63 4 0 THE[1]
60.500 60.625 63 4 1 BUZZER[1]
60.625 60.875 63 4 0 BUZZER[2]
60.875 61.250 63 4 1 RINGS[1]
62.250 62.375 63 4 1 THEY'RE[1]
62.375 62.625 64 5 1 WALKING[1]
62.625 62.750 63 4 0 WALKING[2]
62.750 63.000 59 0 0 LIKE[1]
63.000 63.250 59 0 0 AN[1]
63.250 63.375 59 0 0 EGYPTIAN[1]
63.375 63.750 57 10 1 EGYPTIAN[2]
63.750 64.000 59 0 0 EGYPTIAN[3]
64.250 64.375 64 5 0 ALL[1]
64.375 64.500 62 3 0 THE[1]
64.500 64.750 64 5 1 KIDS[1]
64.750 64.875 64 5 0 IN[1]
64.875 65.000 62 3 0 THE[1]
65.000 65.125 64 5 1 MARKETPLACE[1]
65.125 65.375 62 3 0 MARKETPLACE[2]
65.375 65.625 64 5 2 MARKETPLACE[3]
65.625 72.000 66 7 1 SAY[1]
72.250 72.500 59 0 1 WALK[1]
72.500 72.875 59 0 0 LIKE[1]
72.875 73.000 54 7 0 AN[1]
73.000 73.125 57 10 0 EGYPTIAN[1]
73.125 73.500 59 0 1 EGYPTIAN[2]
73.500 74.250 54 7 0 EGYPTIAN[3]
108.250 108.500 66 7 1 SLIDE[1]
108.500 108.750 63 4 1 FEET[1]
108.750 109.000 63 4 0 UP[1]
109.000 109.375 63 4 1 STREET[1]
109.375 109.625 61 2 1 BEND[1]
109.625 110.000 66 7 0 YOUR[1]
110.000 110.375 63 4 1 BACK[1]
110.375 110.625 64 5 1 SHIFT[1]
110.625 110.750 63 4 0 YOUR[1]
110.750 111.000 59 0 1 ARM[1]
111.000 111.250 59 0 0 THEN[1]
111.250 111.375 59 0 0 YOU[1]
111.375 111.625 57 10 1 PULL[1]
111.625 111.750 57 10 0 IT[1]
111.750 112.000 59 0 1 BACK[1]
112.250 112.500 66 7 1 LIFE'S[1]
112.500 112.750 63 4 1 HARD[1]
112.750 113.000 63 4 0 YOU[1]
113.000 113.250 63 4 1 KNOW[1]
114.250 114.375 63 4 0 SO[1]
114.375 114.625 64 5 1 STRIKE[1]
114.625 114.750 63 4 0 A[1]
114.750 115.000 59 0 1 POSE[1]
115.000 115.250 59 0 0 ON[1]
115.250 115.375 59 0 0 A[1]
115.375 115.625 57 10 1 CADILLAC[1]
115.625 115.750 57 10 0 CADILLAC[2]
115.750 116.000 59 0 2 CADILLAC[3]
116.250 116.375 63 4 0 IF[1]
116.375 116.500 63 4 0 YOU[1]
116.500 116.750 63 4 1 WANT[1]
116.750 117.000 63 4 0 TO[1]
117.000 117.375 63 4 1 FIND[1]
117.375 117.625 61 2 0 ALL[1]
117.625 118.000 66 7 0 THE[1]
118.000 118.250 63 4 1 COPS[1]
118.250 118.375 61 2 1 THEY'RE[1]
118.375 118.625 64 5 1 HANGING[1]
118.625 118.750 63 4 0 HANGING[2]
118.750 119.000 59 0 0 OUT[1]
119.000 119.250 59 0 0 IN[1]
119.250 119.375 59 0 0 THE[1]
119.375 119.625 57 10 1 DONUT[1]
119.625 119.750 57 10 2 DONUT[2]
119.750 120.000 59 0 1 SHOP[1]
120.250 120.500 66 7 0 THEY[1]
120.500 120.625 63 4 1 SING[1]
120.625 120.875 63 4 0 AND[1]
120.875 121.250 63 4 1 DANCE[1]
122.250 122.375 61 2 0 THEY[1]
122.375 122.625 64 5 1 SPIN[1]
122.625 122.750 63 4 0 THE[1]
122.750 123.000 59 0 1 CLUBS[1]
123.000 123.375 59 0 1 CRUISE[1]
123.375 123.625 57 10 0 DOWN[1]
123.625 123.750 57 10 0 THE[1]
123.750 124.000 59 0 1 BLOCK[1]
124.250 124.375 66 7 0 ALL[1]
124.375 124.500 63 4 0 THE[1]
124.500 124.750 63 4 2 JAPANESE[1]
124.750 125.000 63 4 0 JAPANESE[2]
125.000 125.375 63 4 1 JAPANESE[3]
125.375 125.625 61 2 0 WITH[1]
125.625 126.000 66 7 0 THEIR[1]
126.000 126.250 63 4 1 YEN[1]
126.250 126.375 61 2 0 THE[1]
126.375 126.625 64 5 1 PARTY[1]
126.625 126.750 63 4 0 PARTY[2]
126.750 127.000 59 0 1 BOYS[1]
127.000 127.250 59 0 1 CALL[1]
127.250 127.375 59 0 0 THE[1]
127.375 127.625 57 10 1 KREMLIN(2)[1]
127.625 127.750 57 10 0 KREMLIN(2)[2]
127.750 128.000 59 0 0 KREMLIN(2)[3]
128.250 128.375 66 7 0 AND[1]
128.375 128.500 63 4 0 THE[1]
128.500 128.750 63 4 0 CHINESE[1]
128.750 129.000 63 4 1 CHINESE[2]
129.000 129.125 61 2 1 KNOW[1]
130.250 130.375 61 2 0 THEY[1]
130.375 130.625 64 5 1 WALK[1]
130.625 130.750 63 4 0 THE[1]
130.750 131.000 59 0 1 LINE[1]
131.000 131.250 59 0 0 LIKE[1]
131.250 131.375 59 0 0 EGYPTIAN[1]
131.375 131.750 57 10 1 EGYPTIAN[2]
131.750 132.000 59 0 0 EGYPTIAN[3]
132.250 132.375 64 5 0 ALL[1]
132.375 132.500 62 3 0 THE[1]
132.500 132.750 64 5 1 COPS[1]
132.750 132.875 64 5 0 IN[1]
132.875 133.000 62 3 0 THE[1]
133.000 133.125 64 5 1 DONUT[1]
133.125 133.375 62 3 2 DONUT[2]
133.375 133.625 64 5 1 SHOP[1]
133.625 140.000 66 7 1 SAY[1]
140.250 140.500 59 0 1 WALK[1]
140.500 140.875 59 0 0 LIKE[1]
140.875 141.000 54 7 0 AN[1]
141.000 141.125 57 10 0 EGYPTIAN[1]
141.125 141.500 59 0 1 EGYPTIAN[2]
141.500 142.500 54 7 0 EGYPTIAN[3]
144.250 144.500 59 0 1 WALK[1]
144.500 144.875 59 0 0 LIKE[1]
144.875 145.000 54 7 0 AN[1]
145.000 145.125 57 10 0 EGYPTIAN[1]
145.125 145.500 59 0 1 EGYPTIAN[2]
145.500 146.250 54 7 0 EGYPTIAN[3]
