12.125 12.250 63 0 0 A[1]
12.250 12.375 63 0 1 LONELY[1]
12.375 12.500 63 0 0 LONELY[2]
12.500 12.625 63 0 1 MOTHER[1]
12.625 12.750 63 0 0 MOTHER[2]
12.750 12.875 63 0 1 GAZING[1]
12.875 13.000 63 0 0 GAZING[2]
13.000 13.125 62 11 1 OUT[1]
13.125 13.250 60 9 1 OF[1]
13.250 13.375 58 7 1 HER[1]
13.375 13.625 58 7 1 WINDOW[1]
13.625 13.750 60 9 0 WINDOW[2]
13.750 13.875 58 7 1 STARING[1]
13.875 14.000 60 9 0 STARING[2]
14.000 14.125 61 10 1 AT[1]
14.125 14.250 61 10 0 A[1]
14.250 14.375 61 10 1 SON[1]
14.375 14.500 61 10 1 THAT[1]
14.500 14.625 60 9 1 SHE[1]
14.625 14.750 58 7 1 JUST[1]
14.750 14.875 56 5 1 CAN'T[1]
14.875 15.000 56 5 1 TOUCH[1]
15.500 15.625 60 9 1 IF[1]
15.625 15.750 60 9 1 AT[1]
15.750 15.875 62 11 1 ANY[1]
15.875 16.000 62 11 0 ANY[2]
16.000 16.125 63 0 1 TIME[1]
16.125 16.250 63 0 1 HE'S[1]
16.250 16.375 63 0 0 IN[1]
16.375 16.500 63 0 0 A[1]
16.500 16.750 63 0 1 JAM[1]
16.750 16.875 63 0 1 SHE'LL[1]
16.875 17.000 63 0 1 BE[1]
17.000 17.125 62 11 1 BY[1]
17.125 17.250 60 9 1 HIS[1]
17.250 17.500 58 7 1 SIDE[1]
17.500 17.625 58 7 1 BUT[1]
17.625 17.750 58 7 1 HE[1]
17.750 17.875 60 9 1 DOESN'T[1]
17.875 18.000 60 9 0 DOESN'T[2]
18.000 18.125 61 10 1 REALIZE[1]
18.125 18.250 61 10 0 REALIZE[2]
18.250 18.375 61 10 2 REALIZE[3]
18.375 18.500 61 10 1 HE[1]
18.500 18.625 60 9 1 HURTS[1]
18.625 18.750 58 7 1 HER[1]
18.750 18.875 56 5 1 SO[1]
18.875 19.000 56 5 1 MUCH[1]
20.125 20.250 55 4 1 BUT[1]
20.250 20.375 55 4 1 ALL[1]
20.375 20.500 55 4 0 THE[1]
20.500 20.625 55 4 1 PRAYING[1]
20.625 20.750 55 4 0 PRAYING[2]
20.750 20.875 55 4 1 JUST[1]
20.875 21.000 55 4 1 AIN'T[1]
21.000 21.125 56 5 1 HELPING[1]
21.125 21.250 56 5 0 HELPING[2]
21.250 21.375 56 5 1 AT[1]
21.375 21.500 56 5 1 ALL[1]
21.625 21.750 53 2 0 'CAUSE[1]
21.750 21.875 53 2 1 HE[1]
21.875 22.000 55 4 1 CAN'T[1]
22.000 22.125 56 5 1 SEEM[1]
22.125 22.250 56 5 1 TO[1]
22.250 22.375 56 5 1 KEEP[1]
22.375 22.500 56 5 1 HIS[1]
22.500 22.625 54 3 1 SELF[1]
22.625 22.750 53 2 1 OUT[1]
22.750 22.875 51 0 1 OF[1]
22.875 23.125 51 0 1 TROUBLE[1]
23.125 23.250 48 9 0 TROUBLE[2]
23.500 23.625 55 4 1 SO[1]
23.625 23.750 55 4 1 HE[1]
23.750 23.875 56 5 1 GOES[1]
23.875 24.000 56 5 1 OUT[1]
24.000 24.125 58 7 0 AND[1]
24.125 24.250 58 7 1 HE[1]
24.250 24.375 58 7 1 MAKES[1]
24.375 24.500 58 7 1 HIS[1]
24.500 24.625 58 7 1 MONEY[1]
24.625 24.750 58 7 0 MONEY[2]
24.750 24.875 58 7 0 THE[1]
24.875 25.000 60 9 1 BEST[1]
25.000 25.125 54 3 1 WAY[1]
25.125 25.250 53 2 1 HE[1]
25.250 25.375 51 0 1 KNOWS[1]
25.375 25.500 51 0 1 HOW[1]
25.625 25.750 51 0 0 ANOTHER[1]
25.750 25.875 55 4 1 ANOTHER[2]
25.875 26.000 55 4 0 ANOTHER[3]
26.000 26.125 56 5 1 BODY[1]
26.125 26.250 56 5 0 BODY[2]
26.250 26.375 56 5 1 LAYING[1]
26.375 26.500 56 5 0 LAYING[2]
26.500 26.625 54 3 1 COLD[1]
26.625 26.750 53 2 0 IN[1]
26.750 26.875 51 0 0 THE[1]
26.875 27.125 51 0 1 GUTTER[1]
27.125 27.250 48 9 0 GUTTER[2]
27.250 27.312 54 3 1 LISTEN[1]
27.312 27.438 54 3 0 LISTEN[2]
27.438 27.500 54 3 1 TO[1]
27.500 27.562 58 7 1 ME[1]
28.000 28.250 63 0 1 DON'T[1]
28.250 28.500 63 0 1 GO[1]
28.500 28.750 63 0 1 CHASING[1]
28.750 28.875 63 0 0 CHASING[2]
28.875 29.000 62 11 1 WATERFALLS[1]
29.000 29.125 60 9 0 WATERFALLS[2]
29.125 29.500 58 7 2 WATERFALLS[3]
29.500 29.625 58 7 1 PLEASE[1]
29.625 29.750 58 7 1 STICK[1]
29.750 29.875 60 9 1 TO[1]
29.875 30.000 60 9 0 THE[1]
30.000 30.125 61 10 1 RIVERS[1]
30.125 30.250 61 10 0 RIVERS[2]
30.250 30.375 61 10 0 AND[1]
30.375 30.500 61 10 0 THE[1]
30.500 30.625 61 10 1 LAKES[1]
30.625 30.750 61 10 1 THAT[1]
30.750 30.875 61 10 1 YOU'RE[1]
30.875 31.000 60 9 1 USED[1]
31.125 31.250 56 5 1 TO[1]
31.500 31.625 60 9 1 I[1]
31.625 31.750 60 9 1 KNOW[1]
31.750 31.875 62 11 1 THAT[1]
31.875 32.000 62 11 1 YOU'RE[1]
32.000 32.125 63 0 1 GONNA[1]
32.125 32.250 63 0 0 GONNA[2]
32.250 32.375 63 0 1 HAVE[1]
32.375 32.500 63 0 1 IT[1]
32.500 32.625 63 0 1 YOUR[1]
32.625 32.750 63 0 1 WAY[1]
32.750 32.875 63 0 1 OR[1]
32.875 33.000 62 11 1 NOTHING[1]
33.000 33.125 60 9 0 NOTHING[2]
33.125 33.250 58 7 1 AT[1]
33.250 33.375 58 7 1 ALL[1]
33.500 33.625 58 7 1 BUT[1]
33.625 33.750 58 7 1 I[1]
33.750 33.875 60 9 1 THINK[1]
33.875 34.000 60 9 1 YOU'RE[1]
34.000 34.125 55 4 1 MOVING[1]
34.125 34.250 53 2 0 MOVING[2]
34.250 34.375 51 0 1 TOO[1]
34.375 34.500 51 0 1 FAST[1]
36.250 36.375 62 11 1 LITTLE[1]
36.375 36.500 63 0 0 LITTLE[2]
36.500 36.625 63 0 1 PRECIOUS[1]
36.625 36.750 63 0 0 PRECIOUS[2]
36.750 36.875 63 0 1 HAS[1]
36.875 37.000 63 0 0 A[1]
37.000 37.125 62 11 1 NATURAL(1)[1]
37.125 37.250 60 9 0 NATURAL(1)[2]
37.250 37.375 58 7 0 OBSESSION[1]
37.375 37.625 58 7 1 OBSESSION[2]
37.625 37.750 60 9 0 OBSESSION[3]
37.750 37.875 58 7 1 FOR[1]
37.875 38.000 60 9 0 TEMPTATION[1]
38.000 38.125 61 10 1 TEMPTATION[2]
38.125 38.250 61 10 0 TEMPTATION[3]
38.250 38.375 61 10 1 BUT[1]
38.375 38.500 61 10 1 HE[1]
38.500 38.625 60 9 1 JUST[1]
38.625 38.750 58 7 1 CAN'T[1]
38.875 39.000 56 5 1 SEE[1]
40.125 40.250 63 0 1 SHE[1]
40.250 40.375 63 0 1 GIVES[1]
40.375 40.500 63 0 1 HIM[1]
40.500 40.625 63 0 1 LOVING[1]
40.625 40.750 63 0 0 LOVING[2]
40.750 40.875 63 0 1 THAT[1]
40.875 41.000 63 0 1 HIS[1]
41.000 41.125 62 11 1 BODY[1]
41.125 41.250 60 9 0 BODY[2]
41.250 41.375 58 7 1 CAN'T[1]
41.375 41.625 58 7 1 HANDLE[1]
41.625 41.750 60 9 0 HANDLE[2]
41.750 41.875 58 7 1 BUT[1]
41.875 42.000 60 9 1 ALL[1]
42.000 42.125 61 10 1 HE[1]
42.125 42.250 61 10 1 CAN[1]
42.250 42.375 61 10 1 SAY[1]
42.375 42.500 61 10 1 IS[1]
42.500 42.625 61 10 1 BABY[1]
42.625 42.750 61 10 0 BABY[2]
42.750 42.875 61 10 1 IT'S[1]
42.875 43.000 60 9 1 GOOD[1]
43.000 43.125 58 7 1 TO[1]
43.125 43.250 56 5 1 ME[1]
44.125 44.250 55 4 1 ONE[1]
44.250 44.375 55 4 1 DAY[1]
44.375 44.500 55 4 1 HE[1]
44.500 44.625 55 4 1 GOES[1]
44.625 44.750 55 4 0 AND[1]
44.750 44.875 55 4 1 TAKES[1]
44.875 45.000 55 4 0 A[1]
45.000 45.125 56 5 1 GLIMPSE[1]
45.125 45.250 56 5 0 IN[1]
45.250 45.375 56 5 0 THE[1]
45.375 45.625 56 5 1 MIRROR[1]
45.625 45.750 56 5 0 MIRROR[2]
45.750 45.875 53 2 1 BUT[1]
45.875 46.000 55 4 1 HE[1]
46.000 46.125 56 5 1 DOESN'T[1]
46.125 46.250 56 5 0 DOESN'T[2]
46.250 46.375 56 5 1 RECOGNIZE[1]
46.375 46.500 56 5 0 RECOGNIZE[2]
46.500 46.625 54 3 2 RECOGNIZE[3]
46.625 46.750 53 2 1 HIS[1]
46.750 46.875 51 0 1 OWN[1]
46.875 47.000 51 0 1 FACE[1]
48.125 48.250 51 0 1 HIS[1]
48.250 48.375 55 4 1 HEALTH[1]
48.375 48.500 55 4 1 IS[1]
48.500 48.625 55 4 1 FADING[1]
48.625 48.750 55 4 0 FADING[2]
48.750 48.875 55 4 0 AND[1]
48.875 49.000 55 4 1 HE[1]
49.000 49.125 56 5 1 DOESN'T[1]
49.125 49.250 56 5 0 DOESN'T[2]
49.250 49.375 56 5 1 KNOW[1]
49.375 49.625 56 5 1 WHY[1]
49.625 49.750 51 0 1 THREE[1]
49.750 49.875 55 4 1 LETTERS[1]
49.875 50.000 55 4 0 LETTERS[2]
50.000 50.125 56 5 1 TOOK[1]
50.125 50.250 56 5 1 HIM[1]
50.250 50.375 56 5 1 TO[1]
50.375 50.500 56 5 1 HIS[1]
50.500 50.625 54 3 1 FINAL[1]
50.750 50.875 51 0 0 FINAL[2]
50.875 51.000 51 0 1 RESTING[1]
51.000 51.125 51 0 0 RESTING[2]
51.125 51.250 48 9 1 PLACE[1]
51.250 51.312 54 3 2 Y'ALL[1]
51.312 51.438 54 3 1 DON'T[1]
51.438 51.562 56 5 1 HEAR[1]
51.562 51.750 54 3 1 ME[1]
52.000 52.250 63 0 1 DON'T[1]
52.250 52.500 63 0 1 GO[1]
52.500 52.750 63 0 1 CHASING[1]
52.750 52.875 63 0 0 CHASING[2]
52.875 53.000 62 11 1 WATERFALLS[1]
53.000 53.125 60 9 0 WATERFALLS[2]
53.125 53.500 58 7 2 WATERFALLS[3]
53.500 53.625 58 7 1 PLEASE[1]
53.625 53.750 58 7 1 STICK[1]
53.750 53.875 60 9 1 TO[1]
53.875 54.000 60 9 0 THE[1]
54.000 54.125 61 10 1 RIVERS[1]
54.125 54.250 61 10 0 RIVERS[2]
54.250 54.375 61 10 0 AND[1]
54.375 54.500 61 10 0 THE[1]
54.500 54.625 61 10 1 LAKES[1]
54.625 54.750 61 10 1 THAT[1]
54.750 54.875 61 10 1 YOU'RE[1]
54.875 55.000 60 9 1 USED[1]
55.125 55.250 56 5 1 TO[1]
55.500 55.625 60 9 1 I[1]
55.625 55.750 60 9 1 KNOW[1]
55.750 55.875 62 11 1 THAT[1]
55.875 56.000 62 11 1 YOU'RE[1]
56.000 56.125 63 0 1 GONNA[1]
56.125 56.250 63 0 0 GONNA[2]
56.250 56.375 63 0 1 HAVE[1]
56.375 56.500 63 0 1 IT[1]
56.500 56.625 63 0 1 YOUR[1]
56.625 56.750 63 0 1 WAY[1]
56.750 56.875 63 0 1 OR[1]
56.875 57.000 62 11 1 NOTHING[1]
57.000 57.125 60 9 0 NOTHING[2]
57.125 57.250 58 7 1 AT[1]
57.250 57.375 58 7 1 ALL[1]
57.500 57.625 58 7 1 BUT[1]
57.625 57.750 58 7 1 I[1]
57.750 57.875 60 9 1 THINK[1]
57.875 58.000 60 9 1 YOU'RE[1]
58.000 58.125 55 4 1 MOVING[1]
58.125 58.250 53 2 0 MOVING[2]
58.250 58.375 51 0 1 TOO[1]
58.375 58.500 51 0 1 FAST[1]
60.000 60.250 63 0 1 DON'T[1]
60.250 60.500 63 0 1 GO[1]
60.500 60.750 63 0 1 CHASING[1]
60.750 60.875 63 0 0 CHASING[2]
60.875 61.000 62 11 1 WATERFALLS[1]
61.000 61.125 60 9 0 WATERFALLS[2]
61.125 61.500 58 7 2 WATERFALLS[3]
61.500 61.625 58 7 1 PLEASE[1]
61.625 61.750 58 7 1 STICK[1]
61.750 61.875 60 9 1 TO[1]
61.875 62.000 60 9 0 THE[1]
62.000 62.125 61 10 1 RIVERS[1]
62.125 62.250 61 10 0 RIVERS[2]
62.250 62.375 61 10 0 AND[1]
62.375 62.500 61 10 0 THE[1]
62.500 62.625 61 10 1 LAKES[1]
62.625 62.750 61 10 1 THAT[1]
62.750 62.875 61 10 1 YOU'RE[1]
62.875 63.000 60 9 1 USED[1]
63.125 63.250 56 5 1 TO[1]
63.500 63.625 60 9 1 I[1]
63.625 63.750 60 9 1 KNOW[1]
63.750 63.875 62 11 1 THAT[1]
63.875 64.000 62 11 1 YOU'RE[1]
64.000 64.125 63 0 1 GONNA[1]
64.125 64.250 63 0 0 GONNA[2]
64.250 64.375 63 0 1 HAVE[1]
64.375 64.500 63 0 1 IT[1]
64.500 64.625 63 0 1 YOUR[1]
64.625 64.750 63 0 1 WAY[1]
64.750 64.875 63 0 1 OR[1]
64.875 65.000 62 11 1 NOTHING[1]
65.000 65.125 60 9 0 NOTHING[2]
65.125 65.250 58 7 1 AT[1]
65.250 65.375 58 7 1 ALL[1]
65.500 65.625 58 7 1 BUT[1]
65.625 65.750 58 7 1 I[1]
65.750 65.875 60 9 1 THINK[1]
65.875 66.000 60 9 1 YOU'RE[1]
66.000 66.125 55 4 1 MOVING[1]
66.125 66.250 53 2 0 MOVING[2]
66.250 66.375 51 0 1 TOO[1]
66.375 66.500 51 0 1 FAST[1]
84.000 84.250 63 0 1 DON'T[1]
84.250 84.500 63 0 1 GO[1]
84.500 84.750 63 0 1 CHASING[1]
84.750 84.875 63 0 0 CHASING[2]
84.875 85.000 62 11 1 WATERFALLS[1]
85.000 85.125 60 9 0 WATERFALLS[2]
85.125 85.500 58 7 2 WATERFALLS[3]
85.500 85.625 58 7 1 PLEASE[1]
85.625 85.750 58 7 1 STICK[1]
85.750 85.875 60 9 1 TO[1]
85.875 86.000 60 9 0 THE[1]
86.000 86.125 61 10 1 RIVERS[1]
86.125 86.250 61 10 0 RIVERS[2]
86.250 86.375 61 10 0 AND[1]
86.375 86.500 61 10 0 THE[1]
86.500 86.625 61 10 1 LAKES[1]
86.625 86.750 61 10 1 THAT[1]
86.750 86.875 61 10 1 YOU'RE[1]
86.875 87.000 60 9 1 USED[1]
87.125 87.250 56 5 1 TO[1]
87.500 87.625 60 9 1 I[1]
87.625 87.750 60 9 1 KNOW[1]
87.750 87.875 62 11 1 THAT[1]
87.875 88.000 62 11 1 YOU'RE[1]
88.000 88.125 63 0 1 GONNA[1]
88.125 88.250 63 0 0 GONNA[2]
88.250 88.375 63 0 1 HAVE[1]
88.375 88.500 63 0 1 IT[1]
88.500 88.625 63 0 1 YOUR[1]
88.625 88.750 63 0 1 WAY[1]
88.750 88.875 63 0 1 OR[1]
88.875 89.000 62 11 1 NOTHING[1]
89.000 89.125 60 9 0 NOTHING[2]
89.125 89.250 58 7 1 AT[1]
89.250 89.375 58 7 1 ALL[1]
89.500 89.625 58 7 1 BUT[1]
89.625 89.750 58 7 1 I[1]
89.750 89.875 60 9 1 THINK[1]
89.875 90.000 60 9 1 YOU'RE[1]
90.000 90.125 55 4 1 MOVING[1]
90.125 90.250 53 2 0 MOVING[2]
90.250 90.375 51 0 1 TOO[1]
90.375 90.500 51 0 1 FAST[1]
92.000 92.250 63 0 1 DON'T[1]
92.250 92.500 63 0 1 GO[1]
92.500 92.750 63 0 1 CHASING[1]
92.750 92.875 63 0 0 CHASING[2]
92.875 93.000 62 11 1 WATERFALLS[1]
93.000 93.125 60 9 0 WATERFALLS[2]
93.125 93.500 58 7 2 WATERFALLS[3]
93.500 93.625 58 7 1 PLEASE[1]
93.625 93.750 58 7 1 STICK[1]
93.750 93.875 60 9 1 TO[1]
93.875 94.000 60 9 0 THE[1]
94.000 94.125 61 10 1 RIVERS[1]
94.125 94.250 61 10 0 RIVERS[2]
94.250 94.375 61 10 0 AND[1]
94.375 94.500 61 10 0 THE[1]
94.500 94.625 61 10 1 LAKES[1]
94.625 94.750 61 10 1 THAT[1]
94.750 94.875 61 10 1 YOU'RE[1]
94.875 95.000 60 9 1 USED[1]
95.125 95.250 56 5 1 TO[1]
95.500 95.625 60 9 1 I[1]
95.625 95.750 60 9 1 KNOW[1]
95.750 95.875 62 11 1 THAT[1]
95.875 96.000 62 11 1 YOU'RE[1]
96.000 96.125 63 0 1 GONNA[1]
96.125 96.250 63 0 0 GONNA[2]
96.250 96.375 63 0 1 HAVE[1]
96.375 96.500 63 0 1 IT[1]
96.500 96.625 63 0 1 YOUR[1]
96.625 96.750 63 0 1 WAY[1]
96.750 96.875 63 0 1 OR[1]
96.875 97.000 62 11 1 NOTHING[1]
97.000 97.125 60 9 0 NOTHING[2]
97.125 97.250 58 7 1 AT[1]
97.250 97.375 58 7 1 ALL[1]
97.500 97.625 58 7 1 BUT[1]
97.625 97.750 58 7 1 I[1]
97.750 97.875 60 9 1 THINK[1]
97.875 98.000 60 9 1 YOU'RE[1]
98.000 98.125 55 4 1 MOVING[1]
98.125 98.250 53 2 0 MOVING[2]
98.250 98.375 51 0 1 TOO[1]
98.375 98.500 51 0 1 FAST[1]
