16.000 16.125 57 0 1 DIG[1]
16.125 16.250 57 0 0 IF[1]
16.250 16.375 57 0 0 YOU[1]
16.375 16.750 57 0 0 WILL[1]
16.750 16.875 59 2 0 THE[1]
16.875 17.000 57 0 1 PICTURE[1]
17.000 17.250 55 10 0 PICTURE[2]
17.875 18.000 45 0 0 OF[1]
18.000 18.125 55 10 0 YOU[1]
18.125 18.250 55 10 0 AND[1]
18.250 18.375 55 10 0 I[1]
18.375 18.500 55 10 0 ENGAGED[1]
18.500 18.875 55 10 1 ENGAGED[2]
18.875 18.938 55 10 0 IN[1]
18.938 19.000 55 10 0 A[1]
19.000 19.250 57 0 1 KISS[1]
19.875 20.000 57 0 0 THE[1]
20.000 20.125 57 0 1 SWEAT[1]
20.125 20.250 57 0 0 OF[1]
20.250 20.375 57 0 0 YOUR[1]
20.375 20.750 57 0 1 BODY[1]
20.750 20.875 57 0 0 BODY[2]
20.875 21.000 57 0 1 COVERS[1]
21.000 21.125 55 10 0 COVERS[2]
21.125 21.250 55 10 0 ME[1]
22.000 22.125 55 10 0 CAN[1]
22.125 22.250 55 10 0 YOU[1]
22.250 22.375 52 7 0 MY[1]
22.375 22.500 55 10 1 DARLING[1]
22.625 22.750 52 7 0 DARLING[2]
23.000 23.125 55 10 0 CAN[1]
23.250 23.375 52 7 0 YOU[1]
23.375 23.625 55 10 1 PICTURE[1]
23.625 23.875 57 0 0 PICTURE[2]
23.875 24.000 57 0 0 THIS[1]
24.000 24.125 57 0 1 DREAM[1]
24.125 24.250 57 0 0 IF[1]
24.250 24.375 57 0 0 YOU[1]
24.375 24.750 57 0 0 CAN[1]
24.750 24.875 57 0 0 A[1]
24.875 25.125 57 0 1 COURTYARD[1]
25.125 25.250 55 10 2 COURTYARD[2]
25.875 26.000 45 0 0 AN[1]
26.000 26.125 55 10 1 OCEAN[1]
26.125 26.250 55 10 0 OCEAN[2]
26.250 26.375 52 7 0 OF[1]
26.375 26.500 55 10 1 VIOLETS(1)[1]
26.625 26.750 52 7 0 VIOLETS(1)[2]
26.750 26.875 52 7 0 IN[1]
26.875 27.000 55 10 1 BLOOM[1]
28.000 28.250 57 0 1 ANIMALS[1]
28.250 28.375 57 0 0 ANIMALS[2]
28.375 28.750 57 0 0 ANIMALS[3]
28.750 29.000 59 2 1 STRIKE[1]
29.000 29.125 57 0 1 CURIOUS[1]
29.125 29.250 55 10 0 CURIOUS[2]
29.250 29.375 55 10 0 CURIOUS[3]
29.375 29.625 57 0 1 POSES[1]
29.625 30.000 59 2 0 POSES[2]
30.125 30.250 55 10 0 THEY[1]
30.250 30.375 55 10 1 FEEL[1]
30.375 30.500 55 10 0 THE[1]
30.500 30.625 55 10 1 HEAT[1]
30.875 31.000 45 0 0 THE[1]
31.000 31.125 55 10 1 HEAT[1]
31.125 31.250 55 10 0 BETWEEN[1]
31.250 31.500 55 10 1 BETWEEN[2]
31.500 31.625 57 0 0 ME[1]
31.625 32.000 59 2 0 AND[1]
32.000 32.125 57 0 1 HOW[1]
32.125 32.250 57 0 0 CAN[1]
32.250 32.375 57 0 0 YOU[1]
32.375 32.625 57 0 1 JUST[1]
32.625 32.750 57 0 1 LEAVE[1]
32.750 32.875 59 2 0 ME[1]
32.875 33.000 57 0 1 STANDING[1]
33.125 33.250 55 10 0 STANDING[2]
33.875 34.000 45 0 0 ALONE[1]
34.000 34.125 55 10 1 ALONE[2]
34.125 34.250 55 10 0 IN[1]
34.250 34.375 55 10 0 A[1]
34.375 34.625 55 10 1 WORLD[1]
34.625 34.750 55 10 1 THAT'S[1]
34.750 35.000 57 0 0 SO[1]
35.000 35.250 57 0 1 COLD[1]
36.000 36.125 57 0 1 MAYBE[1]
36.125 36.250 57 0 0 MAYBE[2]
36.250 36.375 57 0 1 I'M[1]
36.375 36.625 57 0 1 JUST[1]
36.625 36.750 57 0 1 TOO[1]
36.750 36.875 59 2 0 DEMANDING[1]
36.875 37.000 57 0 1 DEMANDING[2]
37.125 37.250 55 10 0 DEMANDING[3]
38.000 38.125 55 10 1 MAYBE[1]
38.125 38.250 55 10 0 MAYBE[2]
38.250 38.375 55 10 1 I'M[1]
38.375 38.625 55 10 1 JUST[1]
38.625 38.875 55 10 0 LIKE[1]
38.875 39.000 55 10 0 MY[1]
39.000 39.250 57 0 1 FATHER[1]
39.250 39.500 52 7 0 FATHER[2]
39.500 39.750 55 10 1 TOO[1]
39.750 40.000 57 0 1 BOLD[1]
40.000 40.125 57 0 1 MAYBE[1]
40.125 40.250 57 0 0 MAYBE[2]
40.250 40.375 57 0 1 YOU'RE[1]
40.375 40.625 57 0 1 JUST[1]
40.625 40.750 57 0 0 LIKE[1]
40.750 40.875 57 0 0 MY[1]
40.875 41.000 60 3 1 MOTHER[1]
41.125 41.250 55 10 0 MOTHER[2]
42.000 42.125 55 10 1 SHE'S[1]
42.125 42.250 55 10 1 NEVER[1]
42.250 42.375 55 10 0 NEVER[2]
42.375 42.625 55 10 1 SATISFIED[1]
42.625 42.875 57 0 0 SATISFIED[2]
42.875 43.125 57 0 2 SATISFIED[3]
44.000 44.125 57 0 1 WHY[1]
44.125 44.250 57 0 1 DO[1]
44.250 44.375 57 0 0 WE[1]
44.375 44.625 57 0 1 SCREAM[1]
44.625 44.750 57 0 0 AT[1]
44.750 44.875 59 2 0 EACH[1]
44.875 45.000 57 0 1 OTHER[1]
45.000 45.250 55 10 0 OTHER[2]
46.000 46.125 55 10 0 THIS[1]
46.125 46.250 55 10 1 IS[1]
46.250 46.375 55 10 0 WHAT[1]
46.375 46.500 55 10 0 IT[1]
46.500 46.750 55 10 1 SOUNDS[1]
46.750 47.000 55 10 0 LIKE[1]
47.125 47.375 52 7 0 WHEN[1]
47.375 47.750 55 10 1 DOVES[1]
47.750 56.000 57 0 1 CRY[1]
56.000 56.125 57 0 1 TOUCH[1]
56.125 56.250 57 0 0 IF[1]
56.250 56.375 57 0 0 YOU[1]
56.375 56.750 57 0 0 WILL[1]
56.750 56.875 59 2 0 MY[1]
56.875 57.000 57 0 1 STOMACH[1]
57.000 57.250 55 10 0 STOMACH[2]
58.000 58.125 55 10 1 FEEL[1]
58.125 58.250 55 10 1 HOW[1]
58.250 58.375 55 10 0 IT[1]
58.375 58.625 55 10 1 TREMBLES[1]
58.625 58.750 55 10 0 TREMBLES[2]
58.750 59.000 57 0 2 INSIDE[1]
59.000 59.188 57 0 1 INSIDE[2]
60.000 60.125 57 0 1 YOU'VE[1]
60.125 60.250 57 0 1 GOT[1]
60.250 60.375 57 0 0 THE[1]
60.375 60.625 57 0 1 BUTTERFLIES[1]
60.625 60.875 59 2 0 BUTTERFLIES[2]
60.875 61.062 59 2 2 BUTTERFLIES[3]
61.250 61.500 55 10 0 ALL[1]
61.500 61.750 57 0 1 TIED[1]
61.750 61.875 59 2 0 UP[1]
62.125 62.250 55 10 1 DON'T[1]
62.250 62.375 55 10 1 MAKE[1]
62.375 62.500 55 10 0 ME[1]
62.500 62.750 57 0 1 CHASE[1]
62.750 63.000 52 7 0 YOU[1]
63.000 63.250 55 10 1 EVEN[1]
63.250 63.375 57 0 0 EVEN[2]
63.375 63.625 57 0 1 DOVES[1]
63.625 63.875 59 2 1 HAVE[1]
63.875 64.000 59 2 1 PRIDE[1]
64.000 64.125 57 0 1 HOW[1]
64.125 64.250 57 0 0 COULD[1]
64.250 64.375 57 0 0 YOU[1]
64.375 64.500 57 0 1 JUST[1]
64.625 64.750 57 0 1 LEAVE[1]
64.750 64.875 57 0 0 ME[1]
64.875 65.000 57 0 1 STANDING[1]
65.125 65.250 55 10 0 STANDING[2]
65.875 66.000 45 0 0 ALONE[1]
66.000 66.125 55 10 1 ALONE[2]
66.125 66.250 55 10 0 IN[1]
66.250 66.375 55 10 0 A[1]
66.375 66.625 55 10 1 WORLD[1]
66.625 66.750 55 10 0 SO[1]
66.875 67.250 57 0 1 COLD[1]
68.000 68.125 57 0 1 MAYBE[1]
68.125 68.250 57 0 0 MAYBE[2]
68.250 68.375 57 0 1 I'M[1]
68.375 68.625 57 0 1 JUST[1]
68.625 68.750 57 0 1 TOO[1]
68.750 68.875 59 2 0 DEMANDING[1]
68.875 69.000 57 0 1 DEMANDING[2]
69.125 69.250 55 10 0 DEMANDING[3]
70.000 70.125 55 10 1 MAYBE[1]
70.125 70.250 55 10 0 MAYBE[2]
70.250 70.375 55 10 1 I'M[1]
70.375 70.625 55 10 1 JUST[1]
70.625 70.875 55 10 0 LIKE[1]
70.875 71.000 55 10 0 MY[1]
71.000 71.250 57 0 1 FATHER[1]
71.250 71.500 52 7 0 FATHER[2]
71.500 71.750 57 0 1 TOO[1]
71.750 72.000 57 0 1 BOLD[1]
72.000 72.125 57 0 1 MAYBE[1]
72.125 72.250 57 0 0 MAYBE[2]
72.250 72.375 57 0 1 YOU'RE[1]
72.375 72.667 57 0 1 JUST[1]
72.667 72.833 57 0 0 LIKE[1]
72.833 73.000 57 0 0 MY[1]
73.000 73.062 60 3 1 MOTHER[1]
73.188 73.250 55 10 0 MOTHER[2]
74.000 74.125 55 10 1 SHE'S[1]
74.125 74.250 55 10 1 NEVER[1]
74.250 74.375 55 10 0 NEVER[2]
74.375 74.625 55 10 1 SATISFIED[1]
74.625 74.750 55 10 0 SATISFIED[2]
74.875 75.250 57 0 2 SATISFIED[3]
76.000 76.125 57 0 1 WHY[1]
76.125 76.250 57 0 1 DO[1]
76.250 76.375 57 0 0 WE[1]
76.375 76.625 57 0 1 SCREAM[1]
76.625 76.750 57 0 0 AT[1]
76.750 76.875 57 0 0 EACH[1]
76.875 77.000 57 0 1 OTHER[1]
77.000 77.250 55 10 0 OTHER[2]
78.000 78.125 55 10 0 THIS[1]
78.125 78.250 55 10 1 IS[1]
78.250 78.375 55 10 0 WHAT[1]
78.375 78.500 55 10 0 IT[1]
78.500 78.750 55 10 1 SOUNDS[1]
78.750 79.000 55 10 0 LIKE[1]
79.125 79.375 52 7 0 WHEN[1]
79.375 79.750 55 10 1 DOVES[1]
79.750 80.500 57 0 1 CRY[1]
88.000 88.125 57 0 1 HOW[1]
88.125 88.250 57 0 0 CAN[1]
88.250 88.375 57 0 0 YOU[1]
88.375 88.625 57 0 1 JUST[1]
88.625 88.750 57 0 1 LEAVE[1]
88.750 88.875 57 0 0 ME[1]
88.875 89.000 57 0 1 STANDING[1]
89.125 89.250 55 10 0 STANDING[2]
89.875 90.000 45 0 0 ALONE[1]
90.000 90.125 55 10 1 ALONE[2]
90.125 90.250 55 10 0 IN[1]
90.250 90.375 55 10 0 A[1]
90.375 90.625 55 10 1 WORLD[1]
90.625 90.750 55 10 1 THAT'S[1]
90.750 91.000 57 0 0 SO[1]
91.000 91.250 57 0 1 COLD[1]
92.000 92.125 57 0 1 MAYBE[1]
92.125 92.250 57 0 0 MAYBE[2]
92.250 92.375 57 0 1 I'M[1]
92.375 92.625 57 0 1 JUST[1]
92.625 92.750 57 0 1 TOO[1]
92.750 92.875 59 2 0 DEMANDING[1]
92.875 93.000 57 0 1 DEMANDING[2]
93.125 93.250 55 10 0 DEMANDING[3]
94.000 94.125 55 10 1 MAYBE[1]
94.125 94.250 55 10 0 MAYBE[2]
94.250 94.375 55 10 1 I'M[1]
94.375 94.625 55 10 1 JUST[1]
94.625 94.875 55 10 0 LIKE[1]
94.875 95.000 55 10 0 MY[1]
95.000 95.250 55 10 1 FATHER[1]
95.250 95.500 52 7 0 FATHER[2]
95.500 95.750 55 10 1 TOO[1]
95.750 96.000 57 0 1 BOLD[1]
96.000 96.125 57 0 1 MAYBE[1]
96.125 96.250 57 0 0 MAYBE[2]
96.250 96.375 57 0 1 YOU'RE[1]
96.375 96.625 57 0 1 JUST[1]
96.625 96.750 57 0 0 LIKE[1]
96.750 96.875 57 0 0 MY[1]
96.875 97.000 60 3 1 MOTHER[1]
97.125 97.250 55 10 0 MOTHER[2]
98.000 98.125 55 10 1 SHE'S[1]
98.125 98.250 55 10 1 NEVER[1]
98.250 98.375 55 10 0 NEVER[2]
98.375 98.625 55 10 1 SATISFIED[1]
98.625 98.750 55 10 0 SATISFIED[2]
98.875 99.000 57 0 2 SATISFIED[3]
100.000 100.125 57 0 1 WHY[1]
100.125 100.250 57 0 1 DO[1]
100.250 100.375 57 0 0 WE[1]
100.375 100.625 57 0 1 SCREAM[1]
100.625 100.750 57 0 0 AT[1]
100.750 100.875 59 2 0 EACH[1]
100.875 101.000 57 0 1 OTHER[1]
101.000 101.250 55 10 0 OTHER[2]
102.000 102.125 55 10 0 THIS[1]
102.125 102.250 55 10 1 IS[1]
102.250 102.375 55 10 0 WHAT[1]
102.375 102.500 55 10 0 IT[1]
102.500 102.750 55 10 1 SOUNDS[1]
102.750 103.000 55 10 0 LIKE[1]
103.125 103.375 52 7 0 WHEN[1]
103.375 103.750 55 10 1 DOVES[1]
103.750 115.000 57 0 1 CRY[1]
