4.0000 5.0000 49 4 1 I'M[1]
5.0000 5.0833 50 5 1 DREAMING[1]
5.2500 5.7500 49 4 0 DREAMING[2]
5.7500 5.8750 45 0 0 OF[1]
5.8750 6.0000 49 4 0 A[1]
6.0000 7.0625 50 5 1 WHITE[1]
7.0625 7.2500 51 6 1 CHRISTMAS[1]
7.2500 7.7500 52 7 0 CHRISTMAS[2]
8.3125 8.5000 54 9 1 JUST[1]
8.5000 8.7500 56 11 0 LIKE[1]
8.7500 8.8750 57 0 0 THE[1]
8.8750 9.5625 59 2 1 ONES[1]
9.5625 9.8125 57 0 0 I[1]
9.8125 10.0625 56 11 1 USED[1]
10.0625 10.1250 54 9 0 TO[1]
10.1250 11.0000 52 7 1 KNOW[1]
11.6250 11.8750 45 0 0 WHERE[1]
11.8750 12.0000 47 2 0 THE[1]
12.0000 12.5000 49 4 1 TREETOPS[1]
12.5000 12.6250 49 4 2 TREETOPS[2]
13.0000 13.0625 49 4 1 GLISTEN[1]
13.0625 13.7500 54 9 0 GLISTEN[2]
14.0625 14.5000 52 7 0 AND[1]
14.5000 14.6250 45 0 1 CHILDREN[1]
14.6250 15.0000 45 0 0 CHILDREN[2]
15.0000 15.0625 45 0 1 LISTEN[1]
15.0625 15.5000 52 7 0 LISTEN[2]
15.8750 16.0000 50 5 0 TO[1]
16.0000 16.5000 49 4 1 HEAR[1]
17.0000 17.0833 50 5 1 SLEIGH[1]
17.2500 17.7500 49 4 1 BELLS[1]
17.7500 17.8750 47 2 0 IN[1]
17.8750 18.0000 45 0 0 THE[1]
18.0000 19.0000 47 2 1 SNOW[1]
20.0000 21.0000 49 4 1 I'M[1]
21.0000 21.0833 50 5 1 DREAMING[1]
21.2500 21.7500 49 4 0 DREAMING[2]
21.8333 21.9167 42 9 0 OF[1]
21.9167 22.0000 49 4 0 A[1]
22.0000 22.7500 50 5 1 WHITE[1]
23.0000 23.1667 51 6 1 CHRISTMAS[1]
23.1667 24.0000 52 7 0 CHRISTMAS[2]
24.3750 24.5000 54 9 0 WITH[1]
24.5000 24.6250 56 11 1 EVERY(1)[1]
24.6250 25.1250 57 0 0 EVERY(1)[2]
25.1250 25.3750 59 2 1 CHRISTMAS[1]
25.3750 25.5000 57 0 0 CHRISTMAS[2]
25.5000 26.0000 56 11 1 CARD[1]
26.0000 26.1250 42 9 0 I[1]
26.1250 27.0000 52 7 1 WRITE[1]
27.5000 27.7500 45 0 0 MAY[1]
27.7500 27.8750 47 2 0 YOUR[1]
27.8750 28.0000 47 2 1 DAYS[1]
28.8750 29.0000 42 9 1 BE[1]
29.0000 29.2500 49 4 1 MERRY[1]
29.2500 29.7500 54 9 0 MERRY[2]
29.7500 30.0000 52 7 0 AND[1]
30.0000 31.2500 57 0 1 BRIGHT[1]
31.5000 31.7500 45 0 0 AND[1]
31.7500 31.8750 47 2 0 MAY[1]
31.8750 32.6250 49 4 0 ALL[1]
32.6250 33.0000 49 4 0 YOUR[1]
33.0000 33.3750 54 9 1 CHRISTMASES[1]
33.3750 33.5000 44 11 0 CHRISTMASES[2]
33.5000 33.8750 44 11 0 CHRISTMASES[3]
33.8750 34.0000 44 11 1 BE[1]
34.0000 34.5000 45 0 1 WHITE[1]
36.0000 37.0000 61 4 1 I'M[1]
37.0000 37.2500 62 5 1 DREAMING[1]
37.2500 37.5000 61 4 0 DREAMING[2]
37.5000 37.7500 60 3 0 OF[1]
37.7500 38.0000 61 4 0 A[1]
38.0000 39.0000 62 5 1 WHITE[1]
39.0000 39.2500 63 6 1 CHRISTMAS[1]
39.2500 39.5000 64 7 0 CHRISTMAS[2]
40.2500 40.5000 54 9 1 JUST[1]
40.5000 40.7500 56 11 0 LIKE[1]
40.7500 40.8750 57 0 0 THE[1]
40.8750 41.2500 59 2 1 ONES[1]
41.2500 41.5000 57 0 0 I[1]
41.5000 41.8750 56 11 1 USED[1]
41.8750 42.0000 54 9 0 TO[1]
42.0000 43.2500 52 7 1 KNOW[1]
43.5000 43.7500 57 0 0 WHERE[1]
43.7500 44.0000 59 2 0 THE[1]
44.0000 44.5000 61 4 1 TREETOPS[1]
44.5000 45.0000 61 4 2 TREETOPS[2]
45.0000 45.2500 61 4 1 GLISTEN[1]
45.2500 45.7500 66 9 0 GLISTEN[2]
45.7500 46.0000 64 7 0 AND[1]
46.0000 46.5000 57 0 1 CHILDREN[1]
46.5000 47.0000 57 0 0 CHILDREN[2]
47.0000 47.2500 57 0 1 LISTEN[1]
47.2500 47.7500 64 7 0 LISTEN[2]
47.7500 48.0000 62 5 0 TO[1]
48.0000 48.7500 61 4 1 HEAR[1]
48.7500 49.0000 73 4 0 THOSE[1]
49.0000 49.2500 74 5 1 SLEIGH[1]
49.2500 49.5000 73 4 1 BELLS[1]
49.5000 49.7500 71 2 0 IN[1]
49.7500 50.0000 69 0 0 THE[1]
50.0000 51.7500 71 2 1 SNOW[1]
52.0000 53.0000 61 4 1 I'M[1]
53.0000 53.2500 62 5 1 DREAMING[1]
53.2500 53.5000 61 4 0 DREAMING[2]
53.5000 53.7500 60 3 0 OF[1]
53.7500 54.0000 61 4 0 A[1]
54.0000 55.0000 62 5 1 WHITE[1]
55.0000 55.2500 63 6 1 CHRISTMAS[1]
55.2500 55.5000 64 7 0 CHRISTMAS[2]
56.2500 56.5000 66 9 0 WITH[1]
56.5000 56.7500 68 11 1 EVERY(1)[1]
56.7500 57.0000 69 0 0 EVERY(1)[2]
57.0000 57.2500 71 2 1 CHRISTMAS[1]
57.2500 57.5000 69 0 0 CHRISTMAS[2]
57.5000 57.7500 68 11 1 CARD[1]
57.7500 58.0000 66 9 0 I[1]
58.0000 59.0000 64 7 1 WRITE[1]
59.5000 59.7500 57 0 0 MAY[1]
59.7500 60.0000 59 2 0 YOUR[1]
60.0000 60.5000 61 4 1 DAYS[1]
60.7500 61.0000 61 4 1 BE[1]
61.0000 61.2500 61 4 1 MERRY[1]
61.2500 61.5000 66 9 0 MERRY[2]
61.7500 62.0000 64 7 0 AND[1]
62.0000 63.2500 69 0 1 BRIGHT[1]
63.5000 63.7500 45 0 0 AND[1]
63.7500 63.8750 47 2 0 MAY[1]
63.8750 64.5000 49 4 0 ALL[1]
64.8750 65.0000 49 4 0 YOUR[1]
65.0000 65.3750 54 9 1 CHRISTMASES[1]
65.3750 65.5000 44 11 0 CHRISTMASES[2]
65.5000 65.7500 44 11 0 CHRISTMASES[3]
65.7500 66.0000 44 11 1 BE[1]
66.0000 67.0000 45 0 1 WHITE[1]
