97.000 99.250 58 9 0 WHO[1]
99.250 99.500 56 7 1 STOLE[1]
99.500 99.750 61 0 0 MY[1]
99.750 100.250 58 9 1 HEART[1]
100.250 100.500 56 7 0 AWAY[1]
100.500 101.000 58 9 1 AWAY[2]
101.000 103.250 56 7 0 WHO[1]
103.250 103.500 55 6 1 MAKES[1]
103.500 103.750 56 7 0 ME[1]
103.750 104.250 53 4 1 DREAM[1]
104.250 104.500 51 2 0 ALL[1]
104.500 105.000 53 4 1 DAY[1]
105.000 105.500 53 4 1 DREAMS[1]
105.500 106.000 53 4 0 I[1]
106.000 106.500 53 4 1 KNOW[1]
106.500 107.000 53 4 0 CAN[1]
107.000 107.250 53 4 1 NEVER[1]
107.250 107.500 56 7 0 NEVER[2]
107.500 107.750 56 7 1 COME[1]
107.750 109.000 56 7 1 TRUE[1]
109.000 109.500 58 9 1 SEEMS[1]
109.500 110.000 58 9 0 AS[1]
110.000 110.500 58 9 0 THOUGH[1]
110.500 111.000 58 9 1 I'LL[1]
111.000 111.250 58 9 1 EVER[1]
111.250 111.500 59 10 0 EVER[2]
111.500 111.750 60 11 1 BE[1]
111.750 112.500 60 11 1 BLUE[1]
113.000 115.250 63 2 0 WHO[1]
115.250 115.500 61 0 1 MEANS[1]
115.500 115.750 63 2 0 MY[1]
115.750 116.250 61 0 1 HAPPINESS[1]
116.250 116.500 63 2 0 HAPPINESS[2]
116.500 117.000 61 0 0 HAPPINESS[3]
117.000 119.250 58 9 0 WHO[1]
119.250 119.500 56 7 0 WOULD[1]
119.500 119.750 61 0 0 I[1]
119.750 120.250 58 9 1 ANSWER[1]
120.250 120.500 56 7 0 ANSWER[2]
120.500 121.000 58 9 1 YES[1]
121.000 123.250 56 7 0 WHO[1]
123.250 123.500 53 4 1 WELL[1]
123.500 123.750 56 7 0 YOU[1]
123.750 124.250 53 4 1 WANT[1]
124.250 124.500 56 7 0 TO[1]
124.500 125.000 58 9 1 GUESS[1]
125.000 125.250 61 0 0 WHO[1]
126.000 126.250 61 0 0 WHO[1]
127.000 127.250 61 0 0 NO[1]
127.250 127.500 56 7 0 ONE[1]
127.500 127.750 56 7 0 BUT[1]
127.750 128.000 56 7 0 YOU[1]
