15.0000 15.1250 65 10 1 MATTY[1]
15.1250 15.2500 65 10 0 MATTY[2]
15.2500 15.5000 64 9 1 TOLD[1]
15.5000 15.6250 64 9 1 HATTY[1]
15.6250 16.0000 62 7 0 HATTY[2]
16.6250 16.7500 59 4 0 ABOUT[1]
16.7500 16.8750 64 9 1 ABOUT[2]
16.8750 17.0000 62 7 0 A[1]
17.0000 17.2500 65 10 1 THING[1]
17.2500 17.3750 64 9 0 SHE[1]
17.3750 17.5000 64 9 1 SAW[1]
18.8750 19.0000 62 7 1 HAD[1]
19.0000 19.2500 65 10 1 TWO[1]
19.2500 19.3750 64 9 1 BIG[1]
19.3750 19.5000 64 9 1 HORNS[1]
20.7500 20.8750 62 7 0 AND[1]
20.8750 21.0000 62 7 0 A[1]
21.0000 21.2500 67 0 1 WOOLY[1]
21.2500 21.3750 65 10 0 WOOLY[2]
21.3750 21.4375 65 10 1 JAW[1]
21.7500 21.8750 64 9 1 WOOLY[1]
21.8750 22.0000 64 9 0 WOOLY[2]
22.0000 22.1250 64 9 1 BULLY[1]
22.1250 22.2500 62 7 0 BULLY[2]
23.7500 23.8750 55 0 1 WOOLY[1]
23.8750 24.0000 55 0 0 WOOLY[2]
24.0000 24.1250 55 0 1 BULLY[1]
24.1250 24.2500 55 0 0 BULLY[2]
25.7500 25.8750 59 4 1 WOOLY[1]
25.8750 26.0000 59 4 0 WOOLY[2]
26.0000 26.1250 57 2 1 BULLY[1]
26.1250 26.2500 57 2 0 BULLY[2]
26.7500 26.8750 57 2 1 WOOLY[1]
26.8750 27.0000 57 2 0 WOOLY[2]
27.0000 27.1250 57 2 1 BULLY[1]
27.1250 27.2500 55 0 0 BULLY[2]
27.7500 27.8750 53 10 1 WOOLY[1]
27.8750 28.0000 54 11 0 WOOLY[2]
28.0000 28.1250 55 0 1 BULLY[1]
28.1250 28.2500 55 0 0 BULLY[2]
30.0000 30.1250 64 9 1 HATTY[1]
30.1250 30.2500 65 10 0 HATTY[2]
30.2500 30.5000 64 9 1 TOLD[1]
30.5000 30.6250 64 9 1 MATTY[1]
30.6250 31.0000 62 7 0 MATTY[2]
31.7500 31.8750 65 10 1 LET'S[1]
31.8750 32.0000 65 10 1 DON'T[1]
32.0000 32.2500 65 10 1 TAKE[1]
32.2500 32.3750 64 9 0 NO[1]
32.3750 32.5000 64 9 1 CHANCE[1]
34.0000 34.1250 64 9 1 LET'S[1]
34.1250 34.2500 65 10 1 NOT[1]
34.2500 34.3750 64 9 1 BE[1]
34.3750 34.5000 64 9 2 L-SEVEN[1]
34.5000 34.6250 64 9 1 L-SEVEN[2]
34.6250 34.7500 62 7 0 L-SEVEN[3]
35.7500 35.8750 62 7 1 COME[1]
35.8750 36.0000 62 7 0 AND[1]
36.0000 36.2500 67 0 1 LEARN[1]
36.2500 36.3750 65 10 0 TO[1]
36.3750 36.5000 65 10 1 DANCE[1]
36.7500 36.8750 62 7 1 WOOLY[1]
36.8750 37.0000 63 8 0 WOOLY[2]
37.0000 37.1250 64 9 1 BULLY[1]
37.1250 37.2500 62 7 0 BULLY[2]
38.7500 38.8750 53 10 1 WOOLY[1]
38.8750 39.0000 54 11 0 WOOLY[2]
39.0000 39.1250 55 0 1 BULLY[1]
39.1250 39.2500 55 0 0 BULLY[2]
40.7500 40.8750 59 4 1 WOOLY[1]
40.8750 41.0000 59 4 0 WOOLY[2]
41.0000 41.1250 57 2 1 BULLY[1]
41.1250 41.2500 57 2 0 BULLY[2]
41.7500 41.8750 57 2 1 WOOLY[1]
41.8750 42.0000 57 2 0 WOOLY[2]
42.0000 42.1250 57 2 1 BULLY[1]
42.1250 42.2500 55 0 0 BULLY[2]
42.7500 42.8750 53 10 1 WOOLY[1]
42.8750 43.0000 54 11 0 WOOLY[2]
43.0000 43.1250 55 0 1 BULLY[1]
43.1250 43.2500 55 0 0 BULLY[2]
60.0000 60.1250 64 9 1 MATTY[1]
60.1250 60.2500 65 10 0 MATTY[2]
60.2500 60.5000 64 9 1 TOLD[1]
60.5000 60.6250 64 9 1 HATTY[1]
60.6250 61.0000 62 7 0 HATTY[2]
61.7500 61.8750 59 4 1 THAT'S[1]
61.8750 62.0000 62 7 0 THE[1]
62.0000 62.1250 64 9 1 THING[1]
62.2500 62.3750 64 9 0 TO[1]
62.3750 62.5000 64 9 1 DO[1]
64.0000 64.1250 65 10 1 GET[1]
64.1250 64.2500 65 10 0 YOU[1]
64.2500 64.3750 64 9 1 SOMEONE[1]
64.3750 64.5000 64 9 2 SOMEONE[2]
64.5000 64.6250 64 9 1 REALLY[1]
64.6250 64.7500 62 7 0 REALLY[2]
65.7500 65.8750 62 7 1 PULL[1]
65.8750 66.0000 62 7 0 THE[1]
66.0000 66.2500 67 0 1 WOOL[1]
66.2500 66.3750 65 10 0 WITH[1]
66.3750 66.5000 65 10 0 YOU[1]
66.7500 66.8750 62 7 1 WOOLY[1]
66.8750 67.0000 63 8 0 WOOLY[2]
67.0000 67.1250 64 9 1 BULLY[1]
67.1250 67.2500 62 7 0 BULLY[2]
68.7500 68.8750 53 10 1 WOOLY[1]
68.8750 69.0000 54 11 0 WOOLY[2]
69.0000 69.1250 55 0 1 BULLY[1]
69.1250 69.2500 55 0 0 BULLY[2]
70.7500 70.8750 59 4 1 WOOLY[1]
70.8750 71.0000 59 4 0 WOOLY[2]
71.0000 71.1250 57 2 1 BULLY[1]
71.1250 71.2500 57 2 0 BULLY[2]
71.7500 71.8750 57 2 1 WOOLY[1]
71.8750 72.0000 57 2 0 WOOLY[2]
72.0000 72.1250 57 2 1 BULLY[1]
72.1250 72.2500 55 0 0 BULLY[2]
72.7500 72.8750 53 10 1 WOOLY[1]
72.8750 73.0000 54 11 0 WOOLY[2]
73.0000 73.1250 55 0 1 BULLY[1]
73.1250 73.2500 55 0 0 BULLY[2]
