12.125 12.375 60 11 1 I'VE[1]
12.375 12.500 61 0 1 BEEN[1]
12.500 12.625 60 11 1 WORRIED[1]
12.625 13.000 58 9 0 WORRIED[2]
13.125 13.250 60 11 0 ALL[1]
13.250 13.625 60 11 1 DAY[1]
13.625 14.000 60 11 1 LONG[1]
14.375 14.500 60 11 1 DON'T[1]
14.500 14.625 60 11 1 KNOW[1]
14.625 14.750 60 11 0 IF[1]
14.750 15.000 58 9 1 I'M[1]
15.250 15.375 60 11 1 RIGHT[1]
15.375 15.500 60 11 0 OR[1]
15.500 16.000 60 11 1 WRONG[1]
16.250 16.375 61 0 0 I[1]
16.375 16.500 61 0 1 CAN'T[1]
16.500 16.750 61 0 1 HELP[1]
16.750 17.000 60 11 1 JUST[1]
17.000 17.125 60 11 0 WHAT[1]
17.125 17.250 58 9 0 I[1]
17.250 17.750 61 0 1 SAY[1]
18.000 18.250 60 11 0 'CAUSE[1]
18.250 18.500 63 2 1 YOU'RE[1]
18.500 18.750 63 2 1 LOVE[1]
18.750 19.000 60 11 1 MADE[1]
19.000 19.125 58 9 0 ME[1]
19.125 19.375 57 8 0 THIS[1]
19.375 20.000 56 7 1 WAY[1]
20.250 20.375 60 11 1 WHY[1]
20.375 20.500 60 11 1 OH[1]
20.500 21.000 60 11 1 WHY[1]
21.125 21.250 60 11 1 DO[1]
21.250 21.375 60 11 0 I[1]
21.375 21.500 61 0 1 FEEL[1]
21.500 22.000 60 11 1 BLUE[1]
22.250 22.375 61 0 1 THERE[1]
22.375 22.500 61 0 1 WERE[1]
22.500 22.750 61 0 1 TIMES[1]
22.750 22.812 60 11 0 WHEN[1]
22.812 23.000 60 11 1 I'D[1]
23.000 23.125 60 11 1 LAUGH[1]
23.125 23.250 58 9 0 AT[1]
23.250 23.625 61 0 0 YOU[1]
23.625 23.750 60 11 0 BUT[1]
23.750 23.875 61 0 1 NOW[1]
23.875 24.000 60 11 1 I'M[1]
24.000 24.125 60 11 1 CRYING[1]
24.125 24.500 58 9 0 CRYING[2]
24.625 24.750 61 0 0 NO[1]
24.750 24.875 61 0 1 USE[1]
24.875 25.000 60 11 0 DENYING[1]
25.000 25.125 60 11 1 DENYING[2]
25.125 25.250 58 9 0 DENYING[3]
25.625 25.875 61 0 0 'CAUSE[1]
25.875 26.000 61 0 0 NO[1]
26.000 26.125 60 11 1 OTHER[1]
26.125 26.500 60 11 0 OTHER[2]
26.500 26.750 60 11 1 GAL[1]
26.750 27.000 60 11 0 WILL[1]
27.000 28.000 56 7 1 DO[1]
28.250 28.500 60 11 0 YOU[1]
28.500 28.750 60 11 1 MADE[1]
28.750 29.000 58 9 0 ME[1]
29.000 29.375 56 7 1 LOVE[1]
29.375 29.875 55 6 0 YOU[1]
29.875 30.000 48 11 0 I[1]
30.000 30.125 54 5 1 DIDN'T[1]
30.125 30.250 53 4 0 DIDN'T[2]
30.250 30.375 54 5 1 THINK[1]
30.375 30.500 53 4 1 YOU'D[1]
30.500 30.562 54 5 1 DO[1]
30.562 30.875 51 2 0 IT[1]
30.875 31.000 53 4 0 I[1]
31.000 31.125 54 5 1 DIDN'T[1]
31.125 31.250 53 4 0 DIDN'T[2]
31.250 31.375 54 5 1 THINK[1]
31.375 31.500 53 4 1 YOU'D[1]
31.500 31.562 54 5 1 DO[1]
31.562 32.000 51 2 0 IT[1]
32.250 32.500 63 2 0 YOU[1]
32.500 32.875 63 2 1 MADE[1]
32.875 33.000 60 11 0 ME[1]
33.000 33.500 58 9 1 WANT[1]
33.500 34.000 60 11 0 YOU[1]
34.125 34.375 58 9 0 ALL[1]
34.375 34.500 57 8 0 THE[1]
34.500 34.625 58 9 1 TIME[1]
34.625 34.750 57 8 0 YOU[1]
34.750 34.812 58 9 1 KNEW[1]
34.812 35.000 56 7 0 IT[1]
35.125 35.375 58 9 0 ALL[1]
35.375 35.500 57 8 0 THE[1]
35.500 35.625 58 9 1 TIME[1]
35.625 35.750 57 8 0 YOU[1]
35.750 35.812 58 9 1 KNEW[1]
35.812 36.000 56 7 0 IT[1]
36.312 36.500 56 7 0 YOU[1]
36.500 36.625 58 9 1 MADE[1]
36.625 37.000 59 10 0 ME[1]
37.000 37.125 59 10 1 HAPPY[1]
37.125 37.500 58 9 0 HAPPY[2]
37.500 37.625 56 7 0 SOMETIMES[1]
37.625 38.000 53 4 1 SOMETIMES[2]
38.250 38.375 65 4 0 YOU[1]
38.375 38.750 65 4 1 MADE[1]
38.750 38.875 64 3 0 ME[1]
38.875 40.000 63 2 1 GLAD[1]
40.125 40.500 51 2 0 BUT[1]
40.500 40.625 55 6 1 THERE[1]
40.625 40.875 58 9 1 WERE[1]
40.875 41.250 63 2 1 TIMES[1]
41.250 42.000 63 2 1 DEAR[1]
42.125 42.625 60 11 0 I[1]
42.625 42.750 58 9 1 FELT[1]
42.750 42.875 57 8 0 SO[1]
42.875 43.500 56 7 1 SAD[1]
44.250 44.500 60 11 0 YOU[1]
44.500 44.750 60 11 1 MADE[1]
44.750 45.000 58 9 0 ME[1]
45.000 45.375 56 7 1 CRY[1]
45.375 45.875 55 6 0 FOR[1]
45.875 46.000 53 4 0 I[1]
46.000 46.125 54 5 1 DIDN'T[1]
46.125 46.250 53 4 0 DIDN'T[2]
46.250 46.375 54 5 1 WANNA[1]
46.375 46.500 53 4 0 WANNA[2]
46.500 46.562 54 5 1 TELL[1]
46.562 46.875 51 2 1 YA[1]
46.875 47.000 53 4 0 I[1]
47.000 47.125 54 5 1 DIDN'T[1]
47.125 47.250 53 4 0 DIDN'T[2]
47.250 47.375 54 5 1 WANNA[1]
47.375 47.500 53 4 0 WANNA[2]
47.500 47.562 54 5 1 TELL[1]
47.562 48.000 51 2 1 YA[1]
48.125 48.500 63 2 0 SOME[1]
48.500 48.750 63 2 1 LOVE[1]
48.750 49.000 60 11 0 FROM[1]
49.000 49.625 58 9 0 YOU[1]
49.625 49.875 60 11 1 THAT'S[1]
49.875 50.125 57 8 1 TRUE[1]
50.125 50.250 60 11 0 YOU[1]
50.250 50.375 60 11 1 KNOW[1]
50.375 50.500 58 9 0 I[1]
50.500 50.625 57 8 1 DO[1]
50.625 50.875 60 11 1 'DEED[1]
50.875 51.000 58 9 0 I[1]
51.000 51.125 57 8 1 DO[1]
51.125 51.375 60 11 1 YES[1]
51.375 51.500 58 9 0 I[1]
51.500 51.750 57 8 1 DO[1]
52.000 52.125 58 9 1 GIMMIE[1]
52.125 52.500 46 9 0 GIMMIE[2]
52.500 52.625 58 9 1 GIMMIE[1]
52.625 56.000 46 9 0 GIMMIE[2]
56.250 56.375 65 4 0 YOU[1]
56.375 56.750 63 2 1 KNOW[1]
56.750 57.000 61 0 1 YA[1]
57.000 57.250 58 9 1 MADE[1]
57.250 57.750 60 11 0 ME[1]
57.750 58.000 56 7 1 LOVE[1]
58.000 59.500 61 0 0 YOU[1]
60.250 60.375 60 11 0 YOU[1]
60.375 60.750 60 11 1 MADE[1]
60.750 61.000 58 9 0 ME[1]
61.000 61.375 56 7 1 LOVE[1]
61.375 61.875 55 6 0 YOU[1]
61.875 62.000 53 4 0 I[1]
62.000 62.125 54 5 1 DIDN'T[1]
62.125 62.250 53 4 0 DIDN'T[2]
62.250 62.375 54 5 1 THINK[1]
62.375 62.500 53 4 1 YOU'D[1]
62.500 62.562 54 5 1 DO[1]
62.562 62.875 51 2 0 IT[1]
62.875 63.000 53 4 0 I[1]
63.000 63.125 54 5 1 DIDN'T[1]
63.125 63.250 53 4 0 DIDN'T[2]
63.250 63.375 54 5 1 THINK[1]
63.375 63.500 53 4 1 YOU'D[1]
63.500 63.562 54 5 1 DO[1]
63.562 64.000 51 2 0 IT[1]
64.250 64.500 63 2 0 YOU[1]
64.500 64.875 63 2 1 MADE[1]
64.875 65.000 60 11 0 ME[1]
65.000 65.250 58 9 1 WANT[1]
65.500 66.000 60 11 0 YOU[1]
66.125 66.375 58 9 0 ALL[1]
66.375 66.500 57 8 0 THE[1]
66.500 66.625 58 9 1 TIME[1]
66.625 66.750 57 8 0 YOU[1]
66.750 66.812 58 9 1 KNEW[1]
66.812 67.000 56 7 0 IT[1]
67.125 67.250 58 9 1 YES[1]
67.250 67.375 58 9 0 ALL[1]
67.375 67.500 57 8 0 THE[1]
67.500 67.625 58 9 1 TIME[1]
67.625 67.750 57 8 0 YOU[1]
67.750 67.812 58 9 1 KNEW[1]
67.812 68.000 56 7 0 IT[1]
68.375 68.500 58 9 0 YOU[1]
68.500 68.625 57 8 1 MADE[1]
68.625 69.000 58 9 0 ME[1]
69.000 69.125 59 10 1 HAPPY[1]
69.125 69.500 58 9 0 HAPPY[2]
69.500 69.625 56 7 0 SOMETIMES[1]
69.625 70.000 53 4 1 SOMETIMES[2]
70.250 70.375 65 4 0 YOU[1]
70.375 70.750 65 4 1 MADE[1]
70.750 70.875 64 3 0 ME[1]
70.875 72.000 63 2 1 GLAD[1]
72.125 72.500 63 2 0 BUT[1]
72.500 72.625 63 2 1 THERE[1]
72.625 72.750 63 2 1 WERE[1]
72.750 73.000 63 2 1 TIMES[1]
73.125 73.250 63 2 1 DEARIE[1]
73.250 73.500 63 2 0 DEARIE[2]
74.000 74.500 60 11 0 I[1]
74.500 74.625 58 9 1 FELT[1]
74.625 74.875 57 8 0 SO[1]
74.875 75.500 56 7 1 SAD[1]
76.250 76.500 60 11 0 YOU[1]
76.500 76.750 60 11 1 MADE[1]
76.750 77.000 58 9 0 ME[1]
77.000 77.375 56 7 1 CRY[1]
77.375 77.875 55 6 0 FOR[1]
77.875 78.000 46 9 0 I[1]
78.000 78.125 51 2 1 DIDN'T[1]
78.125 78.250 53 4 0 DIDN'T[2]
78.250 78.375 54 5 1 WANNA[1]
78.375 78.500 58 9 0 WANNA[2]
78.500 78.562 61 0 1 TELL[1]
78.562 78.875 51 2 1 YA[1]
78.875 79.000 46 9 0 I[1]
79.000 79.125 51 2 1 DIDN'T[1]
79.125 79.250 53 4 0 DIDN'T[2]
79.250 79.375 54 5 1 WANNA[1]
79.375 79.500 58 9 0 WANNA[2]
79.500 79.562 61 0 1 TELL[1]
79.562 79.750 51 2 1 YA[1]
80.250 80.500 63 2 0 SOME[1]
80.500 80.750 63 2 1 LOVE[1]
80.750 81.000 60 11 0 FROM[1]
81.000 81.625 58 9 0 YOU[1]
81.625 81.875 60 11 1 THAT'S[1]
81.875 82.125 57 8 1 TRUE[1]
82.125 82.250 60 11 0 YOU[1]
82.250 82.375 60 11 1 KNOW[1]
82.375 82.500 58 9 0 I[1]
82.500 82.625 57 8 1 DO[1]
82.625 82.875 60 11 1 'DEED[1]
82.875 83.000 58 9 0 I[1]
83.000 83.250 57 8 1 DO[1]
83.250 83.375 60 11 1 YES[1]
83.375 83.500 58 9 0 I[1]
83.500 83.750 57 8 1 DO[1]
88.250 88.375 65 4 0 YOU[1]
88.375 88.750 63 2 1 KNOW[1]
88.750 88.875 65 4 1 YA[1]
88.875 89.250 66 5 1 MADE[1]
89.250 89.500 58 9 0 ME[1]
89.750 90.000 65 4 1 LOVE[1]
90.000 90.500 65 4 0 YOU[1]
