4.250 4.500 65 0 1 SEE[1]
4.500 4.667 67 2 0 THE[1]
4.667 4.750 69 4 1 PYRAMIDS[1]
4.750 4.833 67 2 0 PYRAMIDS[2]
4.833 4.917 65 0 0 PYRAMIDS[3]
4.917 5.000 69 4 0 ALONG[1]
5.000 5.375 64 11 1 ALONG[2]
5.375 5.500 64 11 0 THE[1]
5.500 6.000 64 11 1 NILE[1]
6.250 6.500 62 9 1 WATCH[1]
6.500 6.625 64 11 0 THE[1]
6.625 6.750 65 0 1 SUNRISE[1]
6.750 6.875 64 11 2 SUNRISE[2]
6.875 6.938 62 9 0 ON[1]
6.938 7.000 65 0 0 A[1]
7.000 7.083 60 7 1 TROPIC[1]
7.083 7.167 60 7 0 TROPIC[2]
7.167 8.000 60 7 1 ISLE[1]
8.125 8.375 58 5 1 JUST[1]
8.375 8.500 60 7 0 REMEMBER[1]
8.500 8.625 58 5 1 REMEMBER[2]
8.625 8.750 57 4 0 REMEMBER[3]
8.750 8.875 55 2 1 DARLING[1]
8.875 9.000 58 5 0 DARLING[2]
9.000 9.250 57 4 0 ALL[1]
9.250 9.375 60 7 0 THE[1]
9.375 10.000 65 0 0 WHILE[1]
10.125 10.375 69 4 0 YOU[1]
10.375 10.500 67 2 0 BELONG[1]
10.500 10.875 65 0 1 BELONG[2]
10.875 11.000 67 2 0 TO[1]
11.000 12.000 60 7 0 ME[1]
12.125 12.500 65 0 1 SEE[1]
12.500 12.688 67 2 0 THE[1]
12.688 12.812 69 4 1 MARKET[1]
12.812 12.875 67 2 0 MARKET[2]
12.875 13.000 65 0 1 PLACE[1]
13.000 13.062 69 4 0 IN[1]
13.062 13.125 62 9 1 OLD[1]
13.312 13.500 64 11 0 ALGIERS[1]
13.500 14.000 64 11 1 ALGIERS[2]
14.250 14.500 62 9 1 SEND[1]
14.500 14.667 64 11 0 ME[1]
14.667 14.750 65 0 1 PHOTOGRAPHS[1]
14.750 14.833 64 11 0 PHOTOGRAPHS[2]
14.833 15.000 62 9 2 PHOTOGRAPHS[3]
15.000 15.188 65 0 0 AND[1]
15.188 15.375 60 7 2 SOUVENIRS[1]
15.375 15.500 60 7 0 SOUVENIRS[2]
15.500 16.000 60 7 1 SOUVENIRS[3]
16.125 16.375 58 5 1 JUST[1]
16.375 16.500 60 7 0 REMEMBER[1]
16.500 16.625 58 5 1 REMEMBER[2]
16.625 16.875 57 4 0 REMEMBER[3]
16.875 16.938 55 2 0 WHEN[1]
16.938 17.000 58 5 0 A[1]
17.000 17.250 57 4 1 DREAM[1]
17.250 17.375 60 7 0 APPEARS[1]
17.375 18.000 65 0 1 APPEARS[2]
18.125 18.500 67 2 0 YOU[1]
18.500 18.625 65 0 0 BELONG[1]
18.625 18.875 64 11 1 BELONG[2]
18.875 19.000 67 2 0 TO[1]
19.000 20.000 65 0 0 ME[1]
20.125 20.750 65 0 1 I'LL[1]
20.750 20.875 60 7 1 BE[1]
20.875 21.000 59 6 0 SO[1]
21.000 21.125 60 7 0 ALONE[1]
21.125 21.875 67 2 1 ALONE[2]
21.875 22.000 65 0 0 WITHOUT[1]
22.000 22.500 63 10 1 WITHOUT[2]
22.500 24.000 62 9 0 YOU[1]
24.125 24.750 67 2 1 MAYBE[1]
24.750 24.833 62 9 0 MAYBE[2]
24.833 24.917 61 8 1 YOU'LL[1]
24.917 25.125 62 9 1 BE[1]
25.125 25.875 69 4 1 LONESOME[1]
25.875 26.000 67 2 0 LONESOME[2]
26.000 26.750 64 11 1 TOO[1]
26.750 27.000 67 2 0 AND[1]
27.000 28.000 62 9 1 BLUE[1]
28.125 28.500 65 0 1 FLY[1]
28.500 28.625 67 2 0 THE[1]
28.625 28.812 69 4 1 OCEAN[1]
28.812 28.875 67 2 0 OCEAN[2]
28.875 28.938 65 0 0 IN[1]
28.938 29.000 69 4 0 A[1]
29.000 29.250 64 11 1 SILVER[1]
29.250 29.375 64 11 0 SILVER[2]
29.375 30.000 64 11 1 PLANE[1]
30.250 30.500 62 9 1 SEE[1]
30.500 30.625 64 11 0 THE[1]
30.625 30.812 65 0 1 JUNGLE[1]
30.812 30.875 64 11 0 JUNGLE[2]
30.875 30.938 62 9 0 WHEN[1]
30.938 31.125 65 0 1 IT'S[1]
31.125 31.250 60 7 1 WET[1]
31.250 31.375 60 7 0 WITH[1]
31.375 32.000 60 7 1 RAIN[1]
32.250 32.375 58 5 1 JUST[1]
32.375 32.625 60 7 0 REMEMBER[1]
32.625 32.750 58 5 1 REMEMBER[2]
32.750 32.833 57 4 0 REMEMBER[3]
32.833 32.917 55 2 1 'TIL[1]
32.917 33.000 58 5 1 YOU'RE[1]
33.000 33.312 57 4 1 HOME[1]
33.312 33.375 60 7 0 AGAIN[1]
33.375 34.125 65 0 1 AGAIN[2]
34.125 34.500 69 4 0 YOU[1]
34.500 34.625 67 2 0 BELONG[1]
34.625 34.875 65 0 1 BELONG[2]
34.875 35.000 67 2 0 TO[1]
35.000 36.000 65 0 0 ME[1]
36.125 36.625 65 0 1 I'LL[1]
36.625 36.750 67 2 1 BE[1]
36.875 37.000 67 2 0 SO[1]
37.062 37.125 67 2 0 ALONE[1]
37.250 37.625 67 2 1 ALONE[2]
37.625 37.750 65 0 0 AND[1]
37.750 37.875 60 7 0 WITHOUT[1]
37.875 38.500 63 10 1 WITHOUT[2]
38.500 40.000 62 9 0 YOU[1]
40.125 40.625 67 2 1 MAYBE[1]
40.625 40.750 62 9 0 MAYBE[2]
40.750 40.875 61 8 1 YOU'LL[1]
40.875 41.125 62 9 1 BE[1]
41.125 41.625 69 4 1 LONESOME[1]
41.625 41.750 65 0 0 LONESOME[2]
41.875 42.000 69 4 1 TOO[1]
42.750 42.875 67 2 0 AND[1]
42.875 44.000 68 3 1 BLUE[1]
44.125 44.500 69 4 1 FLY[1]
44.500 44.625 65 0 0 THE[1]
44.625 44.750 69 4 1 OCEAN[1]
44.750 44.833 65 0 0 OCEAN[2]
44.833 44.917 69 4 0 IN[1]
44.917 45.000 65 0 0 A[1]
45.000 45.250 69 4 1 SILVER[1]
45.250 45.375 64 11 0 SILVER[2]
45.375 46.000 64 11 1 PLANE[1]
46.125 46.375 62 9 1 SEE[1]
46.375 46.500 64 11 0 THE[1]
46.500 46.625 65 0 1 JUNGLE[1]
46.625 46.875 64 11 0 JUNGLE[2]
46.875 46.938 62 9 0 WHEN[1]
46.938 47.000 65 0 1 IT'S[1]
47.000 47.375 60 7 1 WET[1]
47.375 47.500 67 2 0 WITH[1]
47.500 47.833 66 1 1 RAIN[1]
47.833 47.917 66 1 0 BUT[1]
47.917 48.000 62 9 0 REMEMBER[1]
48.000 48.125 65 0 1 REMEMBER[2]
48.125 48.500 62 9 0 REMEMBER[3]
48.500 48.562 55 2 1 DARLING[1]
48.625 48.750 60 7 0 DARLING[2]
48.750 48.833 62 9 1 'TIL[1]
48.833 48.917 65 0 1 YOU'RE[1]
48.917 49.312 69 4 1 HOME[1]
49.312 49.375 69 4 0 AGAIN[1]
49.438 49.500 72 7 1 AGAIN[2]
49.938 50.000 68 3 0 YOU[1]
50.833 50.917 67 2 0 BELONG[1]
51.000 51.125 65 0 1 BELONG[2]
51.625 51.750 69 4 0 TO[1]
51.875 55.000 65 0 0 ME[1]
