4.0000 4.5000 59 7 0 YOU[1]
4.5000 5.0000 56 4 0 YOU[1]
5.0000 5.5000 52 0 0 YOU[1]
5.5000 5.6250 49 9 1 I'M[1]
5.6250 5.7500 52 0 0 IN[1]
5.7500 5.8750 57 5 1 LOVE[1]
5.8750 6.0000 61 9 0 WITH[1]
6.0000 6.5000 59 7 0 YOU[1]
6.5000 7.0000 56 4 0 YOU[1]
7.0000 7.5000 52 0 0 YOU[1]
7.5000 7.6250 47 7 0 I[1]
7.6250 7.7500 52 0 0 COULD[1]
7.7500 7.8750 56 4 1 BE[1]
7.8750 8.0000 57 5 0 SO[1]
8.0000 8.5000 56 4 1 TRUE[1]
8.5000 9.0000 54 2 1 TRUE[1]
9.0000 9.5000 51 11 1 TRUE[1]
9.5000 9.6250 47 7 0 TO[1]
9.6250 9.7500 51 11 1 SOMEONE[1]
9.7500 9.8750 54 2 2 SOMEONE[2]
9.8750 10.0000 56 4 0 LIKE[1]
10.0000 10.5000 52 0 0 YOU[1]
10.5000 11.0000 49 9 0 YOU[1]
11.0000 11.5000 52 0 0 YOU[1]
12.0000 12.5000 59 7 1 DO[1]
12.5000 13.0000 56 4 1 DO[1]
13.0000 13.5000 52 0 1 DO[1]
13.5000 13.6250 49 9 0 WHAT[1]
13.6250 13.7500 52 0 0 YOU[1]
13.7500 13.8750 57 5 0 OUGHT[1]
13.8750 14.0000 61 9 0 TO[1]
14.0000 14.5000 59 7 1 DO[1]
14.5000 15.0000 56 4 1 DO[1]
15.0000 15.5000 52 0 1 DO[1]
15.5000 15.6250 47 7 1 TAKE[1]
15.6250 15.7500 52 0 0 ME[1]
15.7500 15.8750 56 4 0 IN[1]
15.8750 16.0000 57 5 0 YOUR[1]
16.0000 16.5000 56 4 1 ARMS[1]
16.5000 17.0000 54 2 1 PLEASE[1]
17.0000 17.5000 51 11 1 DO[1]
17.5000 17.6250 47 7 1 LET[1]
17.6250 17.7500 51 11 0 ME[1]
17.7500 17.8750 54 2 1 CLING[1]
17.8750 18.0000 56 4 0 TO[1]
18.0000 18.5000 52 0 0 YOU[1]
18.5000 19.0000 49 9 0 YOU[1]
19.0000 19.5000 52 0 0 YOU[1]
20.0000 20.2500 54 2 0 WE[1]
20.2500 20.5000 54 2 1 WERE[1]
20.5000 20.7500 54 2 1 MEANT[1]
20.7500 20.8750 52 0 0 FOR[1]
20.8750 21.0000 54 2 0 EACH[1]
21.0000 21.1250 56 4 1 OTHER[1]
21.1250 21.5000 56 4 0 OTHER[2]
22.0000 22.2500 54 2 1 SURE[1]
22.2500 22.5000 54 2 0 AS[1]
22.5000 22.6250 54 2 1 HEAVENS[1]
22.6250 22.8750 52 0 0 HEAVENS[2]
22.8750 23.0000 54 2 0 ABOVE[1]
23.0000 23.5000 56 4 1 ABOVE[2]
24.0000 24.2500 58 6 0 WE[1]
24.2500 24.5000 58 6 1 WERE[1]
24.5000 24.7500 58 6 1 MEANT[1]
24.7500 24.8750 56 4 0 FOR[1]
24.8750 25.0000 58 6 0 EACH[1]
25.0000 25.1250 59 7 1 OTHER[1]
25.1250 25.5000 59 7 0 OTHER[2]
25.8750 26.0000 59 7 0 TO[1]
26.0000 26.3750 61 9 1 HAVE[1]
26.3750 26.5000 61 9 0 TO[1]
26.5000 26.7500 61 9 1 HOLD[1]
26.7500 26.8750 59 7 0 AND[1]
26.8750 27.0000 61 9 0 TO[1]
27.0000 27.5000 63 11 1 LOVE[1]
28.0000 28.5000 59 7 0 YOU[1]
28.5000 29.0000 56 4 0 YOU[1]
29.0000 29.5000 52 0 0 YOU[1]
29.5000 29.6250 49 9 1 THERE'S[1]
29.6250 29.7500 52 0 0 NO[1]
29.7500 29.8750 57 5 0 ONE[1]
29.8750 30.0000 61 9 0 LIKE[1]
30.0000 30.5000 59 7 0 YOU[1]
30.5000 31.0000 56 4 0 YOU[1]
31.0000 31.5000 52 0 0 YOU[1]
31.5000 31.6250 47 7 0 YOU[1]
31.6250 31.7500 52 0 0 COULD[1]
31.7500 31.8750 56 4 1 MAKE[1]
31.8750 32.0000 57 5 0 MY[1]
32.0000 32.5000 56 4 1 DREAMS[1]
32.5000 33.0000 54 2 1 COME[1]
33.0000 33.5000 51 11 1 TRUE[1]
33.5000 33.6250 47 7 0 IF[1]
33.6250 33.7500 51 11 0 YOU[1]
33.7500 33.8750 54 2 1 SAY[1]
33.8750 34.0000 56 4 0 YOU[1]
34.0000 34.5000 52 0 1 LOVE[1]
34.5000 35.0000 49 9 0 ME[1]
35.0000 35.5000 52 0 1 TOO[1]
52.2500 52.3750 54 2 0 WE[1]
52.3750 52.5000 47 7 1 WERE[1]
52.5000 52.8750 54 2 1 MEANT[1]
52.8750 52.9375 52 0 0 FOR[1]
52.9375 53.0000 54 2 0 EACH[1]
53.0000 53.1250 56 4 1 OTHER[1]
53.1250 53.5000 56 4 0 OTHER[2]
54.2500 54.3750 54 2 1 SURE[1]
54.3750 54.5000 54 2 0 AS[1]
54.5000 54.5625 54 2 1 HEAVENS[1]
54.5625 54.8750 52 0 0 HEAVENS[2]
54.8750 55.0000 54 2 0 ABOVE[1]
55.0000 55.5000 56 4 1 ABOVE[2]
56.1250 56.2500 58 6 0 WE[1]
56.2500 56.3750 58 6 1 WERE[1]
56.3750 56.8750 58 6 1 MEANT[1]
56.8750 56.9375 56 4 0 FOR[1]
56.9375 57.0000 58 6 0 EACH[1]
57.0000 57.1250 59 7 1 OTHER[1]
57.1250 57.5000 59 7 0 OTHER[2]
57.8750 58.0000 59 7 0 TO[1]
58.0000 58.3750 61 9 1 HAVE[1]
58.3750 58.5000 61 9 0 TO[1]
58.5000 58.7500 61 9 1 HOLD[1]
58.7500 58.8750 59 7 0 AND[1]
58.8750 59.0000 61 9 0 TO[1]
59.0000 59.7500 63 11 1 LOVE[1]
60.0000 60.5000 59 7 0 YOU[1]
60.5000 61.0000 56 4 0 YOU[1]
61.0000 61.5000 52 0 0 YOU[1]
61.5000 61.6250 49 9 1 THERE'S[1]
61.6250 61.7500 52 0 0 NO[1]
61.7500 61.8750 57 5 0 ONE[1]
61.8750 62.0000 61 9 0 LIKE[1]
62.0000 62.5000 59 7 0 YOU[1]
62.5000 63.0000 56 4 0 YOU[1]
63.0000 63.5000 52 0 0 YOU[1]
63.5000 63.6250 47 7 0 YOU[1]
63.6250 63.7500 52 0 0 COULD[1]
63.7500 63.8750 56 4 1 MAKE[1]
63.8750 64.0000 57 5 0 MY[1]
64.0000 64.5000 56 4 1 DREAMS[1]
64.5000 65.0000 54 2 1 COME[1]
65.0000 65.5000 51 11 1 TRUE[1]
65.5000 65.6250 47 7 0 IF[1]
65.6250 65.7500 51 11 0 YOU[1]
65.7500 65.8750 54 2 1 SAY[1]
65.8750 66.0000 56 4 0 YOU[1]
66.0000 66.5000 52 0 1 LOVE[1]
66.5000 67.0000 49 9 0 ME[1]
67.0000 68.0000 52 0 1 TOO[1]
