7.500 7.875 60 4 1 THERE'S[1]
7.875 8.000 58 2 0 A[1]
8.000 8.125 56 0 1 FEELING[1]
8.125 8.250 53 9 0 FEELING[2]
8.250 8.375 56 0 1 COMES[1]
8.375 8.500 53 9 0 A[1]
8.500 8.625 55 11 1 STEALING[1]
8.625 8.750 61 5 0 STEALING[2]
8.750 8.875 60 4 0 AND[1]
8.875 9.000 58 2 0 IT[1]
9.000 9.125 56 0 1 SETS[1]
9.125 9.250 53 9 0 MY[1]
9.250 9.375 56 0 1 BRAIN[1]
9.375 9.500 53 9 0 A[1]
9.500 9.625 55 11 1 REELING[1]
9.625 9.750 61 5 0 REELING[2]
9.750 9.875 60 4 0 WHEN[1]
9.875 10.000 58 2 1 I'M[1]
10.000 10.125 56 0 1 LISTENING(1)[1]
10.125 10.250 53 9 0 LISTENING(1)[2]
10.250 10.375 56 0 0 TO[1]
10.375 10.500 53 9 0 THE[1]
10.500 10.625 56 0 1 MUSIC[1]
10.625 10.750 53 9 0 MUSIC[2]
10.750 10.875 56 0 0 OF[1]
10.875 11.000 57 1 0 A[1]
11.000 11.125 58 2 1 MILITARY[1]
11.125 11.250 53 9 0 MILITARY[2]
11.250 11.375 55 11 2 MILITARY[3]
11.375 11.500 56 0 0 MILITARY[4]
11.500 11.750 58 2 1 BAND[1]
11.750 11.875 60 4 1 ANY[1]
11.875 12.000 58 2 0 ANY[2]
12.000 12.125 56 0 1 TUNE[1]
12.125 12.250 53 9 0 LIKE[1]
12.250 12.375 56 0 1 YANKEE[1]
12.375 12.500 53 9 0 YANKEE[2]
12.500 12.625 55 11 1 DOODLE[1]
12.625 12.750 61 5 0 DOODLE[2]
12.750 12.875 60 4 1 SIMPLY[1]
12.875 13.000 58 2 0 SIMPLY[2]
13.000 13.125 56 0 1 SETS[1]
13.125 13.250 53 9 0 ME[1]
13.250 13.375 56 0 0 OFF[1]
13.375 13.500 53 9 0 MY[1]
13.500 13.625 55 11 1 NOODLE[1]
13.625 13.750 61 5 0 NOODLE[2]
13.750 13.875 60 4 1 IT'S[1]
13.875 14.000 58 2 0 THAT[1]
14.000 14.125 57 1 2 PATRIOTIC[1]
14.125 14.250 53 9 0 PATRIOTIC[2]
14.250 14.375 58 2 1 PATRIOTIC[3]
14.375 14.500 53 9 0 PATRIOTIC[4]
14.500 14.625 60 4 1 SOMETHING[1]
14.625 14.750 57 1 0 SOMETHING[2]
14.750 14.875 61 5 0 THAT[1]
14.875 15.000 58 2 0 NO[1]
15.000 15.125 53 9 0 ONE[1]
15.125 15.250 56 0 0 CAN[1]
15.250 15.375 58 2 2 UNDERSTAND[1]
15.375 15.500 58 2 0 UNDERSTAND[2]
15.500 15.750 56 0 1 UNDERSTAND[3]
16.000 16.125 56 0 1 WAY[1]
16.125 16.250 56 0 0 DOWN[1]
16.250 16.375 56 0 1 SOUTH[1]
16.375 16.438 60 4 0 IN[1]
16.438 16.500 61 5 0 THE[1]
16.500 16.625 63 7 1 LAND[1]
16.625 16.750 63 7 0 OF[1]
16.750 16.875 63 7 1 COTTON[1]
16.875 17.000 60 4 0 COTTON[2]
17.000 17.625 53 9 1 MELODY[1]
17.625 17.750 60 4 0 MELODY[2]
17.750 17.875 61 5 0 MELODY[3]
17.875 18.000 60 4 2 UNTIRING[1]
18.000 18.250 60 4 1 UNTIRING[2]
18.250 18.500 58 2 0 UNTIRING[3]
18.625 18.750 58 2 1 AIN'T[1]
18.750 18.875 60 4 0 THAT[1]
18.875 19.000 58 2 2 INSPIRING[1]
19.000 19.250 58 2 1 INSPIRING[2]
19.250 19.500 56 0 0 INSPIRING[3]
19.875 20.000 60 4 0 HURRAH[1]
20.000 20.375 63 7 1 HURRAH[2]
20.375 20.500 60 4 0 HURRAH[1]
20.500 20.875 63 7 1 HURRAH[2]
20.875 21.000 60 4 1 WE'LL[1]
21.000 21.188 56 0 1 JOIN[1]
21.188 21.250 58 2 0 THE[1]
21.250 21.375 56 0 1 JUBILEE[1]
21.375 21.500 53 9 0 JUBILEE[2]
21.500 21.750 56 0 2 JUBILEE[3]
21.875 22.000 53 9 0 AND[1]
22.000 22.125 55 11 1 THAT'S[1]
22.125 22.375 63 7 1 GOING[1]
22.375 22.500 58 2 0 GOING[2]
22.500 22.750 63 7 0 SOME[1]
22.750 22.938 61 5 0 FOR[1]
22.938 23.000 58 2 0 THE[1]
23.000 23.125 56 0 1 YANKEES[1]
23.125 23.375 63 7 0 YANKEES[2]
23.375 23.500 60 4 0 BY[1]
23.500 23.750 63 7 1 GUM[1]
24.000 24.125 65 9 1 RED[1]
24.125 24.375 64 8 1 WHITE[1]
24.375 24.500 65 9 0 AND[1]
24.500 24.750 60 4 1 BLUE[1]
25.000 25.125 65 9 0 I[1]
25.125 25.375 64 8 1 AM[1]
25.375 25.500 65 9 0 FOR[1]
25.500 25.750 58 2 0 YOU[1]
26.000 26.125 60 4 1 HONEST[1]
26.125 26.250 58 2 0 HONEST[2]
26.250 26.375 56 0 1 YOU'RE[1]
26.375 26.500 53 9 0 A[1]
26.500 26.750 60 4 1 GRAND[1]
26.750 27.000 59 3 1 OLD[1]
27.000 27.500 58 2 1 FLAG[1]
27.750 27.875 63 7 1 YOU'RE[1]
27.875 28.000 60 4 0 A[1]
28.000 28.250 56 0 1 GRAND[1]
28.250 28.500 56 0 1 OLD[1]
28.500 28.750 56 0 1 FLAG[1]
28.750 28.875 53 9 1 YOU'RE[1]
28.875 29.000 51 7 0 A[1]
29.000 29.125 56 0 1 HIGH[1]
29.125 29.375 58 2 1 FLYING[1]
29.375 29.500 55 11 0 FLYING[2]
29.500 29.750 56 0 1 FLAG[1]
29.750 29.938 53 9 0 AND[1]
29.938 30.000 51 7 0 FOREVER[1]
30.000 30.250 56 0 1 FOREVER[2]
30.250 30.375 53 9 0 FOREVER[3]
30.375 30.500 51 7 0 IN[1]
30.500 30.750 56 0 1 PEACE[1]
30.750 30.875 53 9 0 MAY[1]
30.875 31.000 51 7 0 YOU[1]
31.000 31.500 55 11 1 WAVE[1]
31.750 31.875 51 7 1 YOU'RE[1]
31.875 32.000 53 9 0 THE[1]
32.000 32.250 55 11 1 EMBLEM[1]
32.250 32.500 56 0 0 EMBLEM[2]
32.500 32.875 58 2 0 OF[1]
32.875 33.000 55 11 0 THE[1]
33.000 33.250 56 0 1 LAND[1]
33.250 33.500 58 2 0 I[1]
33.500 33.875 60 4 1 LOVE[1]
33.875 34.000 56 0 0 THE[1]
34.000 34.125 58 2 1 HOME[1]
34.125 34.375 60 4 0 OF[1]
34.375 34.500 56 0 0 THE[1]
34.500 34.625 58 2 1 FREE[1]
34.625 34.875 60 4 0 AND[1]
34.875 35.000 56 0 0 THE[1]
35.000 35.500 58 2 1 BRAVE[1]
35.750 35.875 63 7 1 EVERY(1)[1]
35.875 36.000 60 4 0 EVERY(1)[2]
36.000 36.250 56 0 1 HEART[1]
36.250 36.500 56 0 1 BEATS[1]
36.500 36.750 56 0 1 TRUE[1]
36.750 36.875 53 9 1 UNDER[1]
36.875 37.000 51 7 0 UNDER[2]
37.000 37.125 56 0 1 RED[1]
37.125 37.375 58 2 1 WHITE[1]
37.375 37.500 55 11 0 AND[1]
37.500 37.750 56 0 1 BLUE[1]
37.750 37.875 55 11 0 WHERE[1]
37.875 38.000 54 10 1 THERE'S[1]
38.000 38.125 53 9 1 NEVER[1]
38.125 38.375 57 1 0 NEVER[2]
38.375 38.500 60 4 0 A[1]
38.500 38.750 53 9 1 BOAST[1]
38.750 39.000 60 4 0 OR[1]
39.000 39.500 58 2 1 BRAG[1]
39.750 39.875 52 8 0 BUT[1]
39.875 40.000 51 7 0 SHOULD[1]
40.000 40.375 56 0 1 OLD[1]
40.375 40.500 55 11 0 ACQUAINTANCE[1]
40.500 40.750 56 0 1 ACQUAINTANCE[2]
40.750 41.000 60 4 0 ACQUAINTANCE[3]
41.000 41.375 58 2 1 BE[1]
41.375 41.500 57 1 0 FORGOT[1]
41.500 41.750 58 2 1 FORGOT[2]
41.750 41.875 60 4 1 KEEP[1]
41.875 42.000 58 2 0 YOUR[1]
42.000 42.125 53 9 1 EYE[1]
42.125 42.375 56 0 0 ON[1]
42.375 42.500 53 9 0 THE[1]
42.500 42.750 56 0 1 GRAND[1]
42.750 43.000 58 2 1 OLD[1]
43.000 43.500 56 0 1 FLAG[1]
50.750 50.875 60 4 1 I'M[1]
50.875 51.000 58 2 0 A[1]
51.000 51.125 56 0 1 CRANKY[1]
51.125 51.250 53 9 0 CRANKY[2]
51.250 51.375 56 0 1 HANKY[1]
51.375 51.500 53 9 0 HANKY[2]
51.500 51.625 55 11 1 PANKY[1]
51.625 51.750 61 5 0 PANKY[2]
51.750 51.875 60 4 1 I'M[1]
51.875 52.000 58 2 0 A[1]
52.000 52.125 56 0 1 DEAD[1]
52.125 52.250 53 9 1 SQUARE[1]
52.250 52.375 56 0 1 HONEST[1]
52.375 52.500 53 9 0 HONEST[2]
52.500 52.625 55 11 1 YANKEE[1]
52.625 52.750 61 5 0 YANKEE[2]
52.750 52.875 60 4 0 AND[1]
52.875 53.000 58 2 1 I'M[1]
53.000 53.125 56 0 1 MIGHTY[1]
53.125 53.250 53 9 0 MIGHTY[2]
53.250 53.375 56 0 1 PROUD[1]
53.375 53.500 53 9 0 OF[1]
53.500 53.562 56 0 0 THAT[1]
53.562 53.750 53 9 1 OLD[1]
53.750 53.875 56 0 1 FLAG[1]
53.875 54.000 57 1 0 THAT[1]
54.000 54.188 58 2 1 FLIES[1]
54.188 54.250 53 9 0 FOR[1]
54.250 54.375 55 11 1 UNCLE[1]
54.375 54.500 56 0 0 UNCLE[2]
54.500 54.750 58 2 1 SAM[1]
54.750 54.875 60 4 0 THOUGH[1]
54.875 55.000 58 2 0 I[1]
55.000 55.125 56 0 1 DON'T[1]
55.125 55.250 53 9 0 BELIEVE[1]
55.250 55.375 56 0 1 BELIEVE[2]
55.375 55.500 53 9 0 IN[1]
55.500 55.625 55 11 1 RAVING[1]
55.625 55.750 61 5 0 RAVING[2]
55.750 55.875 60 4 1 EVERY(1)[1]
55.875 56.000 58 2 0 EVERY(1)[2]
56.000 56.125 56 0 1 TIME[1]
56.125 56.250 53 9 0 I[1]
56.250 56.375 56 0 1 SEE[1]
56.375 56.500 53 9 0 IT[1]
56.500 56.625 55 11 1 WAVING[1]
56.625 56.750 61 5 0 WAVING[2]
56.750 56.875 60 4 1 THERE'S[1]
56.875 57.000 58 2 0 A[1]
57.000 57.125 57 1 1 CHILL[1]
57.125 57.250 53 9 1 RUNS[1]
57.250 57.375 58 2 0 UP[1]
57.375 57.500 53 9 0 MY[1]
57.500 57.625 60 4 1 BACK[1]
57.625 57.750 57 1 0 THAT[1]
57.750 57.875 61 5 1 MAKES[1]
57.875 58.000 58 2 0 ME[1]
58.000 58.125 53 9 1 GLAD[1]
58.125 58.250 56 0 1 I'M[1]
58.250 58.375 58 2 0 WHAT[1]
58.375 58.500 58 2 0 I[1]
58.500 58.750 56 0 1 AM[1]
59.000 59.125 56 0 1 HERE'S[1]
59.125 59.250 56 0 0 A[1]
59.250 59.375 56 0 1 LAND[1]
59.375 59.438 60 4 0 WITH[1]
59.438 59.500 61 5 0 A[1]
59.500 59.625 63 7 1 MILLION[1]
59.625 59.750 63 7 0 MILLION[2]
59.750 59.875 63 7 1 SOLDIERS[1]
59.875 60.000 60 4 0 SOLDIERS[2]
60.000 60.625 53 9 1 THAT'S[1]
60.625 60.750 60 4 0 IF[1]
60.750 60.875 61 5 0 WE[1]
60.875 61.000 60 4 0 SHOULD[1]
61.000 61.250 60 4 1 NEED[1]
61.250 61.500 58 2 0 'EM[1]
61.625 61.750 58 2 1 WE'LL[1]
61.750 61.875 60 4 1 FIGHT[1]
61.875 62.000 58 2 0 FOR[1]
62.000 62.250 58 2 1 FREEDOM[1]
62.250 62.750 56 0 0 FREEDOM[2]
62.875 63.000 60 4 0 HURRAH[1]
63.000 63.375 63 7 1 HURRAH[2]
63.375 63.500 60 4 0 HURRAH[1]
63.500 63.875 63 7 1 HURRAH[2]
63.875 64.000 60 4 0 FOR[1]
64.000 64.188 56 0 1 EVERY(1)[1]
64.188 64.250 58 2 0 EVERY(1)[2]
64.250 64.375 56 0 1 YANKEE[1]
64.375 64.500 53 9 0 YANKEE[2]
64.500 64.750 56 0 1 TAR[1]
64.875 65.000 53 9 0 AND[1]
65.000 65.125 55 11 1 OLD[1]
65.125 65.375 63 7 1 G[1]
65.375 65.500 58 2 0 A[1]
65.500 65.750 63 7 1 R[1]
65.750 65.875 61 5 1 EVERY(1)[1]
65.875 66.000 58 2 0 EVERY(1)[2]
66.000 66.125 56 0 1 STRIPE[1]
66.125 66.375 63 7 1 EVERY(1)[1]
66.375 66.500 60 4 0 EVERY(1)[2]
66.500 66.750 63 7 1 STAR[1]
67.000 67.125 65 9 1 RED[1]
67.125 67.375 64 8 1 WHITE[1]
67.375 67.500 65 9 0 AND[1]
67.500 67.750 60 4 1 BLUE[1]
68.000 68.125 65 9 1 HATS[1]
68.125 68.375 64 8 0 OFF[1]
68.375 68.500 65 9 0 TO[1]
68.500 68.750 70 2 0 YOU[1]
69.000 69.125 72 4 1 HONEST[1]
69.125 69.250 70 2 0 HONEST[2]
69.250 69.375 68 0 1 YOU'RE[1]
69.375 69.500 65 9 0 A[1]
69.500 69.750 60 4 1 GRAND[1]
69.750 70.000 59 3 1 OLD[1]
70.000 70.500 58 2 1 FLAG[1]
70.750 70.875 63 7 1 YOU'RE[1]
70.875 71.000 60 4 0 A[1]
71.000 71.250 56 0 1 GRAND[1]
71.250 71.500 56 0 1 OLD[1]
71.500 71.750 56 0 1 FLAG[1]
71.750 71.875 53 9 1 YOU'RE[1]
71.875 72.000 51 7 0 A[1]
72.000 72.125 56 0 1 HIGH[1]
72.125 72.375 58 2 1 FLYING[1]
72.375 72.500 55 11 0 FLYING[2]
72.500 72.750 56 0 1 FLAG[1]
72.750 72.875 53 9 0 AND[1]
72.875 73.000 51 7 0 FOREVER[1]
73.000 73.250 56 0 1 FOREVER[2]
73.250 73.375 53 9 0 FOREVER[3]
73.375 73.500 51 7 0 IN[1]
73.500 73.750 56 0 1 PEACE[1]
73.750 73.875 53 9 0 MAY[1]
73.875 74.000 51 7 0 YOU[1]
74.000 74.500 55 11 1 WAVE[1]
74.750 74.875 51 7 1 YOU'RE[1]
74.875 75.000 53 9 0 THE[1]
75.000 75.250 55 11 1 EMBLEM[1]
75.250 75.500 56 0 0 EMBLEM[2]
75.500 75.875 58 2 0 OF[1]
75.875 76.000 55 11 0 THE[1]
76.000 76.250 56 0 1 LAND[1]
76.250 76.500 58 2 0 I[1]
76.500 76.875 60 4 1 LOVE[1]
76.875 77.000 56 0 0 THE[1]
77.000 77.125 58 2 1 HOME[1]
77.125 77.375 60 4 0 OF[1]
77.375 77.500 56 0 0 THE[1]
77.500 77.625 58 2 1 FREE[1]
77.625 77.875 60 4 0 AND[1]
77.875 78.000 56 0 0 THE[1]
78.000 78.500 58 2 1 BRAVE[1]
78.750 78.875 63 7 1 EVERY(1)[1]
78.875 79.000 60 4 0 EVERY(1)[2]
79.000 79.250 56 0 1 HEART[1]
79.250 79.500 56 0 1 BEATS[1]
79.500 79.750 56 0 1 TRUE[1]
79.750 79.875 53 9 1 UNDER[1]
79.875 80.000 51 7 0 UNDER[2]
80.000 80.125 56 0 1 RED[1]
80.125 80.375 58 2 1 WHITE[1]
80.375 80.500 55 11 0 AND[1]
80.500 80.750 56 0 1 BLUE[1]
80.750 80.875 55 11 0 WHERE[1]
80.875 81.000 54 10 1 THERE'S[1]
81.000 81.125 53 9 1 NEVER[1]
81.125 81.375 57 1 0 NEVER[2]
81.375 81.500 60 4 0 A[1]
81.500 81.750 53 9 1 BOAST[1]
81.750 82.000 60 4 0 OR[1]
82.000 82.500 58 2 1 BRAG[1]
82.750 82.875 52 8 0 BUT[1]
82.875 83.000 51 7 0 SHOULD[1]
83.000 83.375 56 0 1 OLD[1]
83.375 83.500 55 11 0 ACQUAINTANCE[1]
83.500 83.750 56 0 1 ACQUAINTANCE[2]
83.750 84.000 60 4 0 ACQUAINTANCE[3]
84.000 84.375 58 2 1 BE[1]
84.375 84.500 57 1 0 FORGOT[1]
84.500 84.750 58 2 1 FORGOT[2]
84.750 84.875 60 4 1 KEEP[1]
84.875 85.000 58 2 0 YOUR[1]
85.000 85.125 60 4 1 EYE[1]
85.125 85.375 56 0 0 ON[1]
85.375 85.500 53 9 0 THE[1]
85.500 85.750 56 0 1 GRAND[1]
85.750 86.000 58 2 1 OLD[1]
86.000 91.000 56 0 1 FLAG[1]
